0 0.180288 0.326923 0.076923 0.076923
4 0.764423 0.372596 0.076923 0.076923
2 0.103365 0.394231 0.076923 0.076923
2 0.466346 0.423077 0.076923 0.076923
3 0.538462 0.427885 0.076923 0.076923
1 0.685096 0.439904 0.076923 0.076923
2 0.757212 0.444712 0.076923 0.076923
1 0.831731 0.451923 0.076923 0.076923
1 0.096154 0.466346 0.076923 0.076923
2 0.170673 0.473558 0.076923 0.076923
1 0.242788 0.478365 0.076923 0.076923
2 0.461538 0.495192 0.076923 0.076923
3 0.605769 0.507212 0.076923 0.076923
2 0.752404 0.519231 0.076923 0.076923
1 0.163462 0.545673 0.076923 0.076923
1 0.377404 0.634615 0.076923 0.076923
1 0.449519 0.641827 0.076923 0.076923
4 0.521635 0.646635 0.076923 0.076923
1 0.668269 0.658654 0.076923 0.076923
1 0.740385 0.663462 0.076923 0.076923
