1 0.094952 0.568510 0.093750 0.093750
0 0.155048 0.534856 0.093750 0.093750
1 0.215144 0.498798 0.093750 0.093750
4 0.275240 0.465144 0.093750 0.093750
0 0.397837 0.395433 0.093750 0.093750
2 0.578125 0.289663 0.093750 0.093750
4 0.700721 0.219952 0.093750 0.093750
0 0.760817 0.186298 0.093750 0.093750
0 0.251202 0.561298 0.093750 0.093750
1 0.371394 0.491587 0.093750 0.093750
1 0.614183 0.349760 0.093750 0.093750
1 0.164663 0.691106 0.093750 0.093750
1 0.224760 0.655048 0.093750 0.093750
4 0.284856 0.621394 0.093750 0.093750
4 0.650240 0.412260 0.093750 0.093750
4 0.830529 0.306490 0.093750 0.093750
1 0.198317 0.751202 0.093750 0.093750
4 0.320913 0.681490 0.093750 0.093750
2 0.501202 0.575721 0.093750 0.093750
1 0.563702 0.542067 0.093750 0.093750
0 0.743990 0.436298 0.093750 0.093750
4 0.866587 0.366587 0.093750 0.093750
4 0.234375 0.811298 0.093750 0.093750
1 0.294471 0.777644 0.093750 0.093750
4 0.414663 0.707933 0.093750 0.093750
4 0.657452 0.568510 0.093750 0.093750
1 0.780048 0.498798 0.093750 0.093750
