1 0.193510 0.530048 0.074519 0.074519
4 0.409856 0.438702 0.074519 0.074519
2 0.465144 0.417067 0.074519 0.074519
2 0.681490 0.325721 0.074519 0.074519
1 0.106971 0.631010 0.074519 0.074519
1 0.162260 0.606971 0.074519 0.074519
1 0.270433 0.561298 0.074519 0.074519
1 0.433894 0.493990 0.074519 0.074519
4 0.703125 0.381010 0.074519 0.074519
4 0.758413 0.356971 0.074519 0.074519
4 0.811298 0.335337 0.074519 0.074519
3 0.866587 0.311298 0.074519 0.074519
3 0.347356 0.592548 0.074519 0.074519
4 0.510817 0.525240 0.074519 0.074519
0 0.618990 0.479567 0.074519 0.074519
4 0.671875 0.457933 0.074519 0.074519
0 0.780048 0.412260 0.074519 0.074519
3 0.835337 0.388221 0.074519 0.074519
1 0.888221 0.366587 0.074519 0.074519
1 0.152644 0.739183 0.074519 0.074519
3 0.368990 0.647837 0.074519 0.074519
4 0.424279 0.626202 0.074519 0.074519
2 0.532452 0.580529 0.074519 0.074519
1 0.640625 0.534856 0.074519 0.074519
4 0.748798 0.489183 0.074519 0.074519
4 0.912260 0.419471 0.074519 0.074519
