3 0.138221 0.561298 0.074519 0.074519
1 0.191106 0.537260 0.074519 0.074519
2 0.246394 0.513221 0.074519 0.074519
4 0.299279 0.489183 0.074519 0.074519
4 0.352163 0.465144 0.074519 0.074519
4 0.515625 0.393029 0.074519 0.074519
4 0.568510 0.368990 0.074519 0.074519
1 0.676683 0.320913 0.074519 0.074519
4 0.729567 0.296875 0.074519 0.074519
0 0.837740 0.251202 0.074519 0.074519
2 0.215144 0.590144 0.074519 0.074519
4 0.484375 0.469952 0.074519 0.074519
4 0.645433 0.400240 0.074519 0.074519
0 0.808894 0.328125 0.074519 0.074519
4 0.186298 0.667067 0.074519 0.074519
2 0.239183 0.643029 0.074519 0.074519
1 0.347356 0.597356 0.074519 0.074519
2 0.400240 0.573317 0.074519 0.074519
2 0.561298 0.501202 0.074519 0.074519
0 0.616587 0.477163 0.074519 0.074519
0 0.830529 0.381010 0.074519 0.074519
2 0.885817 0.356971 0.074519 0.074519
2 0.210337 0.722356 0.074519 0.074519
2 0.532452 0.578125 0.074519 0.074519
4 0.693510 0.506010 0.074519 0.074519
1 0.801683 0.460337 0.074519 0.074519
4 0.854567 0.436298 0.074519 0.074519
2 0.909856 0.412260 0.074519 0.074519
