1 0.116587 0.256010 0.088942 0.088942
4 0.378606 0.272837 0.088942 0.088942
2 0.111779 0.344952 0.088942 0.088942
1 0.198317 0.349760 0.088942 0.088942
2 0.373798 0.359375 0.088942 0.088942
1 0.722356 0.378606 0.088942 0.088942
4 0.808894 0.385817 0.088942 0.088942
4 0.280048 0.441106 0.088942 0.088942
0 0.542067 0.457933 0.088942 0.088942
1 0.717548 0.467548 0.088942 0.088942
0 0.102163 0.518029 0.088942 0.088942
2 0.275240 0.530048 0.088942 0.088942
4 0.537260 0.544471 0.088942 0.088942
2 0.799279 0.558894 0.088942 0.088942
4 0.885817 0.563702 0.088942 0.088942
4 0.183894 0.611779 0.088942 0.088942
1 0.359375 0.621394 0.088942 0.088942
1 0.445913 0.626202 0.088942 0.088942
2 0.618990 0.635817 0.088942 0.088942
0 0.092548 0.693510 0.088942 0.088942
4 0.179087 0.698317 0.088942 0.088942
1 0.265625 0.703125 0.088942 0.088942
2 0.352163 0.707933 0.088942 0.088942
