1 0.282452 0.441106 0.088942 0.088942
3 0.344952 0.412260 0.088942 0.088942
4 0.472356 0.356971 0.088942 0.088942
1 0.537260 0.328125 0.088942 0.088942
1 0.118990 0.590144 0.088942 0.088942
2 0.436298 0.448317 0.088942 0.088942
3 0.563702 0.393029 0.088942 0.088942
0 0.628606 0.364183 0.088942 0.088942
1 0.210337 0.623798 0.088942 0.088942
1 0.337740 0.568510 0.088942 0.088942
3 0.465144 0.513221 0.088942 0.088942
4 0.527644 0.484375 0.088942 0.088942
2 0.592548 0.455529 0.088942 0.088942
1 0.655048 0.429087 0.088942 0.088942
1 0.782452 0.371394 0.088942 0.088942
4 0.847356 0.344952 0.088942 0.088942
2 0.301683 0.659856 0.088942 0.088942
1 0.366587 0.631010 0.088942 0.088942
3 0.429087 0.604567 0.088942 0.088942
4 0.493990 0.575721 0.088942 0.088942
4 0.556490 0.546875 0.088942 0.088942
2 0.683894 0.491587 0.088942 0.088942
2 0.203125 0.780048 0.088942 0.088942
4 0.330529 0.722356 0.088942 0.088942
4 0.457933 0.667067 0.088942 0.088942
1 0.520433 0.638221 0.088942 0.088942
1 0.712740 0.554087 0.088942 0.088942
4 0.840144 0.498798 0.088942 0.088942
