3 0.227163 0.393029 0.079327 0.079327
1 0.441106 0.361779 0.079327 0.079327
0 0.652644 0.328125 0.079327 0.079327
1 0.722356 0.318510 0.079327 0.079327
0 0.864183 0.296875 0.079327 0.079327
4 0.097356 0.486779 0.079327 0.079327
1 0.308894 0.453125 0.079327 0.079327
3 0.381010 0.443510 0.079327 0.079327
1 0.450721 0.431490 0.079327 0.079327
1 0.734375 0.388221 0.079327 0.079327
2 0.876202 0.366587 0.079327 0.079327
1 0.109375 0.556490 0.079327 0.079327
3 0.248798 0.534856 0.079327 0.079327
3 0.390625 0.513221 0.079327 0.079327
4 0.462740 0.503606 0.079327 0.079327
4 0.532452 0.491587 0.079327 0.079327
1 0.188702 0.616587 0.079327 0.079327
4 0.330529 0.594952 0.079327 0.079327
1 0.614183 0.551683 0.079327 0.079327
1 0.756010 0.530048 0.079327 0.079327
0 0.270433 0.676683 0.079327 0.079327
4 0.342548 0.664663 0.079327 0.079327
2 0.554087 0.633413 0.079327 0.079327
1 0.623798 0.621394 0.079327 0.079327
4 0.695913 0.611779 0.079327 0.079327
1 0.837740 0.590144 0.079327 0.079327
