2 0.712740 0.438702 0.088942 0.088942
1 0.775240 0.467548 0.088942 0.088942
4 0.748798 0.530048 0.088942 0.088942
4 0.811298 0.558894 0.088942 0.088942
4 0.876202 0.585337 0.088942 0.088942
1 0.145433 0.347356 0.088942 0.088942
4 0.275240 0.402644 0.088942 0.088942
3 0.337740 0.429087 0.088942 0.088942
1 0.592548 0.539663 0.088942 0.088942
1 0.719952 0.594952 0.088942 0.088942
2 0.847356 0.650240 0.088942 0.088942
3 0.373798 0.520433 0.088942 0.088942
4 0.628606 0.631010 0.088942 0.088942
1 0.756010 0.686298 0.088942 0.088942
4 0.282452 0.556490 0.088942 0.088942
1 0.729567 0.748798 0.088942 0.088942
4 0.792067 0.777644 0.088942 0.088942
