2 0.084135 0.593750 0.076923 0.076923
1 0.192308 0.543269 0.076923 0.076923
4 0.300481 0.492788 0.076923 0.076923
1 0.459135 0.418269 0.076923 0.076923
0 0.514423 0.394231 0.076923 0.076923
4 0.567308 0.367788 0.076923 0.076923
4 0.620192 0.343750 0.076923 0.076923
4 0.271635 0.572115 0.076923 0.076923
2 0.377404 0.521635 0.076923 0.076923
1 0.430288 0.497596 0.076923 0.076923
0 0.485577 0.471154 0.076923 0.076923
0 0.699519 0.372596 0.076923 0.076923
4 0.189904 0.675481 0.076923 0.076923
1 0.348558 0.600962 0.076923 0.076923
4 0.403846 0.574519 0.076923 0.076923
3 0.456731 0.550481 0.076923 0.076923
1 0.562500 0.500000 0.076923 0.076923
1 0.723558 0.425481 0.076923 0.076923
2 0.776442 0.401442 0.076923 0.076923
1 0.831731 0.375000 0.076923 0.076923
1 0.884615 0.350962 0.076923 0.076923
3 0.480769 0.603365 0.076923 0.076923
3 0.536058 0.579327 0.076923 0.076923
1 0.588942 0.552885 0.076923 0.076923
1 0.641827 0.528846 0.076923 0.076923
1 0.694712 0.504808 0.076923 0.076923
1 0.750000 0.478365 0.076923 0.076923
2 0.802885 0.454327 0.076923 0.076923
