0 0.216250 0.373750 0.062500 0.062500
4 0.276250 0.381250 0.062500 0.062500
2 0.566250 0.416250 0.062500 0.062500
4 0.913750 0.461250 0.062500 0.062500
0 0.673750 0.488750 0.062500 0.062500
1 0.848750 0.511250 0.062500 0.062500
0 0.086250 0.476250 0.062500 0.062500
4 0.261250 0.496250 0.062500 0.062500
4 0.551250 0.533750 0.062500 0.062500
1 0.666250 0.546250 0.062500 0.062500
1 0.253750 0.553750 0.062500 0.062500
4 0.658750 0.606250 0.062500 0.062500
3 0.718750 0.613750 0.062500 0.062500
2 0.833750 0.626250 0.062500 0.062500
