0 0.216250 0.203750 0.097500 0.097500
1 0.291250 0.226250 0.097500 0.097500
2 0.366250 0.248750 0.097500 0.097500
4 0.518750 0.296250 0.097500 0.097500
4 0.593750 0.318750 0.097500 0.097500
2 0.671250 0.343750 0.097500 0.097500
0 0.746250 0.366250 0.097500 0.097500
1 0.823750 0.388750 0.097500 0.097500
4 0.343750 0.326250 0.097500 0.097500
4 0.496250 0.371250 0.097500 0.097500
2 0.571250 0.396250 0.097500 0.097500
4 0.798750 0.463750 0.097500 0.097500
4 0.471250 0.448750 0.097500 0.097500
2 0.548750 0.471250 0.097500 0.097500
1 0.701250 0.518750 0.097500 0.097500
4 0.776250 0.541250 0.097500 0.097500
0 0.146250 0.431250 0.097500 0.097500
1 0.373750 0.501250 0.097500 0.097500
4 0.448750 0.523750 0.097500 0.097500
0 0.676250 0.593750 0.097500 0.097500
4 0.121250 0.506250 0.097500 0.097500
1 0.198750 0.531250 0.097500 0.097500
1 0.273750 0.553750 0.097500 0.097500
4 0.351250 0.576250 0.097500 0.097500
4 0.426250 0.598750 0.097500 0.097500
1 0.501250 0.623750 0.097500 0.097500
4 0.653750 0.668750 0.097500 0.097500
0 0.806250 0.716250 0.097500 0.097500
3 0.251250 0.628750 0.097500 0.097500
1 0.403750 0.676250 0.097500 0.097500
1 0.478750 0.698750 0.097500 0.097500
2 0.706250 0.768750 0.097500 0.097500
4 0.781250 0.791250 0.097500 0.097500
