2 0.267500 0.292500 0.075000 0.075000
4 0.375000 0.342500 0.075000 0.075000
4 0.695000 0.492500 0.075000 0.075000
0 0.295000 0.370000 0.075000 0.075000
1 0.402500 0.420000 0.075000 0.075000
2 0.455000 0.445000 0.075000 0.075000
1 0.510000 0.470000 0.075000 0.075000
0 0.562500 0.495000 0.075000 0.075000
1 0.827500 0.622500 0.075000 0.075000
1 0.377500 0.475000 0.075000 0.075000
2 0.537500 0.550000 0.075000 0.075000
1 0.697500 0.625000 0.075000 0.075000
3 0.140000 0.427500 0.075000 0.075000
1 0.245000 0.477500 0.075000 0.075000
1 0.300000 0.502500 0.075000 0.075000
1 0.352500 0.527500 0.075000 0.075000
3 0.405000 0.552500 0.075000 0.075000
3 0.460000 0.577500 0.075000 0.075000
2 0.565000 0.627500 0.075000 0.075000
2 0.777500 0.727500 0.075000 0.075000
