1 0.656250 0.423750 0.092500 0.092500
2 0.778750 0.491250 0.092500 0.092500
4 0.838750 0.523750 0.092500 0.092500
4 0.256250 0.286250 0.092500 0.092500
1 0.378750 0.353750 0.092500 0.092500
4 0.561250 0.453750 0.092500 0.092500
2 0.868750 0.618750 0.092500 0.092500
1 0.528750 0.513750 0.092500 0.092500
3 0.651250 0.581250 0.092500 0.092500
4 0.191250 0.408750 0.092500 0.092500
2 0.251250 0.441250 0.092500 0.092500
4 0.741250 0.708750 0.092500 0.092500
1 0.801250 0.741250 0.092500 0.092500
3 0.341250 0.568750 0.092500 0.092500
4 0.401250 0.603750 0.092500 0.092500
2 0.463750 0.636250 0.092500 0.092500
2 0.646250 0.736250 0.092500 0.092500
3 0.706250 0.768750 0.092500 0.092500
