1 0.222500 0.197500 0.090000 0.090000
4 0.407500 0.292500 0.090000 0.090000
1 0.467500 0.325000 0.090000 0.090000
4 0.530000 0.357500 0.090000 0.090000
2 0.837500 0.517500 0.090000 0.090000
0 0.900000 0.550000 0.090000 0.090000
1 0.312500 0.322500 0.090000 0.090000
4 0.375000 0.355000 0.090000 0.090000
4 0.437500 0.387500 0.090000 0.090000
0 0.497500 0.420000 0.090000 0.090000
4 0.620000 0.482500 0.090000 0.090000
4 0.682500 0.515000 0.090000 0.090000
2 0.405000 0.447500 0.090000 0.090000
1 0.465000 0.480000 0.090000 0.090000
4 0.587500 0.545000 0.090000 0.090000
1 0.712500 0.610000 0.090000 0.090000
0 0.772500 0.642500 0.090000 0.090000
0 0.835000 0.672500 0.090000 0.090000
4 0.187500 0.412500 0.090000 0.090000
1 0.372500 0.510000 0.090000 0.090000
1 0.557500 0.605000 0.090000 0.090000
1 0.617500 0.637500 0.090000 0.090000
2 0.217500 0.507500 0.090000 0.090000
1 0.400000 0.602500 0.090000 0.090000
4 0.525000 0.667500 0.090000 0.090000
4 0.585000 0.700000 0.090000 0.090000
0 0.770000 0.797500 0.090000 0.090000
