1 0.100000 0.450000 0.100000 0.100000
1 0.245000 0.392500 0.100000 0.100000
0 0.317500 0.362500 0.100000 0.100000
4 0.387500 0.332500 0.100000 0.100000
4 0.532500 0.272500 0.100000 0.100000
0 0.605000 0.242500 0.100000 0.100000
1 0.677500 0.212500 0.100000 0.100000
2 0.275000 0.462500 0.100000 0.100000
4 0.635000 0.315000 0.100000 0.100000
3 0.160000 0.595000 0.100000 0.100000
1 0.232500 0.565000 0.100000 0.100000
0 0.302500 0.535000 0.100000 0.100000
3 0.520000 0.447500 0.100000 0.100000
3 0.807500 0.327500 0.100000 0.100000
1 0.550000 0.517500 0.100000 0.100000
3 0.220000 0.740000 0.100000 0.100000
4 0.435000 0.650000 0.100000 0.100000
1 0.580000 0.590000 0.100000 0.100000
1 0.610000 0.662500 0.100000 0.100000
