1 0.521250 0.356250 0.087500 0.087500
1 0.773750 0.468750 0.087500 0.087500
0 0.366250 0.363750 0.087500 0.087500
2 0.431250 0.393750 0.087500 0.087500
4 0.621250 0.476250 0.087500 0.087500
1 0.683750 0.503750 0.087500 0.087500
4 0.873750 0.588750 0.087500 0.087500
2 0.148750 0.343750 0.087500 0.087500
1 0.276250 0.398750 0.087500 0.087500
4 0.338750 0.428750 0.087500 0.087500
4 0.718750 0.596250 0.087500 0.087500
2 0.781250 0.623750 0.087500 0.087500
4 0.248750 0.463750 0.087500 0.087500
4 0.311250 0.491250 0.087500 0.087500
1 0.373750 0.518750 0.087500 0.087500
1 0.501250 0.573750 0.087500 0.087500
1 0.563750 0.603750 0.087500 0.087500
4 0.753750 0.686250 0.087500 0.087500
0 0.093750 0.471250 0.087500 0.087500
4 0.411250 0.611250 0.087500 0.087500
1 0.473750 0.638750 0.087500 0.087500
2 0.536250 0.666250 0.087500 0.087500
1 0.663750 0.721250 0.087500 0.087500
