4 0.160000 0.422500 0.080000 0.080000
1 0.502500 0.352500 0.080000 0.080000
4 0.847500 0.280000 0.080000 0.080000
1 0.242500 0.477500 0.080000 0.080000
1 0.310000 0.462500 0.080000 0.080000
1 0.450000 0.435000 0.080000 0.080000
0 0.517500 0.420000 0.080000 0.080000
4 0.587500 0.405000 0.080000 0.080000
4 0.655000 0.392500 0.080000 0.080000
2 0.792500 0.362500 0.080000 0.080000
1 0.862500 0.347500 0.080000 0.080000
4 0.257500 0.547500 0.080000 0.080000
1 0.325000 0.532500 0.080000 0.080000
3 0.532500 0.490000 0.080000 0.080000
4 0.670000 0.460000 0.080000 0.080000
1 0.740000 0.445000 0.080000 0.080000
4 0.877500 0.417500 0.080000 0.080000
1 0.202500 0.630000 0.080000 0.080000
1 0.340000 0.602500 0.080000 0.080000
4 0.410000 0.587500 0.080000 0.080000
1 0.752500 0.515000 0.080000 0.080000
4 0.822500 0.500000 0.080000 0.080000
1 0.217500 0.700000 0.080000 0.080000
4 0.285000 0.685000 0.080000 0.080000
1 0.630000 0.612500 0.080000 0.080000
