4 0.182500 0.242500 0.085000 0.085000
2 0.250000 0.265000 0.085000 0.085000
0 0.445000 0.332500 0.085000 0.085000
4 0.642500 0.400000 0.085000 0.085000
4 0.772500 0.447500 0.085000 0.085000
4 0.902500 0.492500 0.085000 0.085000
4 0.357500 0.375000 0.085000 0.085000
2 0.487500 0.420000 0.085000 0.085000
1 0.620000 0.467500 0.085000 0.085000
4 0.750000 0.512500 0.085000 0.085000
4 0.815000 0.535000 0.085000 0.085000
1 0.270000 0.417500 0.085000 0.085000
3 0.400000 0.465000 0.085000 0.085000
4 0.792500 0.600000 0.085000 0.085000
3 0.857500 0.622500 0.085000 0.085000
1 0.115000 0.437500 0.085000 0.085000
4 0.312500 0.507500 0.085000 0.085000
0 0.377500 0.530000 0.085000 0.085000
4 0.442500 0.552500 0.085000 0.085000
4 0.572500 0.597500 0.085000 0.085000
4 0.705000 0.642500 0.085000 0.085000
1 0.770000 0.665000 0.085000 0.085000
1 0.835000 0.687500 0.085000 0.085000
1 0.092500 0.505000 0.085000 0.085000
1 0.157500 0.527500 0.085000 0.085000
4 0.222500 0.550000 0.085000 0.085000
4 0.290000 0.572500 0.085000 0.085000
1 0.550000 0.662500 0.085000 0.085000
1 0.682500 0.707500 0.085000 0.085000
