4 0.423750 0.298750 0.092500 0.092500
2 0.506250 0.286250 0.092500 0.092500
2 0.588750 0.273750 0.092500 0.092500
0 0.751250 0.248750 0.092500 0.092500
4 0.833750 0.233750 0.092500 0.092500
2 0.108750 0.433750 0.092500 0.092500
3 0.191250 0.421250 0.092500 0.092500
4 0.271250 0.406250 0.092500 0.092500
1 0.683750 0.343750 0.092500 0.092500
4 0.766250 0.328750 0.092500 0.092500
1 0.846250 0.316250 0.092500 0.092500
1 0.121250 0.516250 0.092500 0.092500
3 0.203750 0.501250 0.092500 0.092500
0 0.531250 0.451250 0.092500 0.092500
4 0.613750 0.438750 0.092500 0.092500
4 0.696250 0.423750 0.092500 0.092500
1 0.461250 0.546250 0.092500 0.092500
0 0.708750 0.506250 0.092500 0.092500
4 0.476250 0.628750 0.092500 0.092500
4 0.556250 0.616250 0.092500 0.092500
1 0.638750 0.601250 0.092500 0.092500
1 0.721250 0.588750 0.092500 0.092500
2 0.886250 0.563750 0.092500 0.092500
4 0.158750 0.761250 0.092500 0.092500
1 0.406250 0.723750 0.092500 0.092500
1 0.488750 0.711250 0.092500 0.092500
1 0.571250 0.696250 0.092500 0.092500
2 0.733750 0.671250 0.092500 0.092500
2 0.816250 0.658750 0.092500 0.092500
