0 0.240000 0.275000 0.085000 0.085000
4 0.305000 0.295000 0.085000 0.085000
2 0.372500 0.315000 0.085000 0.085000
4 0.440000 0.335000 0.085000 0.085000
4 0.505000 0.355000 0.085000 0.085000
4 0.705000 0.415000 0.085000 0.085000
3 0.772500 0.435000 0.085000 0.085000
4 0.905000 0.475000 0.085000 0.085000
2 0.152500 0.320000 0.085000 0.085000
1 0.352500 0.380000 0.085000 0.085000
3 0.420000 0.400000 0.085000 0.085000
1 0.485000 0.420000 0.085000 0.085000
1 0.552500 0.440000 0.085000 0.085000
4 0.685000 0.480000 0.085000 0.085000
4 0.752500 0.500000 0.085000 0.085000
1 0.200000 0.407500 0.085000 0.085000
1 0.265000 0.427500 0.085000 0.085000
4 0.400000 0.467500 0.085000 0.085000
4 0.597500 0.527500 0.085000 0.085000
4 0.665000 0.547500 0.085000 0.085000
1 0.797500 0.587500 0.085000 0.085000
4 0.865000 0.607500 0.085000 0.085000
4 0.180000 0.475000 0.085000 0.085000
2 0.380000 0.535000 0.085000 0.085000
4 0.445000 0.555000 0.085000 0.085000
4 0.645000 0.615000 0.085000 0.085000
1 0.777500 0.655000 0.085000 0.085000
4 0.225000 0.560000 0.085000 0.085000
4 0.292500 0.580000 0.085000 0.085000
2 0.360000 0.600000 0.085000 0.085000
2 0.557500 0.660000 0.085000 0.085000
