1 0.146250 0.268750 0.072500 0.072500
4 0.528750 0.416250 0.072500 0.072500
2 0.581250 0.436250 0.072500 0.072500
2 0.691250 0.476250 0.072500 0.072500
0 0.798750 0.518750 0.072500 0.072500
2 0.126250 0.323750 0.072500 0.072500
1 0.398750 0.428750 0.072500 0.072500
1 0.453750 0.448750 0.072500 0.072500
4 0.506250 0.468750 0.072500 0.072500
0 0.561250 0.491250 0.072500 0.072500
1 0.616250 0.511250 0.072500 0.072500
1 0.158750 0.398750 0.072500 0.072500
2 0.268750 0.441250 0.072500 0.072500
1 0.323750 0.461250 0.072500 0.072500
0 0.378750 0.481250 0.072500 0.072500
0 0.431250 0.503750 0.072500 0.072500
2 0.541250 0.543750 0.072500 0.072500
1 0.596250 0.566250 0.072500 0.072500
4 0.703750 0.606250 0.072500 0.072500
2 0.193750 0.473750 0.072500 0.072500
4 0.248750 0.496250 0.072500 0.072500
4 0.521250 0.598750 0.072500 0.072500
1 0.791250 0.703750 0.072500 0.072500
