2 0.201250 0.221250 0.087500 0.087500
2 0.328750 0.276250 0.087500 0.087500
1 0.521250 0.356250 0.087500 0.087500
4 0.646250 0.411250 0.087500 0.087500
4 0.711250 0.438750 0.087500 0.087500
3 0.838750 0.491250 0.087500 0.087500
4 0.901250 0.518750 0.087500 0.087500
4 0.173750 0.286250 0.087500 0.087500
2 0.366250 0.366250 0.087500 0.087500
3 0.428750 0.393750 0.087500 0.087500
1 0.493750 0.421250 0.087500 0.087500
4 0.556250 0.448750 0.087500 0.087500
4 0.621250 0.473750 0.087500 0.087500
0 0.876250 0.583750 0.087500 0.087500
0 0.148750 0.348750 0.087500 0.087500
4 0.211250 0.376250 0.087500 0.087500
4 0.466250 0.483750 0.087500 0.087500
4 0.593750 0.538750 0.087500 0.087500
4 0.656250 0.566250 0.087500 0.087500
4 0.721250 0.591250 0.087500 0.087500
4 0.848750 0.646250 0.087500 0.087500
4 0.121250 0.413750 0.087500 0.087500
2 0.248750 0.466250 0.087500 0.087500
2 0.311250 0.493750 0.087500 0.087500
4 0.376250 0.521250 0.087500 0.087500
0 0.503750 0.576250 0.087500 0.087500
0 0.821250 0.711250 0.087500 0.087500
2 0.348750 0.583750 0.087500 0.087500
4 0.411250 0.611250 0.087500 0.087500
1 0.603750 0.693750 0.087500 0.087500
4 0.666250 0.718750 0.087500 0.087500
4 0.793750 0.773750 0.087500 0.087500
