0 0.158750 0.478750 0.087500 0.087500
0 0.353750 0.406250 0.087500 0.087500
4 0.416250 0.381250 0.087500 0.087500
2 0.546250 0.333750 0.087500 0.087500
1 0.676250 0.283750 0.087500 0.087500
4 0.741250 0.258750 0.087500 0.087500
4 0.248750 0.518750 0.087500 0.087500
3 0.311250 0.496250 0.087500 0.087500
4 0.206250 0.608750 0.087500 0.087500
1 0.271250 0.583750 0.087500 0.087500
1 0.401250 0.536250 0.087500 0.087500
1 0.531250 0.486250 0.087500 0.087500
2 0.596250 0.461250 0.087500 0.087500
4 0.661250 0.438750 0.087500 0.087500
0 0.726250 0.413750 0.087500 0.087500
4 0.788750 0.388750 0.087500 0.087500
4 0.853750 0.363750 0.087500 0.087500
1 0.166250 0.698750 0.087500 0.087500
4 0.296250 0.648750 0.087500 0.087500
4 0.361250 0.623750 0.087500 0.087500
4 0.426250 0.601250 0.087500 0.087500
1 0.621250 0.526250 0.087500 0.087500
1 0.878750 0.428750 0.087500 0.087500
0 0.321250 0.713750 0.087500 0.087500
3 0.451250 0.663750 0.087500 0.087500
0 0.516250 0.641250 0.087500 0.087500
