1 0.232500 0.370000 0.075000 0.075000
4 0.525000 0.350000 0.075000 0.075000
3 0.597500 0.345000 0.075000 0.075000
4 0.670000 0.340000 0.075000 0.075000
2 0.092500 0.452500 0.075000 0.075000
1 0.165000 0.447500 0.075000 0.075000
4 0.237500 0.442500 0.075000 0.075000
1 0.310000 0.437500 0.075000 0.075000
4 0.385000 0.432500 0.075000 0.075000
4 0.602500 0.417500 0.075000 0.075000
0 0.747500 0.407500 0.075000 0.075000
1 0.820000 0.402500 0.075000 0.075000
4 0.097500 0.525000 0.075000 0.075000
0 0.170000 0.520000 0.075000 0.075000
0 0.242500 0.515000 0.075000 0.075000
1 0.462500 0.500000 0.075000 0.075000
1 0.752500 0.480000 0.075000 0.075000
4 0.897500 0.470000 0.075000 0.075000
4 0.320000 0.582500 0.075000 0.075000
4 0.392500 0.577500 0.075000 0.075000
1 0.540000 0.567500 0.075000 0.075000
1 0.612500 0.562500 0.075000 0.075000
4 0.685000 0.557500 0.075000 0.075000
4 0.830000 0.547500 0.075000 0.075000
1 0.107500 0.670000 0.075000 0.075000
4 0.180000 0.665000 0.075000 0.075000
1 0.252500 0.660000 0.075000 0.075000
4 0.472500 0.645000 0.075000 0.075000
