2 0.158750 0.483750 0.087500 0.087500
2 0.223750 0.458750 0.087500 0.087500
1 0.286250 0.433750 0.087500 0.087500
4 0.416250 0.381250 0.087500 0.087500
4 0.481250 0.356250 0.087500 0.087500
1 0.608750 0.306250 0.087500 0.087500
4 0.801250 0.231250 0.087500 0.087500
3 0.118750 0.573750 0.087500 0.087500
4 0.248750 0.521250 0.087500 0.087500
4 0.311250 0.496250 0.087500 0.087500
3 0.376250 0.471250 0.087500 0.087500
4 0.441250 0.446250 0.087500 0.087500
0 0.506250 0.421250 0.087500 0.087500
0 0.273750 0.586250 0.087500 0.087500
1 0.401250 0.536250 0.087500 0.087500
1 0.168750 0.701250 0.087500 0.087500
4 0.233750 0.676250 0.087500 0.087500
1 0.298750 0.651250 0.087500 0.087500
1 0.621250 0.526250 0.087500 0.087500
2 0.683750 0.498750 0.087500 0.087500
4 0.193750 0.766250 0.087500 0.087500
1 0.258750 0.741250 0.087500 0.087500
1 0.323750 0.716250 0.087500 0.087500
4 0.388750 0.691250 0.087500 0.087500
0 0.451250 0.666250 0.087500 0.087500
0 0.581250 0.613750 0.087500 0.087500
1 0.646250 0.588750 0.087500 0.087500
3 0.838750 0.513750 0.087500 0.087500
