4 0.382500 0.275000 0.090000 0.090000
4 0.640000 0.290000 0.090000 0.090000
1 0.462500 0.365000 0.090000 0.090000
4 0.807500 0.387500 0.090000 0.090000
1 0.895000 0.395000 0.090000 0.090000
0 0.197500 0.435000 0.090000 0.090000
0 0.630000 0.462500 0.090000 0.090000
4 0.802500 0.475000 0.090000 0.090000
4 0.192500 0.522500 0.090000 0.090000
4 0.277500 0.527500 0.090000 0.090000
2 0.625000 0.550000 0.090000 0.090000
1 0.100000 0.602500 0.090000 0.090000
4 0.445000 0.625000 0.090000 0.090000
4 0.617500 0.637500 0.090000 0.090000
1 0.877500 0.652500 0.090000 0.090000
4 0.095000 0.690000 0.090000 0.090000
4 0.352500 0.705000 0.090000 0.090000
1 0.612500 0.722500 0.090000 0.090000
1 0.700000 0.727500 0.090000 0.090000
1 0.785000 0.735000 0.090000 0.090000
1 0.872500 0.740000 0.090000 0.090000
