4 0.196250 0.446250 0.062500 0.062500
1 0.253750 0.438750 0.062500 0.062500
1 0.428750 0.416250 0.062500 0.062500
2 0.603750 0.393750 0.062500 0.062500
3 0.833750 0.363750 0.062500 0.062500
1 0.088750 0.518750 0.062500 0.062500
4 0.203750 0.503750 0.062500 0.062500
4 0.378750 0.483750 0.062500 0.062500
4 0.268750 0.556250 0.062500 0.062500
4 0.501250 0.526250 0.062500 0.062500
4 0.558750 0.518750 0.062500 0.062500
0 0.733750 0.496250 0.062500 0.062500
4 0.791250 0.488750 0.062500 0.062500
4 0.848750 0.481250 0.062500 0.062500
1 0.218750 0.621250 0.062500 0.062500
4 0.276250 0.613750 0.062500 0.062500
1 0.336250 0.606250 0.062500 0.062500
3 0.451250 0.591250 0.062500 0.062500
1 0.566250 0.576250 0.062500 0.062500
3 0.913750 0.531250 0.062500 0.062500
