2 0.267500 0.172500 0.100000 0.100000
4 0.337500 0.205000 0.100000 0.100000
2 0.615000 0.340000 0.100000 0.100000
0 0.685000 0.375000 0.100000 0.100000
1 0.305000 0.275000 0.100000 0.100000
1 0.442500 0.342500 0.100000 0.100000
4 0.512500 0.377500 0.100000 0.100000
2 0.582500 0.410000 0.100000 0.100000
2 0.652500 0.445000 0.100000 0.100000
4 0.722500 0.477500 0.100000 0.100000
1 0.200000 0.310000 0.100000 0.100000
4 0.340000 0.377500 0.100000 0.100000
4 0.410000 0.412500 0.100000 0.100000
0 0.687500 0.547500 0.100000 0.100000
4 0.237500 0.415000 0.100000 0.100000
4 0.305000 0.447500 0.100000 0.100000
4 0.652500 0.617500 0.100000 0.100000
4 0.202500 0.482500 0.100000 0.100000
1 0.410000 0.585000 0.100000 0.100000
1 0.480000 0.620000 0.100000 0.100000
1 0.550000 0.652500 0.100000 0.100000
0 0.620000 0.687500 0.100000 0.100000
4 0.757500 0.755000 0.100000 0.100000
2 0.237500 0.587500 0.100000 0.100000
1 0.377500 0.655000 0.100000 0.100000
0 0.585000 0.757500 0.100000 0.100000
1 0.655000 0.790000 0.100000 0.100000
3 0.725000 0.825000 0.100000 0.100000
