3 0.140000 0.242500 0.090000 0.090000
3 0.225000 0.252500 0.090000 0.090000
1 0.310000 0.262500 0.090000 0.090000
1 0.392500 0.272500 0.090000 0.090000
4 0.477500 0.280000 0.090000 0.090000
1 0.647500 0.300000 0.090000 0.090000
1 0.730000 0.310000 0.090000 0.090000
2 0.815000 0.320000 0.090000 0.090000
4 0.215000 0.337500 0.090000 0.090000
1 0.300000 0.347500 0.090000 0.090000
4 0.385000 0.355000 0.090000 0.090000
4 0.467500 0.365000 0.090000 0.090000
1 0.552500 0.375000 0.090000 0.090000
1 0.207500 0.422500 0.090000 0.090000
3 0.290000 0.430000 0.090000 0.090000
3 0.542500 0.460000 0.090000 0.090000
2 0.712500 0.477500 0.090000 0.090000
4 0.197500 0.505000 0.090000 0.090000
4 0.280000 0.515000 0.090000 0.090000
3 0.702500 0.562500 0.090000 0.090000
2 0.272500 0.600000 0.090000 0.090000
1 0.525000 0.627500 0.090000 0.090000
