4 0.303750 0.383750 0.102500 0.102500
2 0.371250 0.346250 0.102500 0.102500
4 0.643750 0.198750 0.102500 0.102500
4 0.711250 0.161250 0.102500 0.102500
1 0.408750 0.413750 0.102500 0.102500
4 0.476250 0.376250 0.102500 0.102500
1 0.243750 0.593750 0.102500 0.102500
1 0.311250 0.556250 0.102500 0.102500
3 0.378750 0.518750 0.102500 0.102500
1 0.446250 0.481250 0.102500 0.102500
1 0.513750 0.443750 0.102500 0.102500
0 0.581250 0.408750 0.102500 0.102500
2 0.783750 0.296250 0.102500 0.102500
2 0.483750 0.548750 0.102500 0.102500
1 0.686250 0.438750 0.102500 0.102500
4 0.753750 0.401250 0.102500 0.102500
3 0.821250 0.363750 0.102500 0.102500
3 0.248750 0.766250 0.102500 0.102500
0 0.316250 0.728750 0.102500 0.102500
4 0.521250 0.616250 0.102500 0.102500
1 0.588750 0.581250 0.102500 0.102500
2 0.656250 0.543750 0.102500 0.102500
2 0.723750 0.506250 0.102500 0.102500
3 0.791250 0.468750 0.102500 0.102500
4 0.858750 0.431250 0.102500 0.102500
3 0.488750 0.721250 0.102500 0.102500
2 0.556250 0.683750 0.102500 0.102500
3 0.761250 0.573750 0.102500 0.102500
