2 0.082500 0.395000 0.060000 0.060000
4 0.380000 0.405000 0.060000 0.060000
2 0.440000 0.407500 0.060000 0.060000
2 0.500000 0.407500 0.060000 0.060000
1 0.737500 0.415000 0.060000 0.060000
1 0.797500 0.417500 0.060000 0.060000
4 0.857500 0.417500 0.060000 0.060000
4 0.917500 0.420000 0.060000 0.060000
3 0.082500 0.455000 0.060000 0.060000
4 0.200000 0.460000 0.060000 0.060000
4 0.320000 0.462500 0.060000 0.060000
1 0.497500 0.467500 0.060000 0.060000
0 0.677500 0.472500 0.060000 0.060000
1 0.855000 0.477500 0.060000 0.060000
0 0.915000 0.480000 0.060000 0.060000
0 0.200000 0.517500 0.060000 0.060000
4 0.257500 0.520000 0.060000 0.060000
1 0.437500 0.525000 0.060000 0.060000
1 0.555000 0.530000 0.060000 0.060000
0 0.852500 0.537500 0.060000 0.060000
2 0.077500 0.575000 0.060000 0.060000
1 0.137500 0.575000 0.060000 0.060000
4 0.197500 0.577500 0.060000 0.060000
2 0.495000 0.587500 0.060000 0.060000
2 0.555000 0.587500 0.060000 0.060000
4 0.792500 0.595000 0.060000 0.060000
