2 0.236250 0.191250 0.097500 0.097500
1 0.308750 0.218750 0.097500 0.097500
4 0.381250 0.246250 0.097500 0.097500
4 0.456250 0.273750 0.097500 0.097500
4 0.601250 0.328750 0.097500 0.097500
4 0.353750 0.318750 0.097500 0.097500
2 0.501250 0.373750 0.097500 0.097500
2 0.573750 0.401250 0.097500 0.097500
2 0.793750 0.483750 0.097500 0.097500
4 0.868750 0.511250 0.097500 0.097500
2 0.473750 0.446250 0.097500 0.097500
1 0.621250 0.503750 0.097500 0.097500
4 0.693750 0.531250 0.097500 0.097500
1 0.766250 0.558750 0.097500 0.097500
1 0.153750 0.411250 0.097500 0.097500
0 0.298750 0.466250 0.097500 0.097500
1 0.373750 0.493750 0.097500 0.097500
4 0.518750 0.548750 0.097500 0.097500
1 0.666250 0.603750 0.097500 0.097500
4 0.813750 0.658750 0.097500 0.097500
4 0.271250 0.538750 0.097500 0.097500
1 0.346250 0.566250 0.097500 0.097500
4 0.418750 0.593750 0.097500 0.097500
1 0.566250 0.648750 0.097500 0.097500
1 0.711250 0.703750 0.097500 0.097500
4 0.786250 0.731250 0.097500 0.097500
2 0.171250 0.583750 0.097500 0.097500
1 0.318750 0.638750 0.097500 0.097500
2 0.611250 0.751250 0.097500 0.097500
2 0.683750 0.778750 0.097500 0.097500
