4 0.242500 0.395000 0.100000 0.100000
4 0.457500 0.302500 0.100000 0.100000
1 0.527500 0.272500 0.100000 0.100000
2 0.672500 0.212500 0.100000 0.100000
4 0.742500 0.180000 0.100000 0.100000
0 0.130000 0.527500 0.100000 0.100000
2 0.345000 0.435000 0.100000 0.100000
1 0.487500 0.375000 0.100000 0.100000
1 0.560000 0.345000 0.100000 0.100000
4 0.630000 0.312500 0.100000 0.100000
4 0.702500 0.282500 0.100000 0.100000
1 0.160000 0.600000 0.100000 0.100000
4 0.375000 0.507500 0.100000 0.100000
1 0.517500 0.447500 0.100000 0.100000
1 0.590000 0.415000 0.100000 0.100000
1 0.660000 0.385000 0.100000 0.100000
0 0.805000 0.325000 0.100000 0.100000
4 0.190000 0.670000 0.100000 0.100000
4 0.262500 0.640000 0.100000 0.100000
2 0.547500 0.517500 0.100000 0.100000
3 0.620000 0.487500 0.100000 0.100000
4 0.762500 0.425000 0.100000 0.100000
4 0.292500 0.712500 0.100000 0.100000
2 0.435000 0.650000 0.100000 0.100000
3 0.507500 0.620000 0.100000 0.100000
4 0.580000 0.590000 0.100000 0.100000
0 0.792500 0.497500 0.100000 0.100000
0 0.252500 0.812500 0.100000 0.100000
4 0.322500 0.782500 0.100000 0.100000
1 0.467500 0.722500 0.100000 0.100000
2 0.825000 0.570000 0.100000 0.100000
4 0.895000 0.537500 0.100000 0.100000
