4 0.272500 0.167500 0.100000 0.100000
1 0.342500 0.202500 0.100000 0.100000
1 0.412500 0.237500 0.100000 0.100000
1 0.755000 0.412500 0.100000 0.100000
4 0.825000 0.445000 0.100000 0.100000
4 0.237500 0.235000 0.100000 0.100000
2 0.445000 0.340000 0.100000 0.100000
1 0.515000 0.375000 0.100000 0.100000
0 0.582500 0.410000 0.100000 0.100000
1 0.720000 0.480000 0.100000 0.100000
0 0.860000 0.550000 0.100000 0.100000
4 0.272500 0.340000 0.100000 0.100000
1 0.410000 0.410000 0.100000 0.100000
4 0.547500 0.480000 0.100000 0.100000
1 0.617500 0.515000 0.100000 0.100000
4 0.685000 0.550000 0.100000 0.100000
4 0.825000 0.620000 0.100000 0.100000
4 0.170000 0.375000 0.100000 0.100000
4 0.652500 0.617500 0.100000 0.100000
0 0.135000 0.442500 0.100000 0.100000
4 0.340000 0.547500 0.100000 0.100000
1 0.685000 0.722500 0.100000 0.100000
4 0.755000 0.757500 0.100000 0.100000
0 0.512500 0.720000 0.100000 0.100000
4 0.582500 0.755000 0.100000 0.100000
