4 0.238750 0.343750 0.072500 0.072500
1 0.388750 0.346250 0.072500 0.072500
4 0.536250 0.348750 0.072500 0.072500
4 0.611250 0.351250 0.072500 0.072500
3 0.758750 0.353750 0.072500 0.072500
4 0.238750 0.416250 0.072500 0.072500
0 0.311250 0.418750 0.072500 0.072500
4 0.386250 0.418750 0.072500 0.072500
1 0.683750 0.426250 0.072500 0.072500
3 0.906250 0.431250 0.072500 0.072500
1 0.161250 0.488750 0.072500 0.072500
0 0.533750 0.496250 0.072500 0.072500
3 0.681250 0.501250 0.072500 0.072500
1 0.831250 0.503750 0.072500 0.072500
1 0.308750 0.566250 0.072500 0.072500
1 0.531250 0.571250 0.072500 0.072500
3 0.606250 0.573750 0.072500 0.072500
4 0.308750 0.641250 0.072500 0.072500
0 0.381250 0.643750 0.072500 0.072500
4 0.531250 0.646250 0.072500 0.072500
