1 0.640000 0.367500 0.070000 0.070000
4 0.697500 0.352500 0.070000 0.070000
4 0.752500 0.337500 0.070000 0.070000
0 0.807500 0.320000 0.070000 0.070000
2 0.100000 0.580000 0.070000 0.070000
0 0.155000 0.565000 0.070000 0.070000
2 0.210000 0.550000 0.070000 0.070000
3 0.267500 0.532500 0.070000 0.070000
4 0.322500 0.517500 0.070000 0.070000
2 0.282500 0.590000 0.070000 0.070000
2 0.337500 0.572500 0.070000 0.070000
1 0.392500 0.557500 0.070000 0.070000
4 0.785000 0.447500 0.070000 0.070000
4 0.895000 0.417500 0.070000 0.070000
2 0.130000 0.692500 0.070000 0.070000
1 0.242500 0.660000 0.070000 0.070000
2 0.297500 0.645000 0.070000 0.070000
0 0.352500 0.630000 0.070000 0.070000
1 0.410000 0.612500 0.070000 0.070000
1 0.632500 0.550000 0.070000 0.070000
4 0.687500 0.535000 0.070000 0.070000
1 0.745000 0.520000 0.070000 0.070000
0 0.910000 0.472500 0.070000 0.070000
