2 0.097500 0.397500 0.095000 0.095000
1 0.175000 0.377500 0.095000 0.095000
4 0.252500 0.355000 0.095000 0.095000
3 0.795000 0.212500 0.095000 0.095000
1 0.117500 0.475000 0.095000 0.095000
2 0.195000 0.455000 0.095000 0.095000
0 0.427500 0.392500 0.095000 0.095000
4 0.505000 0.372500 0.095000 0.095000
4 0.737500 0.310000 0.095000 0.095000
1 0.815000 0.290000 0.095000 0.095000
1 0.292500 0.510000 0.095000 0.095000
1 0.525000 0.450000 0.095000 0.095000
2 0.680000 0.407500 0.095000 0.095000
1 0.235000 0.610000 0.095000 0.095000
4 0.467500 0.547500 0.095000 0.095000
1 0.622500 0.505000 0.095000 0.095000
4 0.700000 0.485000 0.095000 0.095000
2 0.777500 0.465000 0.095000 0.095000
1 0.180000 0.707500 0.095000 0.095000
4 0.335000 0.665000 0.095000 0.095000
4 0.412500 0.645000 0.095000 0.095000
4 0.645000 0.582500 0.095000 0.095000
4 0.722500 0.562500 0.095000 0.095000
2 0.200000 0.785000 0.095000 0.095000
4 0.355000 0.742500 0.095000 0.095000
1 0.587500 0.682500 0.095000 0.095000
1 0.820000 0.620000 0.095000 0.095000
