3 0.305000 0.377500 0.100000 0.100000
1 0.135000 0.552500 0.100000 0.100000
2 0.340000 0.445000 0.100000 0.100000
4 0.410000 0.410000 0.100000 0.100000
3 0.615000 0.305000 0.100000 0.100000
2 0.752500 0.235000 0.100000 0.100000
4 0.170000 0.620000 0.100000 0.100000
0 0.375000 0.515000 0.100000 0.100000
1 0.512500 0.445000 0.100000 0.100000
4 0.720000 0.337500 0.100000 0.100000
1 0.787500 0.302500 0.100000 0.100000
1 0.205000 0.690000 0.100000 0.100000
4 0.272500 0.655000 0.100000 0.100000
4 0.410000 0.582500 0.100000 0.100000
3 0.547500 0.512500 0.100000 0.100000
2 0.755000 0.407500 0.100000 0.100000
1 0.822500 0.372500 0.100000 0.100000
4 0.240000 0.757500 0.100000 0.100000
0 0.720000 0.512500 0.100000 0.100000
1 0.790000 0.475000 0.100000 0.100000
4 0.857500 0.440000 0.100000 0.100000
3 0.757500 0.580000 0.100000 0.100000
