0 0.305000 0.367500 0.075000 0.075000
2 0.450000 0.355000 0.075000 0.075000
4 0.595000 0.345000 0.075000 0.075000
1 0.740000 0.332500 0.075000 0.075000
0 0.885000 0.322500 0.075000 0.075000
2 0.165000 0.450000 0.075000 0.075000
4 0.455000 0.427500 0.075000 0.075000
0 0.527500 0.422500 0.075000 0.075000
2 0.600000 0.417500 0.075000 0.075000
4 0.745000 0.405000 0.075000 0.075000
0 0.817500 0.400000 0.075000 0.075000
4 0.170000 0.522500 0.075000 0.075000
4 0.387500 0.505000 0.075000 0.075000
1 0.460000 0.500000 0.075000 0.075000
4 0.750000 0.477500 0.075000 0.075000
4 0.822500 0.472500 0.075000 0.075000
1 0.175000 0.595000 0.075000 0.075000
1 0.610000 0.562500 0.075000 0.075000
1 0.755000 0.550000 0.075000 0.075000
4 0.902500 0.540000 0.075000 0.075000
1 0.107500 0.672500 0.075000 0.075000
2 0.252500 0.662500 0.075000 0.075000
4 0.325000 0.657500 0.075000 0.075000
0 0.397500 0.652500 0.075000 0.075000
4 0.690000 0.630000 0.075000 0.075000
4 0.762500 0.622500 0.075000 0.075000
