4 0.141250 0.543750 0.072500 0.072500
1 0.193750 0.521250 0.072500 0.072500
1 0.248750 0.501250 0.072500 0.072500
4 0.411250 0.436250 0.072500 0.072500
4 0.846250 0.266250 0.072500 0.072500
4 0.161250 0.598750 0.072500 0.072500
2 0.216250 0.576250 0.072500 0.072500
1 0.323750 0.533750 0.072500 0.072500
2 0.541250 0.448750 0.072500 0.072500
2 0.648750 0.406250 0.072500 0.072500
4 0.758750 0.363750 0.072500 0.072500
4 0.813750 0.341250 0.072500 0.072500
1 0.183750 0.651250 0.072500 0.072500
1 0.291250 0.608750 0.072500 0.072500
4 0.346250 0.588750 0.072500 0.072500
3 0.401250 0.566250 0.072500 0.072500
1 0.616250 0.481250 0.072500 0.072500
0 0.778750 0.416250 0.072500 0.072500
4 0.833750 0.396250 0.072500 0.072500
4 0.888750 0.373750 0.072500 0.072500
4 0.151250 0.726250 0.072500 0.072500
0 0.313750 0.663750 0.072500 0.072500
4 0.366250 0.641250 0.072500 0.072500
4 0.421250 0.621250 0.072500 0.072500
1 0.638750 0.536250 0.072500 0.072500
4 0.801250 0.471250 0.072500 0.072500
1 0.856250 0.448750 0.072500 0.072500
