4 0.265000 0.302500 0.090000 0.090000
1 0.607500 0.272500 0.090000 0.090000
4 0.777500 0.257500 0.090000 0.090000
4 0.615000 0.357500 0.090000 0.090000
4 0.700000 0.350000 0.090000 0.090000
4 0.110000 0.490000 0.090000 0.090000
0 0.280000 0.472500 0.090000 0.090000
4 0.537500 0.450000 0.090000 0.090000
1 0.792500 0.427500 0.090000 0.090000
2 0.117500 0.575000 0.090000 0.090000
0 0.545000 0.535000 0.090000 0.090000
3 0.715000 0.520000 0.090000 0.090000
4 0.800000 0.512500 0.090000 0.090000
0 0.127500 0.660000 0.090000 0.090000
4 0.382500 0.637500 0.090000 0.090000
2 0.467500 0.627500 0.090000 0.090000
2 0.552500 0.620000 0.090000 0.090000
4 0.807500 0.597500 0.090000 0.090000
2 0.390000 0.722500 0.090000 0.090000
1 0.475000 0.712500 0.090000 0.090000
