4 0.161250 0.356250 0.072500 0.072500
4 0.383750 0.351250 0.072500 0.072500
4 0.531250 0.348750 0.072500 0.072500
3 0.606250 0.346250 0.072500 0.072500
1 0.828750 0.341250 0.072500 0.072500
0 0.161250 0.431250 0.072500 0.072500
1 0.311250 0.428750 0.072500 0.072500
2 0.606250 0.421250 0.072500 0.072500
0 0.681250 0.418750 0.072500 0.072500
4 0.903750 0.413750 0.072500 0.072500
4 0.238750 0.503750 0.072500 0.072500
1 0.311250 0.501250 0.072500 0.072500
0 0.386250 0.501250 0.072500 0.072500
2 0.608750 0.496250 0.072500 0.072500
4 0.756250 0.491250 0.072500 0.072500
4 0.831250 0.491250 0.072500 0.072500
3 0.238750 0.578750 0.072500 0.072500
2 0.611250 0.568750 0.072500 0.072500
4 0.758750 0.566250 0.072500 0.072500
2 0.906250 0.563750 0.072500 0.072500
0 0.093750 0.656250 0.072500 0.072500
1 0.166250 0.653750 0.072500 0.072500
4 0.316250 0.651250 0.072500 0.072500
2 0.686250 0.641250 0.072500 0.072500
