4 0.205000 0.397500 0.060000 0.060000
4 0.265000 0.400000 0.060000 0.060000
1 0.325000 0.402500 0.060000 0.060000
4 0.620000 0.412500 0.060000 0.060000
4 0.680000 0.415000 0.060000 0.060000
0 0.740000 0.417500 0.060000 0.060000
3 0.202500 0.455000 0.060000 0.060000
2 0.380000 0.462500 0.060000 0.060000
1 0.500000 0.467500 0.060000 0.060000
1 0.737500 0.477500 0.060000 0.060000
4 0.797500 0.480000 0.060000 0.060000
4 0.082500 0.510000 0.060000 0.060000
4 0.377500 0.522500 0.060000 0.060000
1 0.557500 0.530000 0.060000 0.060000
4 0.615000 0.532500 0.060000 0.060000
4 0.735000 0.535000 0.060000 0.060000
4 0.795000 0.537500 0.060000 0.060000
1 0.852500 0.540000 0.060000 0.060000
2 0.080000 0.570000 0.060000 0.060000
2 0.377500 0.582500 0.060000 0.060000
1 0.435000 0.585000 0.060000 0.060000
1 0.495000 0.585000 0.060000 0.060000
3 0.555000 0.587500 0.060000 0.060000
0 0.612500 0.590000 0.060000 0.060000
4 0.910000 0.602500 0.060000 0.060000
