4 0.095000 0.300000 0.090000 0.090000
1 0.182500 0.295000 0.090000 0.090000
3 0.532500 0.277500 0.090000 0.090000
1 0.620000 0.275000 0.090000 0.090000
2 0.707500 0.270000 0.090000 0.090000
0 0.187500 0.382500 0.090000 0.090000
4 0.450000 0.370000 0.090000 0.090000
4 0.535000 0.365000 0.090000 0.090000
2 0.622500 0.362500 0.090000 0.090000
0 0.710000 0.357500 0.090000 0.090000
1 0.885000 0.350000 0.090000 0.090000
0 0.102500 0.472500 0.090000 0.090000
2 0.190000 0.470000 0.090000 0.090000
2 0.277500 0.465000 0.090000 0.090000
4 0.540000 0.452500 0.090000 0.090000
1 0.715000 0.445000 0.090000 0.090000
3 0.282500 0.552500 0.090000 0.090000
4 0.457500 0.545000 0.090000 0.090000
2 0.545000 0.540000 0.090000 0.090000
4 0.632500 0.535000 0.090000 0.090000
4 0.287500 0.640000 0.090000 0.090000
4 0.547500 0.627500 0.090000 0.090000
1 0.810000 0.615000 0.090000 0.090000
4 0.897500 0.610000 0.090000 0.090000
1 0.552500 0.715000 0.090000 0.090000
1 0.640000 0.710000 0.090000 0.090000
1 0.727500 0.707500 0.090000 0.090000
