4 0.158750 0.268750 0.082500 0.082500
4 0.226250 0.286250 0.082500 0.082500
1 0.293750 0.301250 0.082500 0.082500
1 0.361250 0.318750 0.082500 0.082500
1 0.428750 0.336250 0.082500 0.082500
0 0.498750 0.353750 0.082500 0.082500
4 0.701250 0.406250 0.082500 0.082500
3 0.903750 0.458750 0.082500 0.082500
1 0.413750 0.403750 0.082500 0.082500
4 0.683750 0.473750 0.082500 0.082500
2 0.886250 0.526250 0.082500 0.082500
4 0.123750 0.403750 0.082500 0.082500
1 0.191250 0.421250 0.082500 0.082500
0 0.258750 0.438750 0.082500 0.082500
1 0.328750 0.456250 0.082500 0.082500
3 0.531250 0.506250 0.082500 0.082500
1 0.868750 0.593750 0.082500 0.082500
1 0.378750 0.541250 0.082500 0.082500
3 0.446250 0.556250 0.082500 0.082500
1 0.716250 0.626250 0.082500 0.082500
2 0.783750 0.643750 0.082500 0.082500
1 0.088750 0.538750 0.082500 0.082500
2 0.428750 0.626250 0.082500 0.082500
3 0.563750 0.658750 0.082500 0.082500
0 0.698750 0.693750 0.082500 0.082500
2 0.766250 0.711250 0.082500 0.082500
4 0.833750 0.728750 0.082500 0.082500
