1 0.551250 0.273750 0.097500 0.097500
1 0.701250 0.226250 0.097500 0.097500
1 0.121250 0.491250 0.097500 0.097500
1 0.273750 0.443750 0.097500 0.097500
1 0.348750 0.421250 0.097500 0.097500
1 0.576250 0.348750 0.097500 0.097500
3 0.221250 0.543750 0.097500 0.097500
1 0.523750 0.448750 0.097500 0.097500
3 0.673750 0.401250 0.097500 0.097500
4 0.748750 0.376250 0.097500 0.097500
1 0.826250 0.353750 0.097500 0.097500
4 0.168750 0.643750 0.097500 0.097500
2 0.243750 0.618750 0.097500 0.097500
4 0.546250 0.523750 0.097500 0.097500
2 0.698750 0.476250 0.097500 0.097500
1 0.773750 0.453750 0.097500 0.097500
3 0.268750 0.696250 0.097500 0.097500
2 0.646250 0.576250 0.097500 0.097500
4 0.721250 0.551250 0.097500 0.097500
1 0.798750 0.528750 0.097500 0.097500
4 0.291250 0.771250 0.097500 0.097500
4 0.368750 0.746250 0.097500 0.097500
4 0.746250 0.628750 0.097500 0.097500
4 0.821250 0.603750 0.097500 0.097500
2 0.896250 0.581250 0.097500 0.097500
