1 0.896250 0.443750 0.097500 0.097500
4 0.431250 0.343750 0.097500 0.097500
2 0.503750 0.373750 0.097500 0.097500
1 0.796250 0.486250 0.097500 0.097500
3 0.868750 0.516250 0.097500 0.097500
2 0.183750 0.331250 0.097500 0.097500
2 0.331250 0.388750 0.097500 0.097500
4 0.403750 0.416250 0.097500 0.097500
4 0.548750 0.473750 0.097500 0.097500
1 0.693750 0.531250 0.097500 0.097500
1 0.373750 0.488750 0.097500 0.097500
4 0.518750 0.546250 0.097500 0.097500
1 0.811250 0.661250 0.097500 0.097500
0 0.128750 0.476250 0.097500 0.097500
0 0.201250 0.506250 0.097500 0.097500
1 0.273750 0.533750 0.097500 0.097500
2 0.563750 0.648750 0.097500 0.097500
3 0.316250 0.636250 0.097500 0.097500
1 0.536250 0.721250 0.097500 0.097500
1 0.753750 0.806250 0.097500 0.097500
