0 0.485000 0.292500 0.095000 0.095000
2 0.640000 0.252500 0.095000 0.095000
3 0.795000 0.212500 0.095000 0.095000
3 0.117500 0.470000 0.095000 0.095000
0 0.737500 0.310000 0.095000 0.095000
4 0.137500 0.550000 0.095000 0.095000
4 0.215000 0.527500 0.095000 0.095000
3 0.447500 0.467500 0.095000 0.095000
1 0.602500 0.427500 0.095000 0.095000
3 0.760000 0.387500 0.095000 0.095000
4 0.312500 0.585000 0.095000 0.095000
4 0.390000 0.565000 0.095000 0.095000
1 0.467500 0.545000 0.095000 0.095000
4 0.545000 0.525000 0.095000 0.095000
1 0.702500 0.485000 0.095000 0.095000
2 0.780000 0.465000 0.095000 0.095000
2 0.857500 0.445000 0.095000 0.095000
4 0.332500 0.665000 0.095000 0.095000
4 0.565000 0.602500 0.095000 0.095000
4 0.645000 0.582500 0.095000 0.095000
1 0.352500 0.742500 0.095000 0.095000
0 0.742500 0.640000 0.095000 0.095000
4 0.820000 0.620000 0.095000 0.095000
3 0.897500 0.600000 0.095000 0.095000
