0 0.173750 0.216250 0.077500 0.077500
1 0.226250 0.246250 0.077500 0.077500
1 0.278750 0.273750 0.077500 0.077500
2 0.331250 0.303750 0.077500 0.077500
1 0.541250 0.418750 0.077500 0.077500
2 0.593750 0.446250 0.077500 0.077500
4 0.801250 0.561250 0.077500 0.077500
3 0.906250 0.618750 0.077500 0.077500
3 0.198750 0.298750 0.077500 0.077500
1 0.356250 0.383750 0.077500 0.077500
4 0.616250 0.528750 0.077500 0.077500
1 0.773750 0.613750 0.077500 0.077500
4 0.116250 0.321250 0.077500 0.077500
3 0.221250 0.378750 0.077500 0.077500
4 0.378750 0.466250 0.077500 0.077500
4 0.588750 0.578750 0.077500 0.077500
1 0.088750 0.373750 0.077500 0.077500
4 0.141250 0.403750 0.077500 0.077500
4 0.401250 0.546250 0.077500 0.077500
4 0.716250 0.718750 0.077500 0.077500
2 0.768750 0.746250 0.077500 0.077500
4 0.821250 0.776250 0.077500 0.077500
