1 0.332500 0.207500 0.100000 0.100000
4 0.402500 0.240000 0.100000 0.100000
3 0.615000 0.337500 0.100000 0.100000
2 0.685000 0.370000 0.100000 0.100000
2 0.825000 0.435000 0.100000 0.100000
0 0.300000 0.280000 0.100000 0.100000
0 0.512500 0.377500 0.100000 0.100000
4 0.652500 0.442500 0.100000 0.100000
1 0.722500 0.475000 0.100000 0.100000
1 0.197500 0.317500 0.100000 0.100000
1 0.267500 0.350000 0.100000 0.100000
1 0.337500 0.382500 0.100000 0.100000
4 0.410000 0.415000 0.100000 0.100000
1 0.620000 0.512500 0.100000 0.100000
1 0.830000 0.610000 0.100000 0.100000
1 0.165000 0.387500 0.100000 0.100000
1 0.377500 0.485000 0.100000 0.100000
1 0.517500 0.550000 0.100000 0.100000
0 0.727500 0.647500 0.100000 0.100000
3 0.797500 0.680000 0.100000 0.100000
1 0.202500 0.490000 0.100000 0.100000
1 0.272500 0.522500 0.100000 0.100000
4 0.345000 0.555000 0.100000 0.100000
4 0.415000 0.587500 0.100000 0.100000
2 0.555000 0.652500 0.100000 0.100000
4 0.695000 0.717500 0.100000 0.100000
4 0.240000 0.592500 0.100000 0.100000
2 0.452500 0.690000 0.100000 0.100000
2 0.522500 0.722500 0.100000 0.100000
0 0.662500 0.787500 0.100000 0.100000
