3 0.266250 0.248750 0.087500 0.087500
3 0.331250 0.273750 0.087500 0.087500
2 0.393750 0.301250 0.087500 0.087500
4 0.583750 0.383750 0.087500 0.087500
4 0.711250 0.438750 0.087500 0.087500
2 0.238750 0.311250 0.087500 0.087500
1 0.303750 0.338750 0.087500 0.087500
0 0.556250 0.448750 0.087500 0.087500
1 0.746250 0.531250 0.087500 0.087500
1 0.148750 0.346250 0.087500 0.087500
1 0.338750 0.428750 0.087500 0.087500
1 0.403750 0.456250 0.087500 0.087500
1 0.466250 0.483750 0.087500 0.087500
1 0.721250 0.593750 0.087500 0.087500
3 0.846250 0.648750 0.087500 0.087500
4 0.311250 0.493750 0.087500 0.087500
4 0.628750 0.628750 0.087500 0.087500
4 0.283750 0.556250 0.087500 0.087500
2 0.348750 0.583750 0.087500 0.087500
1 0.728750 0.748750 0.087500 0.087500
