1 0.116250 0.313750 0.077500 0.077500
1 0.548750 0.356250 0.077500 0.077500
4 0.906250 0.393750 0.077500 0.077500
3 0.181250 0.393750 0.077500 0.077500
1 0.253750 0.401250 0.077500 0.077500
4 0.396250 0.413750 0.077500 0.077500
4 0.611250 0.436250 0.077500 0.077500
3 0.683750 0.443750 0.077500 0.077500
1 0.388750 0.486250 0.077500 0.077500
3 0.461250 0.493750 0.077500 0.077500
3 0.676250 0.516250 0.077500 0.077500
4 0.748750 0.521250 0.077500 0.077500
4 0.893750 0.536250 0.077500 0.077500
4 0.093750 0.528750 0.077500 0.077500
1 0.311250 0.551250 0.077500 0.077500
4 0.526250 0.573750 0.077500 0.077500
3 0.671250 0.586250 0.077500 0.077500
3 0.741250 0.593750 0.077500 0.077500
4 0.886250 0.608750 0.077500 0.077500
4 0.303750 0.623750 0.077500 0.077500
4 0.663750 0.658750 0.077500 0.077500
2 0.806250 0.673750 0.077500 0.077500
4 0.878750 0.681250 0.077500 0.077500
