4 0.235000 0.362500 0.075000 0.075000
2 0.307500 0.360000 0.075000 0.075000
1 0.455000 0.352500 0.075000 0.075000
1 0.600000 0.345000 0.075000 0.075000
4 0.675000 0.340000 0.075000 0.075000
2 0.820000 0.332500 0.075000 0.075000
4 0.090000 0.445000 0.075000 0.075000
4 0.457500 0.425000 0.075000 0.075000
4 0.750000 0.410000 0.075000 0.075000
1 0.167500 0.515000 0.075000 0.075000
4 0.242500 0.510000 0.075000 0.075000
2 0.315000 0.507500 0.075000 0.075000
4 0.462500 0.500000 0.075000 0.075000
4 0.535000 0.495000 0.075000 0.075000
4 0.682500 0.487500 0.075000 0.075000
1 0.755000 0.482500 0.075000 0.075000
1 0.827500 0.480000 0.075000 0.075000
1 0.097500 0.592500 0.075000 0.075000
1 0.172500 0.587500 0.075000 0.075000
4 0.245000 0.585000 0.075000 0.075000
4 0.317500 0.580000 0.075000 0.075000
1 0.612500 0.565000 0.075000 0.075000
2 0.760000 0.557500 0.075000 0.075000
3 0.832500 0.552500 0.075000 0.075000
2 0.905000 0.550000 0.075000 0.075000
1 0.175000 0.660000 0.075000 0.075000
4 0.322500 0.652500 0.075000 0.075000
2 0.395000 0.650000 0.075000 0.075000
4 0.542500 0.642500 0.075000 0.075000
1 0.615000 0.637500 0.075000 0.075000
2 0.690000 0.635000 0.075000 0.075000
