1 0.458750 0.348750 0.072500 0.072500
4 0.533750 0.346250 0.072500 0.072500
2 0.833750 0.343750 0.072500 0.072500
4 0.236250 0.423750 0.072500 0.072500
1 0.533750 0.421250 0.072500 0.072500
2 0.683750 0.421250 0.072500 0.072500
2 0.758750 0.418750 0.072500 0.072500
2 0.833750 0.418750 0.072500 0.072500
1 0.086250 0.501250 0.072500 0.072500
2 0.683750 0.496250 0.072500 0.072500
0 0.163750 0.573750 0.072500 0.072500
4 0.311250 0.573750 0.072500 0.072500
4 0.461250 0.571250 0.072500 0.072500
1 0.611250 0.571250 0.072500 0.072500
2 0.686250 0.568750 0.072500 0.072500
3 0.088750 0.648750 0.072500 0.072500
3 0.536250 0.646250 0.072500 0.072500
1 0.686250 0.643750 0.072500 0.072500
1 0.836250 0.643750 0.072500 0.072500
1 0.908750 0.643750 0.072500 0.072500
