1 0.088750 0.413750 0.077500 0.077500
4 0.301250 0.383750 0.077500 0.077500
4 0.371250 0.373750 0.077500 0.077500
1 0.441250 0.361250 0.077500 0.077500
4 0.723750 0.318750 0.077500 0.077500
2 0.793750 0.308750 0.077500 0.077500
1 0.241250 0.463750 0.077500 0.077500
1 0.311250 0.453750 0.077500 0.077500
2 0.381250 0.443750 0.077500 0.077500
1 0.593750 0.411250 0.077500 0.077500
4 0.873750 0.368750 0.077500 0.077500
4 0.181250 0.546250 0.077500 0.077500
2 0.251250 0.533750 0.077500 0.077500
4 0.391250 0.513750 0.077500 0.077500
4 0.461250 0.503750 0.077500 0.077500
4 0.533750 0.491250 0.077500 0.077500
4 0.191250 0.616250 0.077500 0.077500
2 0.473750 0.573750 0.077500 0.077500
1 0.613750 0.551250 0.077500 0.077500
4 0.826250 0.521250 0.077500 0.077500
4 0.896250 0.508750 0.077500 0.077500
1 0.131250 0.696250 0.077500 0.077500
4 0.201250 0.686250 0.077500 0.077500
1 0.343750 0.666250 0.077500 0.077500
4 0.553750 0.633750 0.077500 0.077500
4 0.623750 0.623750 0.077500 0.077500
2 0.766250 0.601250 0.077500 0.077500
1 0.836250 0.591250 0.077500 0.077500
