0 0.288750 0.268750 0.087500 0.087500
1 0.376250 0.273750 0.087500 0.087500
1 0.638750 0.283750 0.087500 0.087500
4 0.633750 0.371250 0.087500 0.087500
4 0.721250 0.376250 0.087500 0.087500
4 0.808750 0.381250 0.087500 0.087500
2 0.106250 0.436250 0.087500 0.087500
2 0.193750 0.438750 0.087500 0.087500
2 0.368750 0.448750 0.087500 0.087500
4 0.893750 0.471250 0.087500 0.087500
4 0.188750 0.526250 0.087500 0.087500
4 0.276250 0.531250 0.087500 0.087500
0 0.363750 0.536250 0.087500 0.087500
0 0.451250 0.538750 0.087500 0.087500
4 0.713750 0.551250 0.087500 0.087500
4 0.801250 0.556250 0.087500 0.087500
4 0.186250 0.613750 0.087500 0.087500
1 0.448750 0.626250 0.087500 0.087500
0 0.623750 0.633750 0.087500 0.087500
4 0.356250 0.711250 0.087500 0.087500
0 0.531250 0.718750 0.087500 0.087500
1 0.793750 0.731250 0.087500 0.087500
1 0.881250 0.733750 0.087500 0.087500
