2 0.253750 0.436250 0.062500 0.062500
0 0.311250 0.431250 0.062500 0.062500
2 0.428750 0.416250 0.062500 0.062500
4 0.486250 0.408750 0.062500 0.062500
2 0.661250 0.388750 0.062500 0.062500
1 0.776250 0.376250 0.062500 0.062500
4 0.836250 0.368750 0.062500 0.062500
1 0.893750 0.361250 0.062500 0.062500
4 0.143750 0.508750 0.062500 0.062500
2 0.318750 0.488750 0.062500 0.062500
1 0.436250 0.473750 0.062500 0.062500
1 0.608750 0.453750 0.062500 0.062500
1 0.668750 0.446250 0.062500 0.062500
4 0.783750 0.433750 0.062500 0.062500
2 0.841250 0.426250 0.062500 0.062500
4 0.151250 0.566250 0.062500 0.062500
2 0.208750 0.561250 0.062500 0.062500
1 0.326250 0.546250 0.062500 0.062500
1 0.441250 0.533750 0.062500 0.062500
4 0.501250 0.526250 0.062500 0.062500
2 0.558750 0.518750 0.062500 0.062500
1 0.616250 0.511250 0.062500 0.062500
0 0.791250 0.491250 0.062500 0.062500
4 0.101250 0.631250 0.062500 0.062500
1 0.333750 0.603750 0.062500 0.062500
1 0.566250 0.576250 0.062500 0.062500
1 0.623750 0.571250 0.062500 0.062500
4 0.681250 0.563750 0.062500 0.062500
4 0.738750 0.556250 0.062500 0.062500
4 0.798750 0.548750 0.062500 0.062500
