3 0.086250 0.616250 0.077500 0.077500
1 0.138750 0.588750 0.077500 0.077500
4 0.243750 0.531250 0.077500 0.077500
1 0.348750 0.473750 0.077500 0.077500
0 0.401250 0.446250 0.077500 0.077500
1 0.506250 0.388750 0.077500 0.077500
4 0.558750 0.361250 0.077500 0.077500
4 0.611250 0.333750 0.077500 0.077500
4 0.221250 0.611250 0.077500 0.077500
1 0.273750 0.583750 0.077500 0.077500
2 0.326250 0.556250 0.077500 0.077500
4 0.378750 0.526250 0.077500 0.077500
4 0.431250 0.498750 0.077500 0.077500
4 0.533750 0.441250 0.077500 0.077500
4 0.586250 0.413750 0.077500 0.077500
4 0.691250 0.356250 0.077500 0.077500
2 0.796250 0.301250 0.077500 0.077500
2 0.248750 0.663750 0.077500 0.077500
4 0.511250 0.523750 0.077500 0.077500
3 0.563750 0.493750 0.077500 0.077500
2 0.616250 0.466250 0.077500 0.077500
2 0.721250 0.408750 0.077500 0.077500
3 0.876250 0.323750 0.077500 0.077500
0 0.276250 0.716250 0.077500 0.077500
1 0.486250 0.603750 0.077500 0.077500
2 0.538750 0.576250 0.077500 0.077500
4 0.591250 0.546250 0.077500 0.077500
4 0.643750 0.518750 0.077500 0.077500
4 0.748750 0.461250 0.077500 0.077500
4 0.801250 0.433750 0.077500 0.077500
4 0.853750 0.406250 0.077500 0.077500
4 0.906250 0.376250 0.077500 0.077500
