1 0.285000 0.445000 0.090000 0.090000
4 0.347500 0.415000 0.090000 0.090000
1 0.535000 0.330000 0.090000 0.090000
1 0.600000 0.300000 0.090000 0.090000
1 0.725000 0.245000 0.090000 0.090000
1 0.187500 0.565000 0.090000 0.090000
4 0.502500 0.422500 0.090000 0.090000
2 0.565000 0.392500 0.090000 0.090000
2 0.690000 0.335000 0.090000 0.090000
3 0.152500 0.657500 0.090000 0.090000
1 0.277500 0.600000 0.090000 0.090000
1 0.530000 0.485000 0.090000 0.090000
3 0.655000 0.427500 0.090000 0.090000
0 0.845000 0.340000 0.090000 0.090000
0 0.245000 0.690000 0.090000 0.090000
2 0.622500 0.517500 0.090000 0.090000
1 0.747500 0.462500 0.090000 0.090000
4 0.210000 0.782500 0.090000 0.090000
1 0.272500 0.752500 0.090000 0.090000
4 0.462500 0.667500 0.090000 0.090000
2 0.525000 0.640000 0.090000 0.090000
4 0.712500 0.552500 0.090000 0.090000
1 0.777500 0.525000 0.090000 0.090000
1 0.902500 0.467500 0.090000 0.090000
