2 0.302500 0.265000 0.090000 0.090000
4 0.642500 0.295000 0.090000 0.090000
1 0.815000 0.310000 0.090000 0.090000
4 0.122500 0.337500 0.090000 0.090000
0 0.295000 0.352500 0.090000 0.090000
1 0.380000 0.357500 0.090000 0.090000
1 0.202500 0.430000 0.090000 0.090000
0 0.372500 0.445000 0.090000 0.090000
1 0.542500 0.460000 0.090000 0.090000
1 0.627500 0.467500 0.090000 0.090000
1 0.107500 0.507500 0.090000 0.090000
4 0.195000 0.515000 0.090000 0.090000
4 0.365000 0.530000 0.090000 0.090000
4 0.450000 0.537500 0.090000 0.090000
4 0.622500 0.552500 0.090000 0.090000
2 0.707500 0.560000 0.090000 0.090000
4 0.272500 0.607500 0.090000 0.090000
2 0.180000 0.685000 0.090000 0.090000
3 0.350000 0.700000 0.090000 0.090000
2 0.520000 0.715000 0.090000 0.090000
1 0.777500 0.737500 0.090000 0.090000
