3 0.192500 0.545000 0.075000 0.075000
0 0.405000 0.442500 0.075000 0.075000
4 0.565000 0.367500 0.075000 0.075000
1 0.722500 0.290000 0.075000 0.075000
3 0.777500 0.265000 0.075000 0.075000
2 0.830000 0.240000 0.075000 0.075000
4 0.217500 0.597500 0.075000 0.075000
4 0.430000 0.497500 0.075000 0.075000
4 0.482500 0.470000 0.075000 0.075000
4 0.590000 0.420000 0.075000 0.075000
1 0.695000 0.370000 0.075000 0.075000
1 0.750000 0.342500 0.075000 0.075000
4 0.802500 0.317500 0.075000 0.075000
3 0.190000 0.677500 0.075000 0.075000
0 0.242500 0.652500 0.075000 0.075000
1 0.297500 0.625000 0.075000 0.075000
1 0.455000 0.550000 0.075000 0.075000
3 0.562500 0.497500 0.075000 0.075000
0 0.615000 0.472500 0.075000 0.075000
1 0.722500 0.422500 0.075000 0.075000
2 0.322500 0.680000 0.075000 0.075000
2 0.852500 0.425000 0.075000 0.075000
1 0.907500 0.400000 0.075000 0.075000
