4 0.126250 0.301250 0.077500 0.077500
4 0.196250 0.311250 0.077500 0.077500
4 0.338750 0.331250 0.077500 0.077500
2 0.833750 0.398750 0.077500 0.077500
4 0.398750 0.411250 0.077500 0.077500
4 0.471250 0.421250 0.077500 0.077500
1 0.753750 0.458750 0.077500 0.077500
4 0.896250 0.478750 0.077500 0.077500
4 0.106250 0.443750 0.077500 0.077500
1 0.248750 0.463750 0.077500 0.077500
2 0.318750 0.473750 0.077500 0.077500
1 0.461250 0.491250 0.077500 0.077500
0 0.743750 0.531250 0.077500 0.077500
1 0.308750 0.543750 0.077500 0.077500
4 0.381250 0.553750 0.077500 0.077500
4 0.451250 0.563750 0.077500 0.077500
1 0.663750 0.591250 0.077500 0.077500
2 0.806250 0.611250 0.077500 0.077500
4 0.513750 0.643750 0.077500 0.077500
1 0.726250 0.671250 0.077500 0.077500
1 0.796250 0.681250 0.077500 0.077500
