4 0.176250 0.223750 0.092500 0.092500
0 0.496250 0.288750 0.092500 0.092500
3 0.816250 0.353750 0.092500 0.092500
2 0.898750 0.371250 0.092500 0.092500
1 0.321250 0.336250 0.092500 0.092500
1 0.561250 0.386250 0.092500 0.092500
1 0.641250 0.401250 0.092500 0.092500
1 0.383750 0.433750 0.092500 0.092500
1 0.463750 0.448750 0.092500 0.092500
3 0.543750 0.466250 0.092500 0.092500
1 0.623750 0.481250 0.092500 0.092500
4 0.703750 0.498750 0.092500 0.092500
4 0.783750 0.513750 0.092500 0.092500
1 0.866250 0.531250 0.092500 0.092500
2 0.128750 0.463750 0.092500 0.092500
2 0.688750 0.578750 0.092500 0.092500
1 0.848750 0.611250 0.092500 0.092500
1 0.111250 0.543750 0.092500 0.092500
4 0.271250 0.576250 0.092500 0.092500
4 0.351250 0.593750 0.092500 0.092500
0 0.431250 0.608750 0.092500 0.092500
4 0.096250 0.623750 0.092500 0.092500
1 0.336250 0.673750 0.092500 0.092500
1 0.496250 0.706250 0.092500 0.092500
2 0.576250 0.721250 0.092500 0.092500
1 0.656250 0.738750 0.092500 0.092500
2 0.736250 0.753750 0.092500 0.092500
