1 0.137500 0.292500 0.070000 0.070000
3 0.302500 0.345000 0.070000 0.070000
2 0.412500 0.380000 0.070000 0.070000
1 0.470000 0.397500 0.070000 0.070000
2 0.525000 0.415000 0.070000 0.070000
1 0.580000 0.432500 0.070000 0.070000
1 0.635000 0.450000 0.070000 0.070000
1 0.690000 0.465000 0.070000 0.070000
3 0.800000 0.500000 0.070000 0.070000
4 0.175000 0.365000 0.070000 0.070000
4 0.230000 0.382500 0.070000 0.070000
3 0.285000 0.400000 0.070000 0.070000
2 0.395000 0.435000 0.070000 0.070000
1 0.562500 0.487500 0.070000 0.070000
4 0.617500 0.505000 0.070000 0.070000
4 0.672500 0.522500 0.070000 0.070000
2 0.727500 0.540000 0.070000 0.070000
4 0.837500 0.575000 0.070000 0.070000
4 0.892500 0.592500 0.070000 0.070000
4 0.212500 0.437500 0.070000 0.070000
1 0.377500 0.490000 0.070000 0.070000
3 0.600000 0.560000 0.070000 0.070000
4 0.655000 0.577500 0.070000 0.070000
1 0.250000 0.510000 0.070000 0.070000
1 0.360000 0.545000 0.070000 0.070000
0 0.472500 0.580000 0.070000 0.070000
1 0.582500 0.615000 0.070000 0.070000
0 0.747500 0.667500 0.070000 0.070000
3 0.802500 0.685000 0.070000 0.070000
