3 0.091250 0.456250 0.082500 0.082500
1 0.226250 0.421250 0.082500 0.082500
1 0.293750 0.406250 0.082500 0.082500
2 0.363750 0.388750 0.082500 0.082500
4 0.498750 0.353750 0.082500 0.082500
1 0.566250 0.336250 0.082500 0.082500
4 0.633750 0.321250 0.082500 0.082500
4 0.243750 0.491250 0.082500 0.082500
1 0.311250 0.473750 0.082500 0.082500
1 0.378750 0.456250 0.082500 0.082500
1 0.583750 0.403750 0.082500 0.082500
1 0.651250 0.388750 0.082500 0.082500
2 0.718750 0.371250 0.082500 0.082500
2 0.786250 0.353750 0.082500 0.082500
1 0.853750 0.336250 0.082500 0.082500
4 0.261250 0.558750 0.082500 0.082500
4 0.463750 0.506250 0.082500 0.082500
1 0.531250 0.488750 0.082500 0.082500
3 0.598750 0.473750 0.082500 0.082500
0 0.668750 0.456250 0.082500 0.082500
4 0.736250 0.438750 0.082500 0.082500
4 0.803750 0.421250 0.082500 0.082500
4 0.871250 0.403750 0.082500 0.082500
2 0.141250 0.658750 0.082500 0.082500
4 0.278750 0.626250 0.082500 0.082500
4 0.413750 0.591250 0.082500 0.082500
4 0.548750 0.558750 0.082500 0.082500
1 0.616250 0.541250 0.082500 0.082500
1 0.683750 0.523750 0.082500 0.082500
4 0.821250 0.488750 0.082500 0.082500
0 0.888750 0.473750 0.082500 0.082500
2 0.226250 0.711250 0.082500 0.082500
3 0.431250 0.658750 0.082500 0.082500
4 0.633750 0.608750 0.082500 0.082500
