1 0.280000 0.315000 0.080000 0.080000
4 0.417500 0.340000 0.080000 0.080000
4 0.487500 0.352500 0.080000 0.080000
1 0.627500 0.377500 0.080000 0.080000
1 0.907500 0.427500 0.080000 0.080000
1 0.337500 0.397500 0.080000 0.080000
1 0.475000 0.422500 0.080000 0.080000
0 0.545000 0.435000 0.080000 0.080000
1 0.685000 0.460000 0.080000 0.080000
3 0.115000 0.430000 0.080000 0.080000
4 0.255000 0.455000 0.080000 0.080000
4 0.395000 0.480000 0.080000 0.080000
1 0.462500 0.492500 0.080000 0.080000
4 0.532500 0.505000 0.080000 0.080000
2 0.602500 0.517500 0.080000 0.080000
0 0.882500 0.567500 0.080000 0.080000
0 0.172500 0.512500 0.080000 0.080000
4 0.520000 0.575000 0.080000 0.080000
4 0.730000 0.612500 0.080000 0.080000
1 0.800000 0.625000 0.080000 0.080000
2 0.870000 0.637500 0.080000 0.080000
1 0.090000 0.570000 0.080000 0.080000
1 0.370000 0.620000 0.080000 0.080000
0 0.577500 0.657500 0.080000 0.080000
1 0.647500 0.670000 0.080000 0.080000
4 0.717500 0.682500 0.080000 0.080000
