1 0.291250 0.361250 0.067500 0.067500
4 0.348750 0.373750 0.067500 0.067500
4 0.461250 0.398750 0.067500 0.067500
1 0.856250 0.491250 0.067500 0.067500
1 0.108750 0.378750 0.067500 0.067500
0 0.166250 0.391250 0.067500 0.067500
3 0.336250 0.428750 0.067500 0.067500
4 0.503750 0.468750 0.067500 0.067500
3 0.673750 0.508750 0.067500 0.067500
1 0.731250 0.521250 0.067500 0.067500
1 0.786250 0.533750 0.067500 0.067500
1 0.843750 0.546250 0.067500 0.067500
3 0.901250 0.558750 0.067500 0.067500
1 0.096250 0.433750 0.067500 0.067500
3 0.153750 0.446250 0.067500 0.067500
4 0.321250 0.486250 0.067500 0.067500
2 0.436250 0.511250 0.067500 0.067500
1 0.603750 0.551250 0.067500 0.067500
4 0.196250 0.516250 0.067500 0.067500
1 0.253750 0.528750 0.067500 0.067500
1 0.536250 0.593750 0.067500 0.067500
4 0.591250 0.608750 0.067500 0.067500
1 0.703750 0.633750 0.067500 0.067500
0 0.761250 0.646250 0.067500 0.067500
