2 0.090000 0.625000 0.080000 0.080000
0 0.245000 0.537500 0.080000 0.080000
0 0.297500 0.507500 0.080000 0.080000
2 0.350000 0.480000 0.080000 0.080000
2 0.402500 0.450000 0.080000 0.080000
2 0.610000 0.332500 0.080000 0.080000
0 0.662500 0.302500 0.080000 0.080000
3 0.715000 0.275000 0.080000 0.080000
2 0.817500 0.215000 0.080000 0.080000
2 0.117500 0.677500 0.080000 0.080000
2 0.275000 0.590000 0.080000 0.080000
4 0.327500 0.560000 0.080000 0.080000
2 0.430000 0.502500 0.080000 0.080000
1 0.482500 0.472500 0.080000 0.080000
2 0.535000 0.442500 0.080000 0.080000
3 0.355000 0.612500 0.080000 0.080000
4 0.407500 0.582500 0.080000 0.080000
3 0.565000 0.495000 0.080000 0.080000
4 0.720000 0.407500 0.080000 0.080000
2 0.825000 0.350000 0.080000 0.080000
4 0.177500 0.782500 0.080000 0.080000
1 0.230000 0.752500 0.080000 0.080000
1 0.385000 0.665000 0.080000 0.080000
3 0.490000 0.605000 0.080000 0.080000
4 0.542500 0.577500 0.080000 0.080000
4 0.697500 0.490000 0.080000 0.080000
