4 0.178750 0.333750 0.067500 0.067500
4 0.236250 0.346250 0.067500 0.067500
0 0.406250 0.386250 0.067500 0.067500
1 0.461250 0.398750 0.067500 0.067500
4 0.686250 0.451250 0.067500 0.067500
1 0.743750 0.463750 0.067500 0.067500
3 0.801250 0.478750 0.067500 0.067500
4 0.108750 0.376250 0.067500 0.067500
1 0.166250 0.391250 0.067500 0.067500
3 0.336250 0.428750 0.067500 0.067500
4 0.561250 0.481250 0.067500 0.067500
1 0.673750 0.508750 0.067500 0.067500
1 0.731250 0.521250 0.067500 0.067500
3 0.898750 0.561250 0.067500 0.067500
1 0.096250 0.433750 0.067500 0.067500
1 0.153750 0.446250 0.067500 0.067500
3 0.208750 0.458750 0.067500 0.067500
1 0.378750 0.498750 0.067500 0.067500
1 0.491250 0.526250 0.067500 0.067500
2 0.661250 0.563750 0.067500 0.067500
1 0.718750 0.578750 0.067500 0.067500
3 0.773750 0.591250 0.067500 0.067500
2 0.831250 0.603750 0.067500 0.067500
4 0.886250 0.616250 0.067500 0.067500
1 0.141250 0.503750 0.067500 0.067500
4 0.308750 0.541250 0.067500 0.067500
4 0.421250 0.568750 0.067500 0.067500
4 0.478750 0.581250 0.067500 0.067500
4 0.703750 0.633750 0.067500 0.067500
1 0.761250 0.646250 0.067500 0.067500
