4 0.173750 0.393750 0.097500 0.097500
1 0.323750 0.346250 0.097500 0.097500
4 0.398750 0.321250 0.097500 0.097500
1 0.548750 0.273750 0.097500 0.097500
2 0.701250 0.226250 0.097500 0.097500
1 0.776250 0.201250 0.097500 0.097500
0 0.121250 0.493750 0.097500 0.097500
4 0.423750 0.398750 0.097500 0.097500
4 0.648750 0.323750 0.097500 0.097500
4 0.723750 0.301250 0.097500 0.097500
3 0.801250 0.276250 0.097500 0.097500
1 0.146250 0.568750 0.097500 0.097500
2 0.221250 0.546250 0.097500 0.097500
2 0.296250 0.521250 0.097500 0.097500
4 0.371250 0.496250 0.097500 0.097500
1 0.446250 0.473750 0.097500 0.097500
2 0.523750 0.448750 0.097500 0.097500
4 0.598750 0.423750 0.097500 0.097500
0 0.673750 0.401250 0.097500 0.097500
0 0.748750 0.376250 0.097500 0.097500
1 0.823750 0.351250 0.097500 0.097500
1 0.171250 0.646250 0.097500 0.097500
2 0.471250 0.548750 0.097500 0.097500
1 0.698750 0.476250 0.097500 0.097500
4 0.773750 0.451250 0.097500 0.097500
4 0.848750 0.426250 0.097500 0.097500
1 0.496250 0.623750 0.097500 0.097500
2 0.218750 0.796250 0.097500 0.097500
2 0.368750 0.746250 0.097500 0.097500
0 0.521250 0.698750 0.097500 0.097500
1 0.671250 0.651250 0.097500 0.097500
