1 0.092500 0.490000 0.085000 0.085000
2 0.222500 0.445000 0.085000 0.085000
1 0.287500 0.422500 0.085000 0.085000
1 0.420000 0.377500 0.085000 0.085000
0 0.550000 0.332500 0.085000 0.085000
1 0.747500 0.267500 0.085000 0.085000
4 0.812500 0.245000 0.085000 0.085000
3 0.112500 0.555000 0.085000 0.085000
0 0.310000 0.487500 0.085000 0.085000
4 0.572500 0.400000 0.085000 0.085000
2 0.637500 0.377500 0.085000 0.085000
1 0.770000 0.332500 0.085000 0.085000
4 0.835000 0.310000 0.085000 0.085000
2 0.267500 0.575000 0.085000 0.085000
2 0.332500 0.555000 0.085000 0.085000
4 0.397500 0.532500 0.085000 0.085000
1 0.660000 0.442500 0.085000 0.085000
3 0.727500 0.420000 0.085000 0.085000
1 0.792500 0.397500 0.085000 0.085000
2 0.857500 0.375000 0.085000 0.085000
0 0.225000 0.665000 0.085000 0.085000
4 0.355000 0.620000 0.085000 0.085000
1 0.420000 0.597500 0.085000 0.085000
4 0.487500 0.575000 0.085000 0.085000
4 0.747500 0.485000 0.085000 0.085000
4 0.815000 0.462500 0.085000 0.085000
4 0.180000 0.752500 0.085000 0.085000
4 0.377500 0.685000 0.085000 0.085000
0 0.837500 0.527500 0.085000 0.085000
1 0.902500 0.507500 0.085000 0.085000
