1 0.168750 0.456250 0.102500 0.102500
1 0.236250 0.418750 0.102500 0.102500
3 0.306250 0.381250 0.102500 0.102500
1 0.646250 0.198750 0.102500 0.102500
1 0.713750 0.163750 0.102500 0.102500
4 0.138750 0.558750 0.102500 0.102500
1 0.206250 0.523750 0.102500 0.102500
3 0.408750 0.413750 0.102500 0.102500
1 0.478750 0.376250 0.102500 0.102500
4 0.546250 0.341250 0.102500 0.102500
1 0.613750 0.303750 0.102500 0.102500
1 0.173750 0.628750 0.102500 0.102500
1 0.513750 0.446250 0.102500 0.102500
1 0.581250 0.408750 0.102500 0.102500
2 0.786250 0.298750 0.102500 0.102500
3 0.211250 0.696250 0.102500 0.102500
4 0.413750 0.586250 0.102500 0.102500
0 0.823750 0.366250 0.102500 0.102500
0 0.248750 0.763750 0.102500 0.102500
2 0.518750 0.618750 0.102500 0.102500
1 0.656250 0.543750 0.102500 0.102500
2 0.791250 0.471250 0.102500 0.102500
4 0.858750 0.433750 0.102500 0.102500
4 0.283750 0.831250 0.102500 0.102500
4 0.421250 0.758750 0.102500 0.102500
1 0.488750 0.721250 0.102500 0.102500
4 0.556250 0.686250 0.102500 0.102500
