2 0.158750 0.358750 0.072500 0.072500
4 0.381250 0.353750 0.072500 0.072500
1 0.528750 0.348750 0.072500 0.072500
2 0.676250 0.343750 0.072500 0.072500
4 0.751250 0.341250 0.072500 0.072500
1 0.823750 0.338750 0.072500 0.072500
2 0.161250 0.433750 0.072500 0.072500
0 0.531250 0.421250 0.072500 0.072500
4 0.753750 0.416250 0.072500 0.072500
1 0.901250 0.411250 0.072500 0.072500
4 0.163750 0.506250 0.072500 0.072500
4 0.458750 0.498750 0.072500 0.072500
1 0.606250 0.493750 0.072500 0.072500
0 0.681250 0.491250 0.072500 0.072500
1 0.828750 0.488750 0.072500 0.072500
1 0.903750 0.486250 0.072500 0.072500
1 0.313750 0.576250 0.072500 0.072500
1 0.386250 0.573750 0.072500 0.072500
2 0.093750 0.658750 0.072500 0.072500
3 0.168750 0.656250 0.072500 0.072500
0 0.758750 0.638750 0.072500 0.072500
4 0.833750 0.636250 0.072500 0.072500
2 0.908750 0.633750 0.072500 0.072500
