4 0.088750 0.611250 0.077500 0.077500
4 0.193750 0.556250 0.077500 0.077500
1 0.403750 0.446250 0.077500 0.077500
2 0.561250 0.361250 0.077500 0.077500
4 0.718750 0.278750 0.077500 0.077500
4 0.221250 0.608750 0.077500 0.077500
1 0.273750 0.581250 0.077500 0.077500
4 0.326250 0.553750 0.077500 0.077500
2 0.378750 0.526250 0.077500 0.077500
1 0.536250 0.443750 0.077500 0.077500
1 0.588750 0.413750 0.077500 0.077500
0 0.693750 0.358750 0.077500 0.077500
2 0.301250 0.633750 0.077500 0.077500
3 0.353750 0.606250 0.077500 0.077500
4 0.563750 0.496250 0.077500 0.077500
1 0.773750 0.383750 0.077500 0.077500
4 0.826250 0.356250 0.077500 0.077500
1 0.878750 0.328750 0.077500 0.077500
0 0.171250 0.768750 0.077500 0.077500
4 0.276250 0.713750 0.077500 0.077500
0 0.381250 0.658750 0.077500 0.077500
4 0.538750 0.576250 0.077500 0.077500
4 0.643750 0.518750 0.077500 0.077500
4 0.696250 0.491250 0.077500 0.077500
2 0.853750 0.408750 0.077500 0.077500
4 0.906250 0.381250 0.077500 0.077500
