2 0.147500 0.387500 0.060000 0.060000
3 0.325000 0.400000 0.060000 0.060000
0 0.502500 0.410000 0.060000 0.060000
3 0.680000 0.420000 0.060000 0.060000
4 0.737500 0.422500 0.060000 0.060000
3 0.797500 0.427500 0.060000 0.060000
2 0.145000 0.447500 0.060000 0.060000
1 0.202500 0.450000 0.060000 0.060000
1 0.262500 0.455000 0.060000 0.060000
2 0.380000 0.462500 0.060000 0.060000
4 0.497500 0.467500 0.060000 0.060000
4 0.557500 0.472500 0.060000 0.060000
4 0.617500 0.475000 0.060000 0.060000
0 0.675000 0.480000 0.060000 0.060000
2 0.735000 0.482500 0.060000 0.060000
0 0.852500 0.490000 0.060000 0.060000
1 0.200000 0.510000 0.060000 0.060000
0 0.260000 0.512500 0.060000 0.060000
1 0.612500 0.535000 0.060000 0.060000
1 0.730000 0.542500 0.060000 0.060000
1 0.907500 0.552500 0.060000 0.060000
4 0.077500 0.562500 0.060000 0.060000
0 0.197500 0.570000 0.060000 0.060000
2 0.315000 0.575000 0.060000 0.060000
0 0.492500 0.587500 0.060000 0.060000
1 0.550000 0.590000 0.060000 0.060000
2 0.610000 0.592500 0.060000 0.060000
4 0.667500 0.597500 0.060000 0.060000
3 0.905000 0.610000 0.060000 0.060000
