1 0.215000 0.207500 0.090000 0.090000
4 0.715000 0.447500 0.090000 0.090000
1 0.840000 0.510000 0.090000 0.090000
2 0.310000 0.330000 0.090000 0.090000
0 0.497500 0.420000 0.090000 0.090000
4 0.622500 0.480000 0.090000 0.090000
4 0.810000 0.570000 0.090000 0.090000
3 0.280000 0.392500 0.090000 0.090000
1 0.342500 0.422500 0.090000 0.090000
0 0.530000 0.512500 0.090000 0.090000
4 0.592500 0.542500 0.090000 0.090000
4 0.717500 0.602500 0.090000 0.090000
1 0.187500 0.425000 0.090000 0.090000
1 0.312500 0.485000 0.090000 0.090000
4 0.500000 0.575000 0.090000 0.090000
1 0.625000 0.635000 0.090000 0.090000
4 0.687500 0.665000 0.090000 0.090000
1 0.750000 0.695000 0.090000 0.090000
4 0.157500 0.487500 0.090000 0.090000
2 0.595000 0.697500 0.090000 0.090000
4 0.720000 0.757500 0.090000 0.090000
3 0.780000 0.787500 0.090000 0.090000
