1 0.093750 0.338750 0.072500 0.072500
1 0.166250 0.341250 0.072500 0.072500
1 0.241250 0.343750 0.072500 0.072500
2 0.316250 0.343750 0.072500 0.072500
4 0.686250 0.353750 0.072500 0.072500
2 0.836250 0.356250 0.072500 0.072500
4 0.238750 0.416250 0.072500 0.072500
1 0.388750 0.421250 0.072500 0.072500
2 0.536250 0.423750 0.072500 0.072500
1 0.611250 0.426250 0.072500 0.072500
2 0.683750 0.428750 0.072500 0.072500
2 0.758750 0.428750 0.072500 0.072500
2 0.833750 0.431250 0.072500 0.072500
0 0.088750 0.488750 0.072500 0.072500
3 0.311250 0.493750 0.072500 0.072500
1 0.461250 0.496250 0.072500 0.072500
1 0.533750 0.498750 0.072500 0.072500
1 0.683750 0.501250 0.072500 0.072500
1 0.831250 0.506250 0.072500 0.072500
3 0.906250 0.506250 0.072500 0.072500
4 0.161250 0.563750 0.072500 0.072500
4 0.311250 0.566250 0.072500 0.072500
2 0.383750 0.568750 0.072500 0.072500
1 0.458750 0.571250 0.072500 0.072500
2 0.533750 0.573750 0.072500 0.072500
4 0.308750 0.641250 0.072500 0.072500
1 0.456250 0.646250 0.072500 0.072500
1 0.531250 0.646250 0.072500 0.072500
1 0.901250 0.656250 0.072500 0.072500
