1 0.371250 0.348750 0.102500 0.102500
2 0.436250 0.311250 0.102500 0.102500
4 0.638750 0.196250 0.102500 0.102500
4 0.706250 0.158750 0.102500 0.102500
4 0.408750 0.416250 0.102500 0.102500
2 0.541250 0.338750 0.102500 0.102500
2 0.676250 0.263750 0.102500 0.102500
1 0.743750 0.226250 0.102500 0.102500
1 0.176250 0.633750 0.102500 0.102500
4 0.378750 0.521250 0.102500 0.102500
4 0.446250 0.481250 0.102500 0.102500
4 0.646250 0.368750 0.102500 0.102500
4 0.781250 0.293750 0.102500 0.102500
2 0.216250 0.701250 0.102500 0.102500
4 0.483750 0.548750 0.102500 0.102500
3 0.453750 0.653750 0.102500 0.102500
2 0.791250 0.466250 0.102500 0.102500
4 0.856250 0.428750 0.102500 0.102500
2 0.426250 0.758750 0.102500 0.102500
1 0.491250 0.721250 0.102500 0.102500
0 0.558750 0.683750 0.102500 0.102500
4 0.693750 0.608750 0.102500 0.102500
2 0.828750 0.533750 0.102500 0.102500
2 0.896250 0.493750 0.102500 0.102500
