0 0.212500 0.260000 0.090000 0.090000
2 0.297500 0.265000 0.090000 0.090000
2 0.385000 0.272500 0.090000 0.090000
4 0.642500 0.290000 0.090000 0.090000
3 0.730000 0.297500 0.090000 0.090000
4 0.120000 0.340000 0.090000 0.090000
4 0.292500 0.352500 0.090000 0.090000
4 0.637500 0.377500 0.090000 0.090000
4 0.722500 0.382500 0.090000 0.090000
1 0.810000 0.390000 0.090000 0.090000
1 0.200000 0.432500 0.090000 0.090000
4 0.285000 0.437500 0.090000 0.090000
4 0.372500 0.445000 0.090000 0.090000
2 0.802500 0.475000 0.090000 0.090000
4 0.192500 0.517500 0.090000 0.090000
2 0.280000 0.525000 0.090000 0.090000
4 0.452500 0.537500 0.090000 0.090000
4 0.537500 0.542500 0.090000 0.090000
0 0.710000 0.555000 0.090000 0.090000
1 0.797500 0.562500 0.090000 0.090000
4 0.882500 0.567500 0.090000 0.090000
4 0.272500 0.610000 0.090000 0.090000
1 0.360000 0.617500 0.090000 0.090000
1 0.532500 0.630000 0.090000 0.090000
3 0.790000 0.647500 0.090000 0.090000
1 0.877500 0.655000 0.090000 0.090000
0 0.440000 0.710000 0.090000 0.090000
2 0.525000 0.715000 0.090000 0.090000
4 0.870000 0.740000 0.090000 0.090000
