4 0.261250 0.318750 0.092500 0.092500
1 0.426250 0.296250 0.092500 0.092500
1 0.511250 0.283750 0.092500 0.092500
4 0.676250 0.261250 0.092500 0.092500
4 0.106250 0.423750 0.092500 0.092500
4 0.273750 0.401250 0.092500 0.092500
1 0.356250 0.388750 0.092500 0.092500
0 0.603750 0.356250 0.092500 0.092500
4 0.688750 0.343750 0.092500 0.092500
0 0.533750 0.451250 0.092500 0.092500
2 0.698750 0.426250 0.092500 0.092500
4 0.866250 0.403750 0.092500 0.092500
0 0.128750 0.591250 0.092500 0.092500
4 0.543750 0.533750 0.092500 0.092500
0 0.711250 0.511250 0.092500 0.092500
1 0.793750 0.498750 0.092500 0.092500
2 0.223750 0.661250 0.092500 0.092500
1 0.473750 0.628750 0.092500 0.092500
4 0.556250 0.616250 0.092500 0.092500
2 0.888750 0.571250 0.092500 0.092500
1 0.151250 0.756250 0.092500 0.092500
0 0.483750 0.711250 0.092500 0.092500
