1 0.251250 0.321250 0.072500 0.072500
4 0.471250 0.396250 0.072500 0.072500
4 0.636250 0.453750 0.072500 0.072500
3 0.911250 0.546250 0.072500 0.072500
0 0.123750 0.338750 0.072500 0.072500
2 0.233750 0.376250 0.072500 0.072500
4 0.398750 0.431250 0.072500 0.072500
2 0.453750 0.451250 0.072500 0.072500
3 0.563750 0.488750 0.072500 0.072500
4 0.893750 0.601250 0.072500 0.072500
1 0.268750 0.448750 0.072500 0.072500
1 0.433750 0.506250 0.072500 0.072500
1 0.488750 0.523750 0.072500 0.072500
1 0.543750 0.543750 0.072500 0.072500
3 0.653750 0.581250 0.072500 0.072500
4 0.763750 0.618750 0.072500 0.072500
3 0.818750 0.638750 0.072500 0.072500
4 0.873750 0.656250 0.072500 0.072500
4 0.086250 0.448750 0.072500 0.072500
3 0.141250 0.466250 0.072500 0.072500
2 0.196250 0.486250 0.072500 0.072500
4 0.361250 0.541250 0.072500 0.072500
2 0.416250 0.561250 0.072500 0.072500
4 0.526250 0.598750 0.072500 0.072500
1 0.636250 0.636250 0.072500 0.072500
3 0.853750 0.711250 0.072500 0.072500
