4 0.437500 0.360000 0.080000 0.080000
4 0.490000 0.390000 0.080000 0.080000
1 0.147500 0.267500 0.080000 0.080000
2 0.200000 0.295000 0.080000 0.080000
1 0.252500 0.325000 0.080000 0.080000
1 0.355000 0.382500 0.080000 0.080000
1 0.407500 0.412500 0.080000 0.080000
4 0.460000 0.442500 0.080000 0.080000
1 0.512500 0.472500 0.080000 0.080000
4 0.617500 0.530000 0.080000 0.080000
3 0.772500 0.617500 0.080000 0.080000
4 0.825000 0.647500 0.080000 0.080000
1 0.117500 0.320000 0.080000 0.080000
1 0.170000 0.347500 0.080000 0.080000
4 0.275000 0.407500 0.080000 0.080000
1 0.430000 0.495000 0.080000 0.080000
4 0.742500 0.670000 0.080000 0.080000
1 0.847500 0.727500 0.080000 0.080000
0 0.140000 0.400000 0.080000 0.080000
1 0.350000 0.517500 0.080000 0.080000
0 0.402500 0.547500 0.080000 0.080000
2 0.557500 0.635000 0.080000 0.080000
4 0.610000 0.662500 0.080000 0.080000
2 0.662500 0.692500 0.080000 0.080000
0 0.715000 0.722500 0.080000 0.080000
4 0.817500 0.780000 0.080000 0.080000
