0 0.373750 0.246250 0.097500 0.097500
2 0.523750 0.298750 0.097500 0.097500
0 0.596250 0.323750 0.097500 0.097500
1 0.746250 0.373750 0.097500 0.097500
2 0.896250 0.423750 0.097500 0.097500
4 0.273750 0.296250 0.097500 0.097500
1 0.348750 0.321250 0.097500 0.097500
0 0.423750 0.346250 0.097500 0.097500
4 0.571250 0.398750 0.097500 0.097500
4 0.646250 0.423750 0.097500 0.097500
4 0.471250 0.446250 0.097500 0.097500
4 0.546250 0.471250 0.097500 0.097500
1 0.771250 0.548750 0.097500 0.097500
1 0.846250 0.573750 0.097500 0.097500
2 0.223750 0.446250 0.097500 0.097500
1 0.298750 0.471250 0.097500 0.097500
1 0.371250 0.496250 0.097500 0.097500
4 0.446250 0.521250 0.097500 0.097500
1 0.746250 0.623750 0.097500 0.097500
2 0.198750 0.521250 0.097500 0.097500
1 0.346250 0.571250 0.097500 0.097500
1 0.646250 0.671250 0.097500 0.097500
4 0.173750 0.596250 0.097500 0.097500
1 0.396250 0.671250 0.097500 0.097500
1 0.546250 0.721250 0.097500 0.097500
1 0.621250 0.746250 0.097500 0.097500
1 0.696250 0.771250 0.097500 0.097500
2 0.771250 0.796250 0.097500 0.097500
