1 0.358750 0.196250 0.102500 0.102500
1 0.626250 0.348750 0.102500 0.102500
4 0.588750 0.416250 0.102500 0.102500
3 0.656250 0.453750 0.102500 0.102500
4 0.723750 0.491250 0.102500 0.102500
1 0.216250 0.291250 0.102500 0.102500
4 0.483750 0.443750 0.102500 0.102500
0 0.551250 0.483750 0.102500 0.102500
1 0.618750 0.521250 0.102500 0.102500
2 0.818750 0.636250 0.102500 0.102500
1 0.243750 0.396250 0.102500 0.102500
2 0.446250 0.511250 0.102500 0.102500
1 0.578750 0.588750 0.102500 0.102500
2 0.713750 0.663750 0.102500 0.102500
4 0.138750 0.426250 0.102500 0.102500
4 0.206250 0.463750 0.102500 0.102500
2 0.341250 0.541250 0.102500 0.102500
4 0.473750 0.616250 0.102500 0.102500
2 0.541250 0.653750 0.102500 0.102500
1 0.608750 0.693750 0.102500 0.102500
4 0.236250 0.568750 0.102500 0.102500
4 0.368750 0.646250 0.102500 0.102500
0 0.436250 0.683750 0.102500 0.102500
0 0.571250 0.758750 0.102500 0.102500
