4 0.242500 0.337500 0.070000 0.070000
0 0.297500 0.352500 0.070000 0.070000
1 0.520000 0.415000 0.070000 0.070000
4 0.577500 0.430000 0.070000 0.070000
2 0.632500 0.445000 0.070000 0.070000
1 0.855000 0.507500 0.070000 0.070000
4 0.170000 0.377500 0.070000 0.070000
4 0.225000 0.392500 0.070000 0.070000
4 0.337500 0.425000 0.070000 0.070000
4 0.392500 0.440000 0.070000 0.070000
4 0.505000 0.470000 0.070000 0.070000
0 0.560000 0.487500 0.070000 0.070000
1 0.617500 0.502500 0.070000 0.070000
1 0.672500 0.517500 0.070000 0.070000
4 0.727500 0.532500 0.070000 0.070000
0 0.785000 0.547500 0.070000 0.070000
1 0.895000 0.580000 0.070000 0.070000
4 0.100000 0.417500 0.070000 0.070000
2 0.155000 0.432500 0.070000 0.070000
1 0.377500 0.495000 0.070000 0.070000
4 0.435000 0.510000 0.070000 0.070000
4 0.490000 0.527500 0.070000 0.070000
1 0.712500 0.587500 0.070000 0.070000
4 0.825000 0.620000 0.070000 0.070000
4 0.195000 0.505000 0.070000 0.070000
1 0.417500 0.567500 0.070000 0.070000
2 0.585000 0.612500 0.070000 0.070000
4 0.642500 0.630000 0.070000 0.070000
4 0.752500 0.660000 0.070000 0.070000
2 0.810000 0.675000 0.070000 0.070000
4 0.865000 0.690000 0.070000 0.070000
