2 0.302500 0.367500 0.075000 0.075000
1 0.375000 0.360000 0.075000 0.075000
2 0.447500 0.355000 0.075000 0.075000
1 0.882500 0.317500 0.075000 0.075000
1 0.092500 0.457500 0.075000 0.075000
2 0.165000 0.452500 0.075000 0.075000
4 0.382500 0.432500 0.075000 0.075000
3 0.527500 0.420000 0.075000 0.075000
1 0.742500 0.402500 0.075000 0.075000
0 0.815000 0.397500 0.075000 0.075000
1 0.170000 0.525000 0.075000 0.075000
2 0.242500 0.517500 0.075000 0.075000
2 0.387500 0.505000 0.075000 0.075000
2 0.677500 0.480000 0.075000 0.075000
4 0.250000 0.590000 0.075000 0.075000
1 0.610000 0.560000 0.075000 0.075000
2 0.682500 0.552500 0.075000 0.075000
0 0.827500 0.540000 0.075000 0.075000
1 0.900000 0.535000 0.075000 0.075000
2 0.110000 0.675000 0.075000 0.075000
1 0.400000 0.650000 0.075000 0.075000
4 0.617500 0.632500 0.075000 0.075000
1 0.762500 0.620000 0.075000 0.075000
2 0.835000 0.612500 0.075000 0.075000
