0 0.095000 0.310000 0.090000 0.090000
4 0.265000 0.297500 0.090000 0.090000
4 0.352500 0.292500 0.090000 0.090000
1 0.610000 0.272500 0.090000 0.090000
2 0.617500 0.357500 0.090000 0.090000
0 0.702500 0.352500 0.090000 0.090000
2 0.107500 0.482500 0.090000 0.090000
0 0.277500 0.470000 0.090000 0.090000
4 0.365000 0.462500 0.090000 0.090000
2 0.795000 0.432500 0.090000 0.090000
4 0.112500 0.567500 0.090000 0.090000
1 0.370000 0.550000 0.090000 0.090000
4 0.457500 0.542500 0.090000 0.090000
4 0.542500 0.537500 0.090000 0.090000
0 0.715000 0.525000 0.090000 0.090000
0 0.120000 0.655000 0.090000 0.090000
1 0.292500 0.642500 0.090000 0.090000
1 0.377500 0.635000 0.090000 0.090000
4 0.462500 0.630000 0.090000 0.090000
4 0.635000 0.617500 0.090000 0.090000
2 0.807500 0.605000 0.090000 0.090000
4 0.385000 0.722500 0.090000 0.090000
3 0.470000 0.715000 0.090000 0.090000
3 0.555000 0.710000 0.090000 0.090000
4 0.727500 0.697500 0.090000 0.090000
0 0.815000 0.690000 0.090000 0.090000
0 0.900000 0.682500 0.090000 0.090000
