3 0.156250 0.376250 0.062500 0.062500
0 0.216250 0.381250 0.062500 0.062500
4 0.331250 0.393750 0.062500 0.062500
2 0.448750 0.406250 0.062500 0.062500
4 0.566250 0.416250 0.062500 0.062500
4 0.623750 0.421250 0.062500 0.062500
4 0.093750 0.428750 0.062500 0.062500
4 0.268750 0.446250 0.062500 0.062500
1 0.383750 0.458750 0.062500 0.062500
1 0.501250 0.468750 0.062500 0.062500
4 0.618750 0.481250 0.062500 0.062500
2 0.793750 0.498750 0.062500 0.062500
4 0.086250 0.486250 0.062500 0.062500
2 0.146250 0.493750 0.062500 0.062500
4 0.261250 0.503750 0.062500 0.062500
4 0.378750 0.516250 0.062500 0.062500
3 0.436250 0.521250 0.062500 0.062500
4 0.496250 0.528750 0.062500 0.062500
1 0.671250 0.546250 0.062500 0.062500
0 0.788750 0.556250 0.062500 0.062500
4 0.081250 0.546250 0.062500 0.062500
4 0.138750 0.551250 0.062500 0.062500
0 0.198750 0.556250 0.062500 0.062500
2 0.313750 0.568750 0.062500 0.062500
4 0.373750 0.573750 0.062500 0.062500
4 0.606250 0.598750 0.062500 0.062500
1 0.663750 0.603750 0.062500 0.062500
