4 0.090000 0.382500 0.060000 0.060000
4 0.385000 0.402500 0.060000 0.060000
1 0.445000 0.405000 0.060000 0.060000
1 0.562500 0.412500 0.060000 0.060000
1 0.680000 0.420000 0.060000 0.060000
2 0.797500 0.430000 0.060000 0.060000
1 0.915000 0.437500 0.060000 0.060000
4 0.087500 0.442500 0.060000 0.060000
1 0.147500 0.445000 0.060000 0.060000
1 0.205000 0.450000 0.060000 0.060000
3 0.265000 0.452500 0.060000 0.060000
4 0.500000 0.467500 0.060000 0.060000
4 0.795000 0.487500 0.060000 0.060000
2 0.912500 0.495000 0.060000 0.060000
1 0.082500 0.500000 0.060000 0.060000
2 0.437500 0.522500 0.060000 0.060000
4 0.672500 0.540000 0.060000 0.060000
2 0.790000 0.547500 0.060000 0.060000
4 0.257500 0.570000 0.060000 0.060000
4 0.432500 0.582500 0.060000 0.060000
2 0.492500 0.587500 0.060000 0.060000
1 0.610000 0.595000 0.060000 0.060000
0 0.727500 0.602500 0.060000 0.060000
4 0.905000 0.612500 0.060000 0.060000
