1 0.275000 0.240000 0.090000 0.090000
1 0.400000 0.300000 0.090000 0.090000
4 0.462500 0.330000 0.090000 0.090000
2 0.587500 0.387500 0.090000 0.090000
0 0.652500 0.417500 0.090000 0.090000
4 0.902500 0.535000 0.090000 0.090000
1 0.245000 0.302500 0.090000 0.090000
4 0.622500 0.480000 0.090000 0.090000
4 0.685000 0.510000 0.090000 0.090000
2 0.810000 0.567500 0.090000 0.090000
0 0.872500 0.597500 0.090000 0.090000
0 0.217500 0.365000 0.090000 0.090000
1 0.592500 0.542500 0.090000 0.090000
4 0.655000 0.572500 0.090000 0.090000
1 0.717500 0.602500 0.090000 0.090000
1 0.375000 0.517500 0.090000 0.090000
2 0.437500 0.547500 0.090000 0.090000
1 0.500000 0.575000 0.090000 0.090000
2 0.625000 0.635000 0.090000 0.090000
2 0.095000 0.462500 0.090000 0.090000
2 0.220000 0.520000 0.090000 0.090000
4 0.282500 0.550000 0.090000 0.090000
4 0.345000 0.580000 0.090000 0.090000
2 0.407500 0.610000 0.090000 0.090000
2 0.532500 0.667500 0.090000 0.090000
2 0.785000 0.785000 0.090000 0.090000
