1 0.357500 0.252500 0.095000 0.095000
1 0.590000 0.315000 0.095000 0.095000
1 0.897500 0.397500 0.095000 0.095000
2 0.412500 0.350000 0.095000 0.095000
3 0.567500 0.392500 0.095000 0.095000
1 0.877500 0.475000 0.095000 0.095000
0 0.392500 0.427500 0.095000 0.095000
4 0.625000 0.490000 0.095000 0.095000
3 0.702500 0.512500 0.095000 0.095000
1 0.780000 0.532500 0.095000 0.095000
4 0.857500 0.552500 0.095000 0.095000
1 0.525000 0.547500 0.095000 0.095000
1 0.602500 0.567500 0.095000 0.095000
1 0.680000 0.590000 0.095000 0.095000
4 0.757500 0.610000 0.095000 0.095000
4 0.835000 0.630000 0.095000 0.095000
4 0.195000 0.540000 0.095000 0.095000
1 0.350000 0.582500 0.095000 0.095000
4 0.505000 0.625000 0.095000 0.095000
2 0.582500 0.645000 0.095000 0.095000
2 0.737500 0.687500 0.095000 0.095000
2 0.097500 0.597500 0.095000 0.095000
3 0.175000 0.617500 0.095000 0.095000
4 0.252500 0.640000 0.095000 0.095000
0 0.407500 0.680000 0.095000 0.095000
3 0.640000 0.742500 0.095000 0.095000
1 0.792500 0.785000 0.095000 0.095000
