1 0.440000 0.272500 0.095000 0.095000
4 0.517500 0.295000 0.095000 0.095000
1 0.592500 0.317500 0.095000 0.095000
4 0.670000 0.340000 0.095000 0.095000
4 0.745000 0.362500 0.095000 0.095000
2 0.820000 0.385000 0.095000 0.095000
4 0.897500 0.407500 0.095000 0.095000
0 0.265000 0.302500 0.095000 0.095000
4 0.165000 0.355000 0.095000 0.095000
2 0.242500 0.377500 0.095000 0.095000
4 0.317500 0.402500 0.095000 0.095000
0 0.395000 0.425000 0.095000 0.095000
4 0.470000 0.447500 0.095000 0.095000
2 0.547500 0.470000 0.095000 0.095000
4 0.775000 0.537500 0.095000 0.095000
2 0.142500 0.432500 0.095000 0.095000
1 0.372500 0.500000 0.095000 0.095000
1 0.600000 0.567500 0.095000 0.095000
1 0.677500 0.592500 0.095000 0.095000
2 0.830000 0.637500 0.095000 0.095000
4 0.120000 0.507500 0.095000 0.095000
1 0.197500 0.530000 0.095000 0.095000
2 0.272500 0.555000 0.095000 0.095000
1 0.807500 0.712500 0.095000 0.095000
4 0.097500 0.585000 0.095000 0.095000
4 0.327500 0.652500 0.095000 0.095000
4 0.555000 0.720000 0.095000 0.095000
