4 0.086250 0.606250 0.077500 0.077500
1 0.193750 0.551250 0.077500 0.077500
1 0.246250 0.526250 0.077500 0.077500
1 0.351250 0.471250 0.077500 0.077500
4 0.563750 0.366250 0.077500 0.077500
4 0.721250 0.286250 0.077500 0.077500
0 0.773750 0.258750 0.077500 0.077500
1 0.826250 0.233750 0.077500 0.077500
4 0.113750 0.658750 0.077500 0.077500
1 0.273750 0.578750 0.077500 0.077500
2 0.378750 0.526250 0.077500 0.077500
4 0.483750 0.471250 0.077500 0.077500
4 0.748750 0.338750 0.077500 0.077500
2 0.801250 0.313750 0.077500 0.077500
2 0.853750 0.286250 0.077500 0.077500
3 0.141250 0.711250 0.077500 0.077500
4 0.193750 0.683750 0.077500 0.077500
1 0.298750 0.631250 0.077500 0.077500
3 0.351250 0.603750 0.077500 0.077500
1 0.458750 0.551250 0.077500 0.077500
4 0.881250 0.338750 0.077500 0.077500
0 0.218750 0.736250 0.077500 0.077500
4 0.273750 0.711250 0.077500 0.077500
2 0.326250 0.683750 0.077500 0.077500
4 0.378750 0.656250 0.077500 0.077500
4 0.431250 0.631250 0.077500 0.077500
4 0.483750 0.603750 0.077500 0.077500
2 0.536250 0.578750 0.077500 0.077500
2 0.696250 0.498750 0.077500 0.077500
1 0.801250 0.443750 0.077500 0.077500
1 0.906250 0.391250 0.077500 0.077500
