4 0.247500 0.327500 0.070000 0.070000
0 0.302500 0.345000 0.070000 0.070000
1 0.745000 0.482500 0.070000 0.070000
0 0.855000 0.515000 0.070000 0.070000
3 0.120000 0.350000 0.070000 0.070000
1 0.230000 0.385000 0.070000 0.070000
1 0.285000 0.400000 0.070000 0.070000
4 0.395000 0.435000 0.070000 0.070000
1 0.507500 0.470000 0.070000 0.070000
4 0.617500 0.502500 0.070000 0.070000
4 0.672500 0.520000 0.070000 0.070000
4 0.782500 0.555000 0.070000 0.070000
4 0.840000 0.572500 0.070000 0.070000
1 0.322500 0.472500 0.070000 0.070000
3 0.435000 0.507500 0.070000 0.070000
4 0.545000 0.542500 0.070000 0.070000
1 0.655000 0.575000 0.070000 0.070000
4 0.710000 0.592500 0.070000 0.070000
4 0.767500 0.610000 0.070000 0.070000
1 0.250000 0.512500 0.070000 0.070000
0 0.362500 0.545000 0.070000 0.070000
4 0.417500 0.562500 0.070000 0.070000
2 0.527500 0.597500 0.070000 0.070000
4 0.582500 0.615000 0.070000 0.070000
2 0.805000 0.682500 0.070000 0.070000
