1 0.283750 0.441250 0.087500 0.087500
4 0.346250 0.413750 0.087500 0.087500
0 0.411250 0.386250 0.087500 0.087500
1 0.473750 0.356250 0.087500 0.087500
4 0.663750 0.273750 0.087500 0.087500
4 0.726250 0.246250 0.087500 0.087500
4 0.788750 0.216250 0.087500 0.087500
0 0.183750 0.561250 0.087500 0.087500
1 0.753750 0.308750 0.087500 0.087500
0 0.818750 0.281250 0.087500 0.087500
1 0.148750 0.651250 0.087500 0.087500
3 0.213750 0.623750 0.087500 0.087500
3 0.276250 0.596250 0.087500 0.087500
1 0.338750 0.566250 0.087500 0.087500
1 0.403750 0.538750 0.087500 0.087500
1 0.466250 0.511250 0.087500 0.087500
4 0.528750 0.483750 0.087500 0.087500
1 0.656250 0.428750 0.087500 0.087500
1 0.846250 0.343750 0.087500 0.087500
4 0.178750 0.713750 0.087500 0.087500
4 0.241250 0.686250 0.087500 0.087500
4 0.303750 0.658750 0.087500 0.087500
1 0.493750 0.573750 0.087500 0.087500
2 0.556250 0.546250 0.087500 0.087500
1 0.621250 0.518750 0.087500 0.087500
1 0.746250 0.463750 0.087500 0.087500
1 0.206250 0.778750 0.087500 0.087500
1 0.331250 0.721250 0.087500 0.087500
2 0.586250 0.611250 0.087500 0.087500
4 0.648750 0.581250 0.087500 0.087500
1 0.773750 0.526250 0.087500 0.087500
