2 0.103750 0.356250 0.062500 0.062500
2 0.276250 0.378750 0.062500 0.062500
4 0.336250 0.386250 0.062500 0.062500
2 0.566250 0.416250 0.062500 0.062500
0 0.741250 0.438750 0.062500 0.062500
4 0.798750 0.446250 0.062500 0.062500
0 0.856250 0.453750 0.062500 0.062500
4 0.153750 0.421250 0.062500 0.062500
4 0.211250 0.428750 0.062500 0.062500
1 0.268750 0.436250 0.062500 0.062500
4 0.328750 0.443750 0.062500 0.062500
0 0.501250 0.468750 0.062500 0.062500
2 0.733750 0.498750 0.062500 0.062500
1 0.791250 0.506250 0.062500 0.062500
4 0.906250 0.521250 0.062500 0.062500
3 0.088750 0.473750 0.062500 0.062500
1 0.146250 0.481250 0.062500 0.062500
4 0.203750 0.488750 0.062500 0.062500
4 0.436250 0.518750 0.062500 0.062500
4 0.493750 0.526250 0.062500 0.062500
2 0.551250 0.533750 0.062500 0.062500
4 0.608750 0.541250 0.062500 0.062500
3 0.668750 0.548750 0.062500 0.062500
2 0.783750 0.563750 0.062500 0.062500
2 0.841250 0.571250 0.062500 0.062500
4 0.898750 0.578750 0.062500 0.062500
4 0.081250 0.531250 0.062500 0.062500
0 0.138750 0.538750 0.062500 0.062500
1 0.196250 0.546250 0.062500 0.062500
1 0.371250 0.568750 0.062500 0.062500
1 0.486250 0.583750 0.062500 0.062500
4 0.543750 0.591250 0.062500 0.062500
1 0.601250 0.598750 0.062500 0.062500
2 0.718750 0.613750 0.062500 0.062500
4 0.833750 0.628750 0.062500 0.062500
2 0.891250 0.636250 0.062500 0.062500
