4 0.338750 0.331250 0.077500 0.077500
2 0.408750 0.341250 0.077500 0.077500
1 0.481250 0.351250 0.077500 0.077500
4 0.186250 0.383750 0.077500 0.077500
2 0.328750 0.403750 0.077500 0.077500
4 0.401250 0.411250 0.077500 0.077500
1 0.613750 0.438750 0.077500 0.077500
1 0.826250 0.466250 0.077500 0.077500
4 0.898750 0.476250 0.077500 0.077500
0 0.106250 0.446250 0.077500 0.077500
1 0.248750 0.463750 0.077500 0.077500
4 0.391250 0.483750 0.077500 0.077500
4 0.461250 0.491250 0.077500 0.077500
4 0.533750 0.501250 0.077500 0.077500
4 0.603750 0.511250 0.077500 0.077500
4 0.676250 0.518750 0.077500 0.077500
0 0.098750 0.516250 0.077500 0.077500
1 0.311250 0.543750 0.077500 0.077500
4 0.381250 0.553750 0.077500 0.077500
4 0.453750 0.563750 0.077500 0.077500
3 0.666250 0.591250 0.077500 0.077500
1 0.808750 0.608750 0.077500 0.077500
0 0.373750 0.626250 0.077500 0.077500
1 0.443750 0.633750 0.077500 0.077500
4 0.516250 0.643750 0.077500 0.077500
1 0.586250 0.653750 0.077500 0.077500
