0 0.311250 0.216250 0.097500 0.097500
2 0.383750 0.246250 0.097500 0.097500
4 0.528750 0.301250 0.097500 0.097500
4 0.603750 0.328750 0.097500 0.097500
0 0.676250 0.356250 0.097500 0.097500
1 0.748750 0.386250 0.097500 0.097500
1 0.208750 0.261250 0.097500 0.097500
4 0.283750 0.291250 0.097500 0.097500
4 0.356250 0.318750 0.097500 0.097500
1 0.721250 0.458750 0.097500 0.097500
1 0.401250 0.418750 0.097500 0.097500
0 0.473750 0.446250 0.097500 0.097500
2 0.838750 0.586250 0.097500 0.097500
4 0.446250 0.521250 0.097500 0.097500
1 0.591250 0.576250 0.097500 0.097500
1 0.666250 0.603750 0.097500 0.097500
2 0.738750 0.631250 0.097500 0.097500
3 0.811250 0.661250 0.097500 0.097500
1 0.343750 0.566250 0.097500 0.097500
0 0.491250 0.621250 0.097500 0.097500
2 0.711250 0.706250 0.097500 0.097500
4 0.783750 0.733750 0.097500 0.097500
1 0.098750 0.553750 0.097500 0.097500
4 0.463750 0.693750 0.097500 0.097500
4 0.756250 0.806250 0.097500 0.097500
