4 0.415000 0.235000 0.100000 0.100000
0 0.482500 0.272500 0.100000 0.100000
0 0.620000 0.342500 0.100000 0.100000
0 0.757500 0.415000 0.100000 0.100000
4 0.825000 0.450000 0.100000 0.100000
1 0.447500 0.340000 0.100000 0.100000
4 0.585000 0.412500 0.100000 0.100000
4 0.790000 0.517500 0.100000 0.100000
4 0.857500 0.552500 0.100000 0.100000
3 0.205000 0.302500 0.100000 0.100000
3 0.275000 0.337500 0.100000 0.100000
4 0.342500 0.372500 0.100000 0.100000
3 0.480000 0.445000 0.100000 0.100000
3 0.617500 0.515000 0.100000 0.100000
1 0.822500 0.622500 0.100000 0.100000
3 0.240000 0.405000 0.100000 0.100000
4 0.307500 0.442500 0.100000 0.100000
4 0.445000 0.512500 0.100000 0.100000
3 0.717500 0.655000 0.100000 0.100000
2 0.202500 0.475000 0.100000 0.100000
1 0.272500 0.510000 0.100000 0.100000
4 0.340000 0.545000 0.100000 0.100000
2 0.545000 0.652500 0.100000 0.100000
4 0.615000 0.687500 0.100000 0.100000
1 0.750000 0.760000 0.100000 0.100000
2 0.100000 0.507500 0.100000 0.100000
1 0.167500 0.542500 0.100000 0.100000
4 0.235000 0.577500 0.100000 0.100000
4 0.305000 0.615000 0.100000 0.100000
4 0.372500 0.650000 0.100000 0.100000
1 0.510000 0.720000 0.100000 0.100000
4 0.577500 0.757500 0.100000 0.100000
1 0.647500 0.792500 0.100000 0.100000
2 0.715000 0.827500 0.100000 0.100000
