1 0.093750 0.511250 0.087500 0.087500
1 0.158750 0.483750 0.087500 0.087500
1 0.478750 0.356250 0.087500 0.087500
4 0.671250 0.281250 0.087500 0.087500
4 0.801250 0.228750 0.087500 0.087500
4 0.633750 0.371250 0.087500 0.087500
2 0.143750 0.638750 0.087500 0.087500
2 0.273750 0.588750 0.087500 0.087500
0 0.466250 0.511250 0.087500 0.087500
0 0.531250 0.486250 0.087500 0.087500
1 0.658750 0.433750 0.087500 0.087500
1 0.171250 0.703750 0.087500 0.087500
1 0.233750 0.676250 0.087500 0.087500
4 0.298750 0.651250 0.087500 0.087500
1 0.363750 0.626250 0.087500 0.087500
2 0.876250 0.421250 0.087500 0.087500
1 0.516250 0.638750 0.087500 0.087500
4 0.646250 0.588750 0.087500 0.087500
1 0.711250 0.563750 0.087500 0.087500
2 0.773750 0.538750 0.087500 0.087500
