4 0.088750 0.601250 0.077500 0.077500
2 0.193750 0.548750 0.077500 0.077500
4 0.301250 0.498750 0.077500 0.077500
1 0.353750 0.471250 0.077500 0.077500
4 0.566250 0.366250 0.077500 0.077500
4 0.618750 0.341250 0.077500 0.077500
1 0.723750 0.288750 0.077500 0.077500
2 0.113750 0.656250 0.077500 0.077500
1 0.433750 0.498750 0.077500 0.077500
1 0.486250 0.471250 0.077500 0.077500
3 0.803750 0.316250 0.077500 0.077500
4 0.856250 0.288750 0.077500 0.077500
1 0.193750 0.681250 0.077500 0.077500
4 0.406250 0.576250 0.077500 0.077500
4 0.511250 0.526250 0.077500 0.077500
0 0.671250 0.446250 0.077500 0.077500
4 0.776250 0.393750 0.077500 0.077500
0 0.828750 0.368750 0.077500 0.077500
0 0.166250 0.761250 0.077500 0.077500
4 0.221250 0.733750 0.077500 0.077500
1 0.273750 0.708750 0.077500 0.077500
4 0.378750 0.656250 0.077500 0.077500
1 0.431250 0.631250 0.077500 0.077500
0 0.538750 0.578750 0.077500 0.077500
1 0.591250 0.551250 0.077500 0.077500
4 0.696250 0.498750 0.077500 0.077500
0 0.748750 0.473750 0.077500 0.077500
4 0.803750 0.446250 0.077500 0.077500
3 0.856250 0.421250 0.077500 0.077500
