4 0.458750 0.276250 0.087500 0.087500
1 0.548750 0.278750 0.087500 0.087500
1 0.636250 0.281250 0.087500 0.087500
4 0.103750 0.353750 0.087500 0.087500
1 0.456250 0.363750 0.087500 0.087500
3 0.546250 0.366250 0.087500 0.087500
2 0.633750 0.368750 0.087500 0.087500
1 0.898750 0.376250 0.087500 0.087500
4 0.101250 0.441250 0.087500 0.087500
4 0.453750 0.451250 0.087500 0.087500
1 0.543750 0.453750 0.087500 0.087500
3 0.631250 0.456250 0.087500 0.087500
3 0.808750 0.461250 0.087500 0.087500
1 0.098750 0.531250 0.087500 0.087500
1 0.363750 0.538750 0.087500 0.087500
2 0.451250 0.541250 0.087500 0.087500
4 0.541250 0.543750 0.087500 0.087500
4 0.718750 0.548750 0.087500 0.087500
0 0.893750 0.553750 0.087500 0.087500
1 0.273750 0.623750 0.087500 0.087500
2 0.448750 0.628750 0.087500 0.087500
3 0.803750 0.638750 0.087500 0.087500
1 0.536250 0.721250 0.087500 0.087500
2 0.623750 0.721250 0.087500 0.087500
1 0.713750 0.723750 0.087500 0.087500
4 0.801250 0.726250 0.087500 0.087500
