0 0.407500 0.292500 0.090000 0.090000
1 0.652500 0.422500 0.090000 0.090000
2 0.190000 0.257500 0.090000 0.090000
2 0.560000 0.450000 0.090000 0.090000
1 0.620000 0.482500 0.090000 0.090000
4 0.742500 0.547500 0.090000 0.090000
1 0.157500 0.317500 0.090000 0.090000
4 0.342500 0.415000 0.090000 0.090000
4 0.405000 0.447500 0.090000 0.090000
1 0.772500 0.642500 0.090000 0.090000
1 0.127500 0.380000 0.090000 0.090000
1 0.250000 0.445000 0.090000 0.090000
4 0.310000 0.477500 0.090000 0.090000
4 0.372500 0.510000 0.090000 0.090000
4 0.432500 0.542500 0.090000 0.090000
4 0.495000 0.575000 0.090000 0.090000
4 0.555000 0.607500 0.090000 0.090000
4 0.680000 0.670000 0.090000 0.090000
1 0.095000 0.442500 0.090000 0.090000
0 0.277500 0.537500 0.090000 0.090000
4 0.585000 0.700000 0.090000 0.090000
4 0.647500 0.732500 0.090000 0.090000
3 0.770000 0.797500 0.090000 0.090000
