2 0.160000 0.365000 0.075000 0.075000
1 0.235000 0.360000 0.075000 0.075000
0 0.307500 0.357500 0.075000 0.075000
3 0.602500 0.347500 0.075000 0.075000
4 0.750000 0.340000 0.075000 0.075000
3 0.825000 0.337500 0.075000 0.075000
0 0.165000 0.437500 0.075000 0.075000
1 0.237500 0.435000 0.075000 0.075000
3 0.385000 0.430000 0.075000 0.075000
4 0.460000 0.427500 0.075000 0.075000
1 0.755000 0.415000 0.075000 0.075000
1 0.827500 0.412500 0.075000 0.075000
1 0.902500 0.410000 0.075000 0.075000
4 0.092500 0.515000 0.075000 0.075000
1 0.387500 0.502500 0.075000 0.075000
2 0.462500 0.500000 0.075000 0.075000
4 0.757500 0.487500 0.075000 0.075000
4 0.905000 0.482500 0.075000 0.075000
4 0.242500 0.582500 0.075000 0.075000
4 0.390000 0.577500 0.075000 0.075000
2 0.685000 0.565000 0.075000 0.075000
4 0.907500 0.557500 0.075000 0.075000
1 0.467500 0.647500 0.075000 0.075000
4 0.687500 0.640000 0.075000 0.075000
1 0.762500 0.635000 0.075000 0.075000
4 0.910000 0.630000 0.075000 0.075000
