2 0.078750 0.403750 0.057500 0.057500
4 0.198750 0.406250 0.057500 0.057500
2 0.258750 0.406250 0.057500 0.057500
3 0.318750 0.406250 0.057500 0.057500
1 0.496250 0.408750 0.057500 0.057500
1 0.616250 0.408750 0.057500 0.057500
1 0.796250 0.411250 0.057500 0.057500
1 0.856250 0.411250 0.057500 0.057500
2 0.078750 0.463750 0.057500 0.057500
0 0.316250 0.466250 0.057500 0.057500
1 0.376250 0.466250 0.057500 0.057500
4 0.676250 0.468750 0.057500 0.057500
0 0.078750 0.523750 0.057500 0.057500
1 0.196250 0.526250 0.057500 0.057500
2 0.316250 0.526250 0.057500 0.057500
3 0.496250 0.528750 0.057500 0.057500
1 0.616250 0.528750 0.057500 0.057500
1 0.076250 0.583750 0.057500 0.057500
1 0.316250 0.586250 0.057500 0.057500
4 0.496250 0.588750 0.057500 0.057500
4 0.616250 0.588750 0.057500 0.057500
0 0.736250 0.588750 0.057500 0.057500
