1 0.317500 0.415000 0.060000 0.060000
4 0.555000 0.405000 0.060000 0.060000
4 0.612500 0.402500 0.060000 0.060000
1 0.790000 0.395000 0.060000 0.060000
4 0.142500 0.482500 0.060000 0.060000
2 0.200000 0.480000 0.060000 0.060000
4 0.377500 0.472500 0.060000 0.060000
0 0.437500 0.470000 0.060000 0.060000
0 0.557500 0.465000 0.060000 0.060000
4 0.735000 0.457500 0.060000 0.060000
3 0.085000 0.545000 0.060000 0.060000
0 0.145000 0.542500 0.060000 0.060000
2 0.202500 0.540000 0.060000 0.060000
0 0.262500 0.537500 0.060000 0.060000
3 0.322500 0.535000 0.060000 0.060000
2 0.380000 0.532500 0.060000 0.060000
0 0.560000 0.525000 0.060000 0.060000
4 0.617500 0.522500 0.060000 0.060000
4 0.677500 0.520000 0.060000 0.060000
1 0.915000 0.510000 0.060000 0.060000
4 0.087500 0.605000 0.060000 0.060000
2 0.442500 0.587500 0.060000 0.060000
1 0.502500 0.585000 0.060000 0.060000
1 0.620000 0.580000 0.060000 0.060000
