2 0.150000 0.277500 0.080000 0.080000
1 0.287500 0.307500 0.080000 0.080000
1 0.422500 0.337500 0.080000 0.080000
1 0.492500 0.352500 0.080000 0.080000
3 0.835000 0.427500 0.080000 0.080000
4 0.905000 0.442500 0.080000 0.080000
1 0.272500 0.375000 0.080000 0.080000
1 0.477500 0.422500 0.080000 0.080000
1 0.545000 0.437500 0.080000 0.080000
3 0.615000 0.452500 0.080000 0.080000
4 0.682500 0.467500 0.080000 0.080000
1 0.820000 0.497500 0.080000 0.080000
1 0.255000 0.445000 0.080000 0.080000
1 0.392500 0.475000 0.080000 0.080000
4 0.462500 0.490000 0.080000 0.080000
4 0.530000 0.505000 0.080000 0.080000
1 0.600000 0.520000 0.080000 0.080000
3 0.737500 0.550000 0.080000 0.080000
4 0.310000 0.527500 0.080000 0.080000
3 0.447500 0.557500 0.080000 0.080000
1 0.362500 0.612500 0.080000 0.080000
2 0.570000 0.657500 0.080000 0.080000
