0 0.083750 0.503750 0.067500 0.067500
1 0.308750 0.451250 0.067500 0.067500
2 0.366250 0.438750 0.067500 0.067500
0 0.421250 0.426250 0.067500 0.067500
4 0.536250 0.398750 0.067500 0.067500
1 0.591250 0.386250 0.067500 0.067500
0 0.818750 0.333750 0.067500 0.067500
4 0.153750 0.546250 0.067500 0.067500
4 0.266250 0.521250 0.067500 0.067500
2 0.548750 0.456250 0.067500 0.067500
4 0.773750 0.403750 0.067500 0.067500
4 0.166250 0.603750 0.067500 0.067500
4 0.221250 0.591250 0.067500 0.067500
4 0.336250 0.563750 0.067500 0.067500
2 0.391250 0.551250 0.067500 0.067500
4 0.731250 0.473750 0.067500 0.067500
4 0.786250 0.461250 0.067500 0.067500
0 0.901250 0.433750 0.067500 0.067500
3 0.236250 0.646250 0.067500 0.067500
2 0.461250 0.593750 0.067500 0.067500
2 0.686250 0.543750 0.067500 0.067500
1 0.743750 0.528750 0.067500 0.067500
0 0.801250 0.516250 0.067500 0.067500
4 0.856250 0.503750 0.067500 0.067500
