1 0.095000 0.310000 0.090000 0.090000
2 0.267500 0.297500 0.090000 0.090000
1 0.352500 0.290000 0.090000 0.090000
4 0.525000 0.277500 0.090000 0.090000
4 0.697500 0.265000 0.090000 0.090000
3 0.870000 0.255000 0.090000 0.090000
4 0.705000 0.352500 0.090000 0.090000
1 0.790000 0.347500 0.090000 0.090000
2 0.192500 0.475000 0.090000 0.090000
1 0.280000 0.470000 0.090000 0.090000
1 0.365000 0.462500 0.090000 0.090000
2 0.537500 0.450000 0.090000 0.090000
4 0.797500 0.432500 0.090000 0.090000
0 0.112500 0.567500 0.090000 0.090000
4 0.200000 0.562500 0.090000 0.090000
4 0.372500 0.550000 0.090000 0.090000
4 0.630000 0.530000 0.090000 0.090000
1 0.802500 0.517500 0.090000 0.090000
1 0.377500 0.635000 0.090000 0.090000
1 0.297500 0.727500 0.090000 0.090000
0 0.642500 0.702500 0.090000 0.090000
4 0.730000 0.697500 0.090000 0.090000
1 0.815000 0.690000 0.090000 0.090000
