0 0.095000 0.545000 0.090000 0.090000
1 0.340000 0.420000 0.090000 0.090000
1 0.402500 0.387500 0.090000 0.090000
0 0.587500 0.295000 0.090000 0.090000
1 0.712500 0.232500 0.090000 0.090000
3 0.125000 0.607500 0.090000 0.090000
4 0.310000 0.512500 0.090000 0.090000
4 0.495000 0.420000 0.090000 0.090000
1 0.557500 0.387500 0.090000 0.090000
4 0.157500 0.670000 0.090000 0.090000
3 0.342500 0.575000 0.090000 0.090000
1 0.405000 0.545000 0.090000 0.090000
3 0.590000 0.450000 0.090000 0.090000
3 0.650000 0.417500 0.090000 0.090000
1 0.837500 0.325000 0.090000 0.090000
1 0.187500 0.730000 0.090000 0.090000
4 0.372500 0.637500 0.090000 0.090000
1 0.435000 0.605000 0.090000 0.090000
1 0.497500 0.575000 0.090000 0.090000
4 0.560000 0.542500 0.090000 0.090000
3 0.620000 0.512500 0.090000 0.090000
1 0.682500 0.480000 0.090000 0.090000
1 0.805000 0.417500 0.090000 0.090000
0 0.220000 0.792500 0.090000 0.090000
3 0.405000 0.700000 0.090000 0.090000
2 0.467500 0.667500 0.090000 0.090000
1 0.527500 0.635000 0.090000 0.090000
1 0.775000 0.510000 0.090000 0.090000
