4 0.077500 0.420000 0.060000 0.060000
2 0.197500 0.415000 0.060000 0.060000
0 0.257500 0.415000 0.060000 0.060000
4 0.375000 0.412500 0.060000 0.060000
4 0.615000 0.405000 0.060000 0.060000
4 0.852500 0.397500 0.060000 0.060000
0 0.912500 0.397500 0.060000 0.060000
1 0.080000 0.480000 0.060000 0.060000
0 0.140000 0.477500 0.060000 0.060000
4 0.200000 0.475000 0.060000 0.060000
0 0.257500 0.475000 0.060000 0.060000
4 0.317500 0.472500 0.060000 0.060000
4 0.437500 0.470000 0.060000 0.060000
4 0.555000 0.465000 0.060000 0.060000
4 0.675000 0.462500 0.060000 0.060000
1 0.735000 0.460000 0.060000 0.060000
1 0.795000 0.460000 0.060000 0.060000
1 0.852500 0.457500 0.060000 0.060000
0 0.912500 0.457500 0.060000 0.060000
4 0.380000 0.530000 0.060000 0.060000
1 0.617500 0.525000 0.060000 0.060000
4 0.737500 0.520000 0.060000 0.060000
4 0.795000 0.520000 0.060000 0.060000
4 0.915000 0.515000 0.060000 0.060000
2 0.082500 0.597500 0.060000 0.060000
0 0.322500 0.592500 0.060000 0.060000
4 0.380000 0.590000 0.060000 0.060000
4 0.440000 0.587500 0.060000 0.060000
4 0.560000 0.585000 0.060000 0.060000
4 0.797500 0.577500 0.060000 0.060000
4 0.917500 0.575000 0.060000 0.060000
