1 0.317500 0.345000 0.075000 0.075000
1 0.687500 0.357500 0.075000 0.075000
4 0.167500 0.415000 0.075000 0.075000
4 0.240000 0.417500 0.075000 0.075000
1 0.390000 0.422500 0.075000 0.075000
2 0.757500 0.432500 0.075000 0.075000
4 0.832500 0.435000 0.075000 0.075000
2 0.907500 0.437500 0.075000 0.075000
0 0.090000 0.485000 0.075000 0.075000
4 0.460000 0.497500 0.075000 0.075000
1 0.535000 0.500000 0.075000 0.075000
3 0.905000 0.512500 0.075000 0.075000
4 0.087500 0.560000 0.075000 0.075000
4 0.162500 0.562500 0.075000 0.075000
1 0.237500 0.565000 0.075000 0.075000
4 0.827500 0.582500 0.075000 0.075000
0 0.902500 0.585000 0.075000 0.075000
2 0.160000 0.637500 0.075000 0.075000
2 0.455000 0.645000 0.075000 0.075000
1 0.530000 0.647500 0.075000 0.075000
4 0.752500 0.655000 0.075000 0.075000
2 0.825000 0.657500 0.075000 0.075000
