3 0.318750 0.213750 0.097500 0.097500
4 0.463750 0.271250 0.097500 0.097500
0 0.536250 0.301250 0.097500 0.097500
4 0.678750 0.361250 0.097500 0.097500
0 0.751250 0.388750 0.097500 0.097500
0 0.896250 0.448750 0.097500 0.097500
1 0.866250 0.521250 0.097500 0.097500
4 0.188750 0.328750 0.097500 0.097500
0 0.258750 0.356250 0.097500 0.097500
2 0.331250 0.386250 0.097500 0.097500
4 0.476250 0.446250 0.097500 0.097500
1 0.231250 0.428750 0.097500 0.097500
3 0.373750 0.488750 0.097500 0.097500
1 0.663750 0.606250 0.097500 0.097500
4 0.736250 0.636250 0.097500 0.097500
4 0.416250 0.588750 0.097500 0.097500
4 0.706250 0.708750 0.097500 0.097500
4 0.778750 0.736250 0.097500 0.097500
4 0.098750 0.543750 0.097500 0.097500
4 0.171250 0.573750 0.097500 0.097500
4 0.458750 0.691250 0.097500 0.097500
1 0.676250 0.778750 0.097500 0.097500
