2 0.093750 0.501250 0.087500 0.087500
4 0.223750 0.453750 0.087500 0.087500
3 0.288750 0.428750 0.087500 0.087500
4 0.418750 0.381250 0.087500 0.087500
3 0.548750 0.333750 0.087500 0.087500
2 0.741250 0.261250 0.087500 0.087500
2 0.118750 0.566250 0.087500 0.087500
4 0.183750 0.543750 0.087500 0.087500
4 0.311250 0.493750 0.087500 0.087500
1 0.441250 0.446250 0.087500 0.087500
4 0.506250 0.421250 0.087500 0.087500
1 0.636250 0.373750 0.087500 0.087500
4 0.206250 0.608750 0.087500 0.087500
1 0.336250 0.558750 0.087500 0.087500
4 0.466250 0.511250 0.087500 0.087500
4 0.531250 0.486250 0.087500 0.087500
4 0.596250 0.461250 0.087500 0.087500
4 0.791250 0.388750 0.087500 0.087500
0 0.856250 0.366250 0.087500 0.087500
4 0.491250 0.576250 0.087500 0.087500
1 0.686250 0.503750 0.087500 0.087500
1 0.813750 0.453750 0.087500 0.087500
1 0.191250 0.761250 0.087500 0.087500
0 0.513750 0.641250 0.087500 0.087500
2 0.708750 0.568750 0.087500 0.087500
1 0.773750 0.543750 0.087500 0.087500
0 0.903750 0.496250 0.087500 0.087500
