4 0.218750 0.201250 0.097500 0.097500
0 0.293750 0.226250 0.097500 0.097500
4 0.518750 0.298750 0.097500 0.097500
4 0.596250 0.321250 0.097500 0.097500
0 0.193750 0.276250 0.097500 0.097500
2 0.421250 0.348750 0.097500 0.097500
2 0.571250 0.396250 0.097500 0.097500
4 0.873750 0.493750 0.097500 0.097500
4 0.246250 0.376250 0.097500 0.097500
2 0.471250 0.448750 0.097500 0.097500
4 0.773750 0.543750 0.097500 0.097500
4 0.221250 0.451250 0.097500 0.097500
2 0.296250 0.476250 0.097500 0.097500
1 0.598750 0.571250 0.097500 0.097500
4 0.673750 0.596250 0.097500 0.097500
4 0.423750 0.598750 0.097500 0.097500
1 0.573750 0.648750 0.097500 0.097500
0 0.098750 0.578750 0.097500 0.097500
4 0.248750 0.626250 0.097500 0.097500
1 0.476250 0.698750 0.097500 0.097500
4 0.551250 0.723750 0.097500 0.097500
4 0.701250 0.771250 0.097500 0.097500
4 0.776250 0.796250 0.097500 0.097500
