0 0.160000 0.250000 0.075000 0.075000
1 0.212500 0.275000 0.075000 0.075000
1 0.372500 0.345000 0.075000 0.075000
1 0.427500 0.370000 0.075000 0.075000
2 0.480000 0.395000 0.075000 0.075000
4 0.640000 0.465000 0.075000 0.075000
2 0.695000 0.490000 0.075000 0.075000
1 0.747500 0.512500 0.075000 0.075000
1 0.910000 0.585000 0.075000 0.075000
4 0.242500 0.352500 0.075000 0.075000
2 0.457500 0.447500 0.075000 0.075000
0 0.510000 0.472500 0.075000 0.075000
4 0.562500 0.495000 0.075000 0.075000
4 0.725000 0.567500 0.075000 0.075000
4 0.832500 0.615000 0.075000 0.075000
1 0.217500 0.405000 0.075000 0.075000
0 0.432500 0.500000 0.075000 0.075000
0 0.485000 0.525000 0.075000 0.075000
4 0.807500 0.667500 0.075000 0.075000
1 0.195000 0.460000 0.075000 0.075000
1 0.247500 0.482500 0.075000 0.075000
1 0.302500 0.507500 0.075000 0.075000
1 0.407500 0.555000 0.075000 0.075000
4 0.782500 0.722500 0.075000 0.075000
