4 0.140000 0.512500 0.070000 0.070000
4 0.195000 0.495000 0.070000 0.070000
1 0.417500 0.430000 0.070000 0.070000
1 0.527500 0.397500 0.070000 0.070000
4 0.695000 0.347500 0.070000 0.070000
4 0.750000 0.332500 0.070000 0.070000
4 0.805000 0.315000 0.070000 0.070000
1 0.860000 0.297500 0.070000 0.070000
3 0.100000 0.585000 0.070000 0.070000
4 0.210000 0.552500 0.070000 0.070000
2 0.545000 0.452500 0.070000 0.070000
2 0.600000 0.437500 0.070000 0.070000
4 0.227500 0.607500 0.070000 0.070000
4 0.450000 0.542500 0.070000 0.070000
4 0.505000 0.525000 0.070000 0.070000
4 0.672500 0.475000 0.070000 0.070000
0 0.782500 0.442500 0.070000 0.070000
3 0.837500 0.425000 0.070000 0.070000
1 0.245000 0.662500 0.070000 0.070000
1 0.300000 0.647500 0.070000 0.070000
4 0.410000 0.612500 0.070000 0.070000
2 0.522500 0.580000 0.070000 0.070000
2 0.577500 0.565000 0.070000 0.070000
2 0.632500 0.547500 0.070000 0.070000
4 0.687500 0.530000 0.070000 0.070000
4 0.745000 0.515000 0.070000 0.070000
1 0.800000 0.497500 0.070000 0.070000
0 0.855000 0.482500 0.070000 0.070000
