3 0.222500 0.195000 0.090000 0.090000
4 0.715000 0.455000 0.090000 0.090000
4 0.775000 0.487500 0.090000 0.090000
4 0.837500 0.520000 0.090000 0.090000
1 0.375000 0.355000 0.090000 0.090000
4 0.437500 0.387500 0.090000 0.090000
4 0.497500 0.417500 0.090000 0.090000
4 0.620000 0.482500 0.090000 0.090000
0 0.742500 0.547500 0.090000 0.090000
1 0.220000 0.350000 0.090000 0.090000
4 0.342500 0.415000 0.090000 0.090000
4 0.527500 0.512500 0.090000 0.090000
4 0.587500 0.545000 0.090000 0.090000
1 0.772500 0.642500 0.090000 0.090000
4 0.187500 0.412500 0.090000 0.090000
4 0.495000 0.575000 0.090000 0.090000
1 0.555000 0.607500 0.090000 0.090000
1 0.340000 0.570000 0.090000 0.090000
4 0.400000 0.602500 0.090000 0.090000
1 0.462500 0.635000 0.090000 0.090000
0 0.522500 0.667500 0.090000 0.090000
0 0.770000 0.797500 0.090000 0.090000
