1 0.230000 0.352500 0.065000 0.065000
4 0.742500 0.457500 0.065000 0.065000
4 0.855000 0.480000 0.065000 0.065000
4 0.390000 0.445000 0.065000 0.065000
2 0.447500 0.455000 0.065000 0.065000
4 0.502500 0.467500 0.065000 0.065000
3 0.675000 0.502500 0.065000 0.065000
1 0.730000 0.515000 0.065000 0.065000
4 0.787500 0.527500 0.065000 0.065000
2 0.095000 0.442500 0.065000 0.065000
3 0.207500 0.467500 0.065000 0.065000
3 0.265000 0.477500 0.065000 0.065000
2 0.547500 0.537500 0.065000 0.065000
1 0.605000 0.547500 0.065000 0.065000
4 0.720000 0.572500 0.065000 0.065000
4 0.890000 0.607500 0.065000 0.065000
4 0.082500 0.500000 0.065000 0.065000
3 0.195000 0.522500 0.065000 0.065000
4 0.422500 0.570000 0.065000 0.065000
4 0.592500 0.605000 0.065000 0.065000
4 0.765000 0.640000 0.065000 0.065000
4 0.820000 0.652500 0.065000 0.065000
