2 0.076250 0.416250 0.057500 0.057500
4 0.136250 0.416250 0.057500 0.057500
4 0.256250 0.411250 0.057500 0.057500
1 0.316250 0.411250 0.057500 0.057500
1 0.433750 0.408750 0.057500 0.057500
1 0.553750 0.406250 0.057500 0.057500
1 0.673750 0.403750 0.057500 0.057500
3 0.733750 0.401250 0.057500 0.057500
4 0.791250 0.401250 0.057500 0.057500
0 0.138750 0.473750 0.057500 0.057500
4 0.376250 0.468750 0.057500 0.057500
2 0.613750 0.463750 0.057500 0.057500
3 0.673750 0.461250 0.057500 0.057500
1 0.793750 0.458750 0.057500 0.057500
2 0.078750 0.536250 0.057500 0.057500
1 0.556250 0.523750 0.057500 0.057500
0 0.676250 0.521250 0.057500 0.057500
3 0.793750 0.518750 0.057500 0.057500
2 0.081250 0.596250 0.057500 0.057500
3 0.141250 0.593750 0.057500 0.057500
4 0.201250 0.591250 0.057500 0.057500
4 0.258750 0.591250 0.057500 0.057500
4 0.318750 0.588750 0.057500 0.057500
1 0.438750 0.586250 0.057500 0.057500
1 0.498750 0.586250 0.057500 0.057500
2 0.616250 0.583750 0.057500 0.057500
4 0.796250 0.578750 0.057500 0.057500
0 0.856250 0.576250 0.057500 0.057500
3 0.916250 0.576250 0.057500 0.057500
