1 0.236250 0.346250 0.067500 0.067500
2 0.518750 0.411250 0.067500 0.067500
3 0.686250 0.451250 0.067500 0.067500
2 0.801250 0.476250 0.067500 0.067500
4 0.913750 0.503750 0.067500 0.067500
1 0.108750 0.378750 0.067500 0.067500
3 0.166250 0.391250 0.067500 0.067500
4 0.221250 0.403750 0.067500 0.067500
4 0.336250 0.428750 0.067500 0.067500
1 0.448750 0.456250 0.067500 0.067500
0 0.503750 0.468750 0.067500 0.067500
4 0.731250 0.521250 0.067500 0.067500
4 0.096250 0.433750 0.067500 0.067500
2 0.208750 0.461250 0.067500 0.067500
4 0.321250 0.486250 0.067500 0.067500
4 0.378750 0.498750 0.067500 0.067500
0 0.436250 0.511250 0.067500 0.067500
4 0.661250 0.563750 0.067500 0.067500
4 0.831250 0.603750 0.067500 0.067500
1 0.886250 0.616250 0.067500 0.067500
2 0.196250 0.516250 0.067500 0.067500
1 0.421250 0.568750 0.067500 0.067500
4 0.478750 0.581250 0.067500 0.067500
2 0.703750 0.633750 0.067500 0.067500
