2 0.097500 0.392500 0.095000 0.095000
2 0.252500 0.352500 0.095000 0.095000
2 0.332500 0.332500 0.095000 0.095000
1 0.642500 0.252500 0.095000 0.095000
1 0.720000 0.232500 0.095000 0.095000
2 0.800000 0.212500 0.095000 0.095000
4 0.117500 0.470000 0.095000 0.095000
4 0.195000 0.450000 0.095000 0.095000
1 0.820000 0.290000 0.095000 0.095000
1 0.372500 0.487500 0.095000 0.095000
4 0.605000 0.427500 0.095000 0.095000
3 0.682500 0.407500 0.095000 0.095000
2 0.312500 0.585000 0.095000 0.095000
1 0.470000 0.545000 0.095000 0.095000
4 0.702500 0.485000 0.095000 0.095000
0 0.857500 0.447500 0.095000 0.095000
2 0.255000 0.682500 0.095000 0.095000
4 0.410000 0.642500 0.095000 0.095000
3 0.567500 0.605000 0.095000 0.095000
4 0.645000 0.585000 0.095000 0.095000
1 0.877500 0.525000 0.095000 0.095000
1 0.197500 0.782500 0.095000 0.095000
2 0.352500 0.742500 0.095000 0.095000
1 0.430000 0.722500 0.095000 0.095000
4 0.510000 0.702500 0.095000 0.095000
4 0.897500 0.602500 0.095000 0.095000
