0 0.225000 0.195000 0.090000 0.090000
4 0.530000 0.357500 0.090000 0.090000
2 0.652500 0.422500 0.090000 0.090000
4 0.775000 0.487500 0.090000 0.090000
4 0.837500 0.520000 0.090000 0.090000
0 0.897500 0.552500 0.090000 0.090000
2 0.375000 0.352500 0.090000 0.090000
1 0.620000 0.485000 0.090000 0.090000
0 0.805000 0.582500 0.090000 0.090000
4 0.220000 0.350000 0.090000 0.090000
1 0.282500 0.382500 0.090000 0.090000
2 0.465000 0.480000 0.090000 0.090000
1 0.650000 0.577500 0.090000 0.090000
1 0.710000 0.610000 0.090000 0.090000
1 0.772500 0.642500 0.090000 0.090000
0 0.187500 0.410000 0.090000 0.090000
2 0.310000 0.477500 0.090000 0.090000
0 0.372500 0.510000 0.090000 0.090000
4 0.617500 0.640000 0.090000 0.090000
0 0.740000 0.705000 0.090000 0.090000
4 0.800000 0.737500 0.090000 0.090000
4 0.217500 0.505000 0.090000 0.090000
4 0.277500 0.537500 0.090000 0.090000
1 0.585000 0.700000 0.090000 0.090000
3 0.645000 0.732500 0.090000 0.090000
1 0.707500 0.765000 0.090000 0.090000
