4 0.217500 0.485000 0.090000 0.090000
4 0.280000 0.452500 0.090000 0.090000
0 0.340000 0.420000 0.090000 0.090000
4 0.525000 0.325000 0.090000 0.090000
4 0.587500 0.295000 0.090000 0.090000
4 0.710000 0.230000 0.090000 0.090000
4 0.187500 0.577500 0.090000 0.090000
0 0.250000 0.545000 0.090000 0.090000
2 0.620000 0.355000 0.090000 0.090000
4 0.680000 0.322500 0.090000 0.090000
2 0.742500 0.292500 0.090000 0.090000
3 0.805000 0.260000 0.090000 0.090000
4 0.220000 0.640000 0.090000 0.090000
1 0.342500 0.575000 0.090000 0.090000
4 0.650000 0.417500 0.090000 0.090000
2 0.712500 0.385000 0.090000 0.090000
2 0.190000 0.732500 0.090000 0.090000
3 0.375000 0.637500 0.090000 0.090000
1 0.560000 0.542500 0.090000 0.090000
2 0.745000 0.447500 0.090000 0.090000
0 0.805000 0.415000 0.090000 0.090000
4 0.220000 0.795000 0.090000 0.090000
2 0.530000 0.635000 0.090000 0.090000
4 0.590000 0.605000 0.090000 0.090000
