1 0.137500 0.437500 0.060000 0.060000
1 0.195000 0.432500 0.060000 0.060000
1 0.372500 0.420000 0.060000 0.060000
3 0.665000 0.395000 0.060000 0.060000
4 0.900000 0.375000 0.060000 0.060000
1 0.082500 0.502500 0.060000 0.060000
4 0.142500 0.497500 0.060000 0.060000
4 0.377500 0.477500 0.060000 0.060000
1 0.435000 0.472500 0.060000 0.060000
1 0.845000 0.440000 0.060000 0.060000
3 0.087500 0.560000 0.060000 0.060000
1 0.147500 0.555000 0.060000 0.060000
4 0.615000 0.517500 0.060000 0.060000
1 0.732500 0.507500 0.060000 0.060000
4 0.152500 0.615000 0.060000 0.060000
4 0.270000 0.605000 0.060000 0.060000
1 0.445000 0.590000 0.060000 0.060000
4 0.797500 0.562500 0.060000 0.060000
1 0.915000 0.552500 0.060000 0.060000
