1 0.718750 0.463750 0.092500 0.092500
4 0.901250 0.566250 0.092500 0.092500
4 0.201250 0.246250 0.092500 0.092500
1 0.261250 0.281250 0.092500 0.092500
4 0.441250 0.383750 0.092500 0.092500
2 0.563750 0.453750 0.092500 0.092500
1 0.623750 0.488750 0.092500 0.092500
1 0.683750 0.523750 0.092500 0.092500
1 0.803750 0.591250 0.092500 0.092500
4 0.166250 0.306250 0.092500 0.092500
1 0.226250 0.341250 0.092500 0.092500
4 0.286250 0.376250 0.092500 0.092500
3 0.771250 0.653750 0.092500 0.092500
4 0.831250 0.688750 0.092500 0.092500
2 0.311250 0.471250 0.092500 0.092500
1 0.373750 0.506250 0.092500 0.092500
4 0.613750 0.643750 0.092500 0.092500
2 0.216250 0.496250 0.092500 0.092500
4 0.398750 0.601250 0.092500 0.092500
4 0.518750 0.668750 0.092500 0.092500
1 0.761250 0.808750 0.092500 0.092500
