4 0.280000 0.452500 0.090000 0.090000
1 0.340000 0.420000 0.090000 0.090000
4 0.465000 0.357500 0.090000 0.090000
2 0.525000 0.325000 0.090000 0.090000
2 0.587500 0.295000 0.090000 0.090000
4 0.250000 0.545000 0.090000 0.090000
4 0.280000 0.607500 0.090000 0.090000
1 0.342500 0.575000 0.090000 0.090000
0 0.405000 0.545000 0.090000 0.090000
0 0.465000 0.512500 0.090000 0.090000
3 0.527500 0.480000 0.090000 0.090000
0 0.650000 0.417500 0.090000 0.090000
4 0.712500 0.385000 0.090000 0.090000
4 0.775000 0.355000 0.090000 0.090000
1 0.435000 0.605000 0.090000 0.090000
1 0.620000 0.510000 0.090000 0.090000
4 0.805000 0.415000 0.090000 0.090000
2 0.282500 0.762500 0.090000 0.090000
0 0.467500 0.667500 0.090000 0.090000
2 0.590000 0.605000 0.090000 0.090000
4 0.715000 0.540000 0.090000 0.090000
