2 0.195000 0.495000 0.070000 0.070000
3 0.250000 0.477500 0.070000 0.070000
2 0.472500 0.412500 0.070000 0.070000
1 0.530000 0.397500 0.070000 0.070000
2 0.752500 0.332500 0.070000 0.070000
1 0.807500 0.317500 0.070000 0.070000
1 0.862500 0.302500 0.070000 0.070000
2 0.100000 0.582500 0.070000 0.070000
1 0.155000 0.565000 0.070000 0.070000
4 0.432500 0.485000 0.070000 0.070000
1 0.490000 0.470000 0.070000 0.070000
3 0.600000 0.437500 0.070000 0.070000
1 0.655000 0.422500 0.070000 0.070000
4 0.712500 0.405000 0.070000 0.070000
3 0.170000 0.622500 0.070000 0.070000
4 0.227500 0.605000 0.070000 0.070000
2 0.337500 0.572500 0.070000 0.070000
4 0.395000 0.557500 0.070000 0.070000
4 0.450000 0.540000 0.070000 0.070000
1 0.727500 0.460000 0.070000 0.070000
1 0.132500 0.692500 0.070000 0.070000
4 0.187500 0.677500 0.070000 0.070000
2 0.355000 0.630000 0.070000 0.070000
1 0.410000 0.612500 0.070000 0.070000
1 0.465000 0.597500 0.070000 0.070000
4 0.522500 0.580000 0.070000 0.070000
3 0.577500 0.565000 0.070000 0.070000
4 0.745000 0.517500 0.070000 0.070000
3 0.855000 0.485000 0.070000 0.070000
1 0.910000 0.467500 0.070000 0.070000
