1 0.228750 0.243750 0.077500 0.077500
1 0.278750 0.273750 0.077500 0.077500
1 0.331250 0.301250 0.077500 0.077500
1 0.593750 0.446250 0.077500 0.077500
2 0.698750 0.503750 0.077500 0.077500
3 0.801250 0.563750 0.077500 0.077500
2 0.906250 0.621250 0.077500 0.077500
0 0.146250 0.266250 0.077500 0.077500
0 0.563750 0.498750 0.077500 0.077500
1 0.721250 0.586250 0.077500 0.077500
4 0.118750 0.318750 0.077500 0.077500
1 0.168750 0.348750 0.077500 0.077500
4 0.326250 0.436250 0.077500 0.077500
4 0.431250 0.493750 0.077500 0.077500
4 0.743750 0.666250 0.077500 0.077500
0 0.796250 0.696250 0.077500 0.077500
1 0.848750 0.726250 0.077500 0.077500
1 0.141250 0.401250 0.077500 0.077500
2 0.246250 0.458750 0.077500 0.077500
4 0.558750 0.633750 0.077500 0.077500
