2 0.582500 0.312500 0.095000 0.095000
2 0.740000 0.350000 0.095000 0.095000
2 0.897500 0.387500 0.095000 0.095000
3 0.250000 0.315000 0.095000 0.095000
1 0.330000 0.332500 0.095000 0.095000
4 0.565000 0.390000 0.095000 0.095000
4 0.642500 0.410000 0.095000 0.095000
4 0.722500 0.427500 0.095000 0.095000
1 0.880000 0.465000 0.095000 0.095000
0 0.152500 0.375000 0.095000 0.095000
1 0.232500 0.392500 0.095000 0.095000
4 0.310000 0.412500 0.095000 0.095000
1 0.390000 0.430000 0.095000 0.095000
1 0.467500 0.450000 0.095000 0.095000
1 0.625000 0.487500 0.095000 0.095000
3 0.702500 0.507500 0.095000 0.095000
4 0.292500 0.490000 0.095000 0.095000
4 0.605000 0.565000 0.095000 0.095000
1 0.762500 0.605000 0.095000 0.095000
1 0.840000 0.622500 0.095000 0.095000
0 0.115000 0.530000 0.095000 0.095000
2 0.350000 0.587500 0.095000 0.095000
0 0.430000 0.607500 0.095000 0.095000
1 0.587500 0.645000 0.095000 0.095000
1 0.742500 0.682500 0.095000 0.095000
1 0.097500 0.610000 0.095000 0.095000
0 0.175000 0.627500 0.095000 0.095000
4 0.490000 0.705000 0.095000 0.095000
4 0.802500 0.780000 0.095000 0.095000
