1 0.145000 0.390000 0.060000 0.060000
1 0.205000 0.395000 0.060000 0.060000
2 0.560000 0.410000 0.060000 0.060000
4 0.620000 0.415000 0.060000 0.060000
3 0.737500 0.420000 0.060000 0.060000
4 0.857500 0.425000 0.060000 0.060000
2 0.202500 0.452500 0.060000 0.060000
2 0.262500 0.455000 0.060000 0.060000
1 0.617500 0.472500 0.060000 0.060000
1 0.675000 0.475000 0.060000 0.060000
1 0.735000 0.477500 0.060000 0.060000
3 0.795000 0.482500 0.060000 0.060000
4 0.140000 0.510000 0.060000 0.060000
4 0.377500 0.520000 0.060000 0.060000
1 0.615000 0.532500 0.060000 0.060000
1 0.672500 0.535000 0.060000 0.060000
2 0.732500 0.537500 0.060000 0.060000
1 0.850000 0.542500 0.060000 0.060000
1 0.910000 0.547500 0.060000 0.060000
4 0.137500 0.570000 0.060000 0.060000
1 0.197500 0.572500 0.060000 0.060000
0 0.492500 0.585000 0.060000 0.060000
2 0.552500 0.587500 0.060000 0.060000
3 0.610000 0.592500 0.060000 0.060000
3 0.670000 0.595000 0.060000 0.060000
4 0.847500 0.602500 0.060000 0.060000
