1 0.243750 0.186250 0.097500 0.097500
3 0.388750 0.243750 0.097500 0.097500
2 0.533750 0.301250 0.097500 0.097500
2 0.606250 0.328750 0.097500 0.097500
1 0.286250 0.286250 0.097500 0.097500
2 0.431250 0.343750 0.097500 0.097500
0 0.576250 0.401250 0.097500 0.097500
4 0.721250 0.458750 0.097500 0.097500
1 0.793750 0.488750 0.097500 0.097500
4 0.186250 0.331250 0.097500 0.097500
4 0.258750 0.358750 0.097500 0.097500
4 0.548750 0.473750 0.097500 0.097500
4 0.766250 0.561250 0.097500 0.097500
1 0.228750 0.431250 0.097500 0.097500
4 0.301250 0.461250 0.097500 0.097500
0 0.273750 0.533750 0.097500 0.097500
1 0.346250 0.561250 0.097500 0.097500
1 0.708750 0.706250 0.097500 0.097500
1 0.753750 0.806250 0.097500 0.097500
