3 0.086250 0.408750 0.077500 0.077500
2 0.513750 0.348750 0.077500 0.077500
4 0.583750 0.341250 0.077500 0.077500
4 0.653750 0.331250 0.077500 0.077500
2 0.726250 0.321250 0.077500 0.077500
3 0.796250 0.311250 0.077500 0.077500
1 0.168750 0.468750 0.077500 0.077500
3 0.238750 0.458750 0.077500 0.077500
3 0.308750 0.451250 0.077500 0.077500
1 0.521250 0.421250 0.077500 0.077500
2 0.593750 0.411250 0.077500 0.077500
1 0.733750 0.391250 0.077500 0.077500
1 0.806250 0.381250 0.077500 0.077500
3 0.461250 0.501250 0.077500 0.077500
4 0.531250 0.491250 0.077500 0.077500
1 0.743750 0.461250 0.077500 0.077500
4 0.401250 0.581250 0.077500 0.077500
2 0.541250 0.563750 0.077500 0.077500
4 0.683750 0.543750 0.077500 0.077500
1 0.896250 0.513750 0.077500 0.077500
2 0.126250 0.691250 0.077500 0.077500
4 0.338750 0.663750 0.077500 0.077500
2 0.621250 0.623750 0.077500 0.077500
2 0.836250 0.593750 0.077500 0.077500
