1 0.090000 0.435000 0.080000 0.080000
4 0.367500 0.380000 0.080000 0.080000
1 0.505000 0.352500 0.080000 0.080000
0 0.642500 0.322500 0.080000 0.080000
4 0.850000 0.282500 0.080000 0.080000
4 0.242500 0.477500 0.080000 0.080000
1 0.450000 0.435000 0.080000 0.080000
4 0.657500 0.392500 0.080000 0.080000
4 0.725000 0.380000 0.080000 0.080000
3 0.795000 0.365000 0.080000 0.080000
0 0.187500 0.560000 0.080000 0.080000
1 0.462500 0.502500 0.080000 0.080000
0 0.532500 0.490000 0.080000 0.080000
0 0.602500 0.475000 0.080000 0.080000
4 0.877500 0.420000 0.080000 0.080000
4 0.132500 0.642500 0.080000 0.080000
4 0.200000 0.627500 0.080000 0.080000
4 0.685000 0.530000 0.080000 0.080000
2 0.822500 0.502500 0.080000 0.080000
4 0.892500 0.490000 0.080000 0.080000
3 0.145000 0.712500 0.080000 0.080000
0 0.215000 0.697500 0.080000 0.080000
4 0.285000 0.682500 0.080000 0.080000
1 0.352500 0.670000 0.080000 0.080000
1 0.560000 0.627500 0.080000 0.080000
4 0.630000 0.615000 0.080000 0.080000
1 0.697500 0.600000 0.080000 0.080000
