1 0.272500 0.242500 0.090000 0.090000
1 0.712500 0.445000 0.090000 0.090000
4 0.777500 0.475000 0.090000 0.090000
3 0.182500 0.277500 0.090000 0.090000
4 0.370000 0.362500 0.090000 0.090000
4 0.560000 0.450000 0.090000 0.090000
4 0.747500 0.537500 0.090000 0.090000
0 0.215000 0.367500 0.090000 0.090000
4 0.277500 0.397500 0.090000 0.090000
1 0.467500 0.485000 0.090000 0.090000
2 0.530000 0.512500 0.090000 0.090000
1 0.312500 0.490000 0.090000 0.090000
4 0.375000 0.517500 0.090000 0.090000
4 0.437500 0.547500 0.090000 0.090000
4 0.565000 0.605000 0.090000 0.090000
1 0.752500 0.692500 0.090000 0.090000
3 0.095000 0.465000 0.090000 0.090000
3 0.282500 0.552500 0.090000 0.090000
1 0.472500 0.640000 0.090000 0.090000
0 0.597500 0.697500 0.090000 0.090000
4 0.660000 0.725000 0.090000 0.090000
