4 0.160000 0.422500 0.080000 0.080000
4 0.227500 0.407500 0.080000 0.080000
4 0.297500 0.392500 0.080000 0.080000
1 0.172500 0.490000 0.080000 0.080000
1 0.310000 0.462500 0.080000 0.080000
4 0.587500 0.407500 0.080000 0.080000
4 0.395000 0.517500 0.080000 0.080000
1 0.532500 0.490000 0.080000 0.080000
1 0.670000 0.462500 0.080000 0.080000
2 0.810000 0.435000 0.080000 0.080000
2 0.340000 0.600000 0.080000 0.080000
4 0.407500 0.587500 0.080000 0.080000
2 0.752500 0.517500 0.080000 0.080000
1 0.352500 0.670000 0.080000 0.080000
1 0.630000 0.615000 0.080000 0.080000
4 0.697500 0.600000 0.080000 0.080000
3 0.767500 0.585000 0.080000 0.080000
3 0.905000 0.557500 0.080000 0.080000
