0 0.082500 0.490000 0.065000 0.065000
4 0.252500 0.455000 0.065000 0.065000
1 0.367500 0.432500 0.065000 0.065000
2 0.425000 0.422500 0.065000 0.065000
2 0.652500 0.377500 0.065000 0.065000
1 0.822500 0.342500 0.065000 0.065000
4 0.320000 0.502500 0.065000 0.065000
2 0.662500 0.435000 0.065000 0.065000
1 0.720000 0.422500 0.065000 0.065000
1 0.777500 0.412500 0.065000 0.065000
4 0.835000 0.400000 0.065000 0.065000
2 0.332500 0.557500 0.065000 0.065000
2 0.502500 0.525000 0.065000 0.065000
3 0.560000 0.512500 0.065000 0.065000
2 0.675000 0.492500 0.065000 0.065000
3 0.115000 0.660000 0.065000 0.065000
3 0.230000 0.637500 0.065000 0.065000
3 0.515000 0.582500 0.065000 0.065000
4 0.572500 0.570000 0.065000 0.065000
4 0.742500 0.537500 0.065000 0.065000
3 0.857500 0.515000 0.065000 0.065000
