1 0.126250 0.303750 0.077500 0.077500
4 0.268750 0.321250 0.077500 0.077500
3 0.338750 0.331250 0.077500 0.077500
1 0.481250 0.348750 0.077500 0.077500
2 0.551250 0.358750 0.077500 0.077500
3 0.623750 0.368750 0.077500 0.077500
1 0.693750 0.378750 0.077500 0.077500
4 0.766250 0.386250 0.077500 0.077500
1 0.328750 0.403750 0.077500 0.077500
4 0.401250 0.411250 0.077500 0.077500
2 0.471250 0.421250 0.077500 0.077500
2 0.756250 0.458750 0.077500 0.077500
0 0.898750 0.476250 0.077500 0.077500
1 0.178750 0.456250 0.077500 0.077500
0 0.533750 0.501250 0.077500 0.077500
4 0.818750 0.538750 0.077500 0.077500
4 0.168750 0.526250 0.077500 0.077500
1 0.381250 0.553750 0.077500 0.077500
4 0.453750 0.563750 0.077500 0.077500
1 0.666250 0.591250 0.077500 0.077500
4 0.231250 0.606250 0.077500 0.077500
2 0.373750 0.626250 0.077500 0.077500
1 0.443750 0.633750 0.077500 0.077500
1 0.516250 0.643750 0.077500 0.077500
1 0.586250 0.653750 0.077500 0.077500
3 0.728750 0.671250 0.077500 0.077500
4 0.871250 0.688750 0.077500 0.077500
