2 0.220000 0.255000 0.090000 0.090000
1 0.305000 0.262500 0.090000 0.090000
4 0.390000 0.272500 0.090000 0.090000
1 0.900000 0.322500 0.090000 0.090000
0 0.212500 0.340000 0.090000 0.090000
4 0.722500 0.390000 0.090000 0.090000
1 0.805000 0.397500 0.090000 0.090000
4 0.890000 0.407500 0.090000 0.090000
0 0.120000 0.417500 0.090000 0.090000
0 0.372500 0.442500 0.090000 0.090000
4 0.712500 0.475000 0.090000 0.090000
1 0.110000 0.502500 0.090000 0.090000
4 0.280000 0.517500 0.090000 0.090000
3 0.535000 0.542500 0.090000 0.090000
4 0.705000 0.560000 0.090000 0.090000
4 0.790000 0.567500 0.090000 0.090000
0 0.102500 0.585000 0.090000 0.090000
4 0.272500 0.602500 0.090000 0.090000
4 0.357500 0.612500 0.090000 0.090000
0 0.442500 0.620000 0.090000 0.090000
2 0.527500 0.627500 0.090000 0.090000
0 0.780000 0.652500 0.090000 0.090000
1 0.517500 0.712500 0.090000 0.090000
2 0.602500 0.722500 0.090000 0.090000
1 0.687500 0.730000 0.090000 0.090000
