0 0.225000 0.360000 0.065000 0.065000
0 0.340000 0.380000 0.065000 0.065000
4 0.570000 0.420000 0.065000 0.065000
1 0.682500 0.440000 0.065000 0.065000
4 0.797500 0.460000 0.065000 0.065000
2 0.100000 0.397500 0.065000 0.065000
4 0.157500 0.407500 0.065000 0.065000
1 0.387500 0.447500 0.065000 0.065000
2 0.502500 0.467500 0.065000 0.065000
1 0.560000 0.477500 0.065000 0.065000
4 0.617500 0.487500 0.065000 0.065000
3 0.672500 0.497500 0.065000 0.065000
0 0.730000 0.507500 0.065000 0.065000
4 0.787500 0.517500 0.065000 0.065000
1 0.090000 0.455000 0.065000 0.065000
1 0.320000 0.495000 0.065000 0.065000
2 0.377500 0.505000 0.065000 0.065000
1 0.435000 0.515000 0.065000 0.065000
1 0.777500 0.575000 0.065000 0.065000
0 0.892500 0.595000 0.065000 0.065000
4 0.540000 0.592500 0.065000 0.065000
4 0.597500 0.602500 0.065000 0.065000
4 0.710000 0.622500 0.065000 0.065000
4 0.767500 0.632500 0.065000 0.065000
4 0.825000 0.642500 0.065000 0.065000
