4 0.092500 0.500000 0.085000 0.085000
1 0.222500 0.452500 0.085000 0.085000
1 0.482500 0.355000 0.085000 0.085000
1 0.547500 0.332500 0.085000 0.085000
0 0.677500 0.285000 0.085000 0.085000
1 0.742500 0.260000 0.085000 0.085000
0 0.807500 0.235000 0.085000 0.085000
1 0.117500 0.565000 0.085000 0.085000
0 0.182500 0.540000 0.085000 0.085000
4 0.312500 0.492500 0.085000 0.085000
2 0.375000 0.467500 0.085000 0.085000
1 0.570000 0.397500 0.085000 0.085000
1 0.635000 0.372500 0.085000 0.085000
1 0.700000 0.350000 0.085000 0.085000
1 0.830000 0.300000 0.085000 0.085000
4 0.140000 0.630000 0.085000 0.085000
4 0.205000 0.605000 0.085000 0.085000
1 0.270000 0.580000 0.085000 0.085000
1 0.335000 0.557500 0.085000 0.085000
0 0.400000 0.532500 0.085000 0.085000
1 0.465000 0.510000 0.085000 0.085000
1 0.530000 0.485000 0.085000 0.085000
4 0.595000 0.462500 0.085000 0.085000
4 0.660000 0.437500 0.085000 0.085000
2 0.790000 0.390000 0.085000 0.085000
2 0.230000 0.670000 0.085000 0.085000
1 0.295000 0.645000 0.085000 0.085000
4 0.360000 0.622500 0.085000 0.085000
4 0.490000 0.575000 0.085000 0.085000
4 0.620000 0.527500 0.085000 0.085000
4 0.877500 0.430000 0.085000 0.085000
0 0.187500 0.760000 0.085000 0.085000
4 0.447500 0.662500 0.085000 0.085000
4 0.512500 0.640000 0.085000 0.085000
0 0.577500 0.615000 0.085000 0.085000
4 0.837500 0.520000 0.085000 0.085000
