4 0.098750 0.446250 0.097500 0.097500
1 0.171250 0.416250 0.097500 0.097500
1 0.461250 0.301250 0.097500 0.097500
1 0.606250 0.241250 0.097500 0.097500
2 0.678750 0.213750 0.097500 0.097500
2 0.128750 0.518750 0.097500 0.097500
4 0.633750 0.313750 0.097500 0.097500
1 0.778750 0.256250 0.097500 0.097500
1 0.228750 0.561250 0.097500 0.097500
4 0.301250 0.533750 0.097500 0.097500
4 0.373750 0.503750 0.097500 0.097500
1 0.663750 0.386250 0.097500 0.097500
4 0.258750 0.633750 0.097500 0.097500
3 0.331250 0.606250 0.097500 0.097500
3 0.403750 0.576250 0.097500 0.097500
4 0.476250 0.546250 0.097500 0.097500
2 0.766250 0.431250 0.097500 0.097500
4 0.433750 0.648750 0.097500 0.097500
2 0.576250 0.591250 0.097500 0.097500
1 0.721250 0.531250 0.097500 0.097500
1 0.866250 0.473750 0.097500 0.097500
1 0.243750 0.808750 0.097500 0.097500
