1 0.176250 0.223750 0.092500 0.092500
1 0.256250 0.241250 0.092500 0.092500
0 0.496250 0.288750 0.092500 0.092500
4 0.658750 0.318750 0.092500 0.092500
4 0.738750 0.333750 0.092500 0.092500
4 0.818750 0.351250 0.092500 0.092500
2 0.898750 0.366250 0.092500 0.092500
4 0.321250 0.336250 0.092500 0.092500
2 0.143750 0.386250 0.092500 0.092500
0 0.223750 0.401250 0.092500 0.092500
1 0.626250 0.478750 0.092500 0.092500
1 0.786250 0.511250 0.092500 0.092500
4 0.128750 0.466250 0.092500 0.092500
4 0.368750 0.513750 0.092500 0.092500
4 0.448750 0.528750 0.092500 0.092500
1 0.611250 0.561250 0.092500 0.092500
4 0.691250 0.576250 0.092500 0.092500
1 0.851250 0.606250 0.092500 0.092500
3 0.111250 0.546250 0.092500 0.092500
0 0.256250 0.658750 0.092500 0.092500
4 0.658750 0.736250 0.092500 0.092500
2 0.821250 0.768750 0.092500 0.092500
