4 0.181250 0.286250 0.087500 0.087500
2 0.623750 0.273750 0.087500 0.087500
4 0.801250 0.268750 0.087500 0.087500
1 0.096250 0.376250 0.087500 0.087500
1 0.183750 0.373750 0.087500 0.087500
2 0.448750 0.366250 0.087500 0.087500
4 0.538750 0.363750 0.087500 0.087500
1 0.626250 0.361250 0.087500 0.087500
2 0.713750 0.358750 0.087500 0.087500
1 0.098750 0.466250 0.087500 0.087500
4 0.276250 0.461250 0.087500 0.087500
1 0.363750 0.456250 0.087500 0.087500
4 0.451250 0.453750 0.087500 0.087500
1 0.806250 0.443750 0.087500 0.087500
0 0.101250 0.553750 0.087500 0.087500
0 0.366250 0.546250 0.087500 0.087500
4 0.453750 0.543750 0.087500 0.087500
1 0.631250 0.538750 0.087500 0.087500
0 0.456250 0.631250 0.087500 0.087500
1 0.546250 0.628750 0.087500 0.087500
1 0.633750 0.626250 0.087500 0.087500
4 0.811250 0.621250 0.087500 0.087500
0 0.898750 0.618750 0.087500 0.087500
1 0.283750 0.726250 0.087500 0.087500
3 0.461250 0.718750 0.087500 0.087500
4 0.548750 0.716250 0.087500 0.087500
0 0.813750 0.708750 0.087500 0.087500
4 0.901250 0.706250 0.087500 0.087500
