1 0.293750 0.221250 0.092500 0.092500
1 0.353750 0.256250 0.092500 0.092500
4 0.416250 0.291250 0.092500 0.092500
1 0.536250 0.358750 0.092500 0.092500
1 0.658750 0.426250 0.092500 0.092500
1 0.718750 0.461250 0.092500 0.092500
2 0.778750 0.496250 0.092500 0.092500
1 0.838750 0.528750 0.092500 0.092500
4 0.321250 0.316250 0.092500 0.092500
2 0.381250 0.351250 0.092500 0.092500
1 0.441250 0.386250 0.092500 0.092500
4 0.563750 0.453750 0.092500 0.092500
0 0.623750 0.488750 0.092500 0.092500
0 0.683750 0.521250 0.092500 0.092500
2 0.743750 0.556250 0.092500 0.092500
4 0.226250 0.343750 0.092500 0.092500
2 0.406250 0.446250 0.092500 0.092500
4 0.468750 0.478750 0.092500 0.092500
4 0.588750 0.548750 0.092500 0.092500
4 0.648750 0.583750 0.092500 0.092500
4 0.771250 0.651250 0.092500 0.092500
1 0.831250 0.686250 0.092500 0.092500
1 0.311250 0.471250 0.092500 0.092500
4 0.373750 0.506250 0.092500 0.092500
1 0.493750 0.573750 0.092500 0.092500
3 0.556250 0.608750 0.092500 0.092500
0 0.616250 0.643750 0.092500 0.092500
0 0.676250 0.676250 0.092500 0.092500
2 0.736250 0.711250 0.092500 0.092500
1 0.156250 0.463750 0.092500 0.092500
4 0.218750 0.498750 0.092500 0.092500
0 0.278750 0.533750 0.092500 0.092500
4 0.398750 0.601250 0.092500 0.092500
3 0.581250 0.703750 0.092500 0.092500
0 0.641250 0.738750 0.092500 0.092500
