4 0.142500 0.595000 0.080000 0.080000
1 0.560000 0.362500 0.080000 0.080000
4 0.610000 0.332500 0.080000 0.080000
4 0.715000 0.275000 0.080000 0.080000
4 0.820000 0.215000 0.080000 0.080000
4 0.120000 0.677500 0.080000 0.080000
3 0.172500 0.647500 0.080000 0.080000
1 0.222500 0.620000 0.080000 0.080000
2 0.432500 0.502500 0.080000 0.080000
4 0.485000 0.472500 0.080000 0.080000
4 0.535000 0.442500 0.080000 0.080000
4 0.692500 0.355000 0.080000 0.080000
0 0.850000 0.267500 0.080000 0.080000
1 0.147500 0.730000 0.080000 0.080000
2 0.200000 0.700000 0.080000 0.080000
4 0.252500 0.670000 0.080000 0.080000
1 0.357500 0.612500 0.080000 0.080000
4 0.460000 0.555000 0.080000 0.080000
4 0.565000 0.495000 0.080000 0.080000
4 0.617500 0.465000 0.080000 0.080000
2 0.775000 0.377500 0.080000 0.080000
1 0.825000 0.350000 0.080000 0.080000
1 0.282500 0.722500 0.080000 0.080000
1 0.490000 0.605000 0.080000 0.080000
2 0.595000 0.547500 0.080000 0.080000
