4 0.112500 0.317500 0.075000 0.075000
2 0.330000 0.335000 0.075000 0.075000
4 0.835000 0.380000 0.075000 0.075000
4 0.177500 0.395000 0.075000 0.075000
4 0.685000 0.440000 0.075000 0.075000
2 0.902500 0.457500 0.075000 0.075000
3 0.100000 0.462500 0.075000 0.075000
4 0.245000 0.475000 0.075000 0.075000
0 0.317500 0.480000 0.075000 0.075000
1 0.390000 0.487500 0.075000 0.075000
1 0.462500 0.492500 0.075000 0.075000
3 0.677500 0.512500 0.075000 0.075000
4 0.750000 0.517500 0.075000 0.075000
0 0.822500 0.525000 0.075000 0.075000
4 0.895000 0.530000 0.075000 0.075000
2 0.237500 0.547500 0.075000 0.075000
1 0.382500 0.560000 0.075000 0.075000
1 0.455000 0.565000 0.075000 0.075000
4 0.672500 0.585000 0.075000 0.075000
1 0.745000 0.590000 0.075000 0.075000
1 0.817500 0.597500 0.075000 0.075000
1 0.087500 0.607500 0.075000 0.075000
4 0.160000 0.612500 0.075000 0.075000
3 0.305000 0.625000 0.075000 0.075000
1 0.592500 0.650000 0.075000 0.075000
4 0.737500 0.662500 0.075000 0.075000
4 0.810000 0.670000 0.075000 0.075000
