1 0.390000 0.272500 0.090000 0.090000
4 0.815000 0.312500 0.090000 0.090000
1 0.297500 0.350000 0.090000 0.090000
4 0.467500 0.365000 0.090000 0.090000
4 0.807500 0.397500 0.090000 0.090000
1 0.290000 0.435000 0.090000 0.090000
2 0.630000 0.467500 0.090000 0.090000
1 0.715000 0.475000 0.090000 0.090000
3 0.800000 0.482500 0.090000 0.090000
0 0.885000 0.490000 0.090000 0.090000
0 0.877500 0.575000 0.090000 0.090000
4 0.102500 0.587500 0.090000 0.090000
4 0.187500 0.595000 0.090000 0.090000
1 0.357500 0.612500 0.090000 0.090000
1 0.697500 0.645000 0.090000 0.090000
1 0.867500 0.660000 0.090000 0.090000
0 0.435000 0.705000 0.090000 0.090000
2 0.520000 0.712500 0.090000 0.090000
