1 0.093750 0.341250 0.072500 0.072500
1 0.241250 0.343750 0.072500 0.072500
2 0.463750 0.348750 0.072500 0.072500
2 0.611250 0.351250 0.072500 0.072500
4 0.686250 0.353750 0.072500 0.072500
0 0.761250 0.353750 0.072500 0.072500
1 0.836250 0.356250 0.072500 0.072500
4 0.388750 0.421250 0.072500 0.072500
2 0.461250 0.423750 0.072500 0.072500
4 0.611250 0.426250 0.072500 0.072500
4 0.088750 0.488750 0.072500 0.072500
0 0.163750 0.491250 0.072500 0.072500
0 0.386250 0.496250 0.072500 0.072500
0 0.533750 0.498750 0.072500 0.072500
1 0.683750 0.501250 0.072500 0.072500
4 0.758750 0.503750 0.072500 0.072500
1 0.311250 0.568750 0.072500 0.072500
2 0.606250 0.573750 0.072500 0.072500
2 0.681250 0.576250 0.072500 0.072500
1 0.756250 0.578750 0.072500 0.072500
0 0.831250 0.578750 0.072500 0.072500
1 0.161250 0.638750 0.072500 0.072500
4 0.308750 0.641250 0.072500 0.072500
1 0.753750 0.651250 0.072500 0.072500
1 0.903750 0.656250 0.072500 0.072500
