2 0.321250 0.283750 0.087500 0.087500
2 0.516250 0.356250 0.087500 0.087500
1 0.578750 0.381250 0.087500 0.087500
4 0.708750 0.431250 0.087500 0.087500
4 0.773750 0.453750 0.087500 0.087500
1 0.361250 0.373750 0.087500 0.087500
0 0.491250 0.421250 0.087500 0.087500
4 0.556250 0.446250 0.087500 0.087500
4 0.621250 0.471250 0.087500 0.087500
0 0.683750 0.493750 0.087500 0.087500
4 0.813750 0.543750 0.087500 0.087500
1 0.141250 0.363750 0.087500 0.087500
2 0.271250 0.413750 0.087500 0.087500
2 0.466250 0.486250 0.087500 0.087500
1 0.531250 0.511250 0.087500 0.087500
0 0.661250 0.558750 0.087500 0.087500
4 0.726250 0.583750 0.087500 0.087500
4 0.118750 0.428750 0.087500 0.087500
4 0.376250 0.526250 0.087500 0.087500
2 0.441250 0.551250 0.087500 0.087500
1 0.158750 0.518750 0.087500 0.087500
4 0.288750 0.566250 0.087500 0.087500
1 0.353750 0.591250 0.087500 0.087500
1 0.481250 0.641250 0.087500 0.087500
4 0.546250 0.663750 0.087500 0.087500
3 0.611250 0.688750 0.087500 0.087500
