4 0.085000 0.542500 0.070000 0.070000
2 0.195000 0.505000 0.070000 0.070000
4 0.250000 0.487500 0.070000 0.070000
1 0.470000 0.415000 0.070000 0.070000
1 0.580000 0.377500 0.070000 0.070000
4 0.635000 0.360000 0.070000 0.070000
4 0.690000 0.340000 0.070000 0.070000
2 0.102500 0.597500 0.070000 0.070000
0 0.212500 0.560000 0.070000 0.070000
0 0.267500 0.542500 0.070000 0.070000
4 0.377500 0.505000 0.070000 0.070000
1 0.432500 0.487500 0.070000 0.070000
2 0.597500 0.432500 0.070000 0.070000
1 0.655000 0.415000 0.070000 0.070000
0 0.342500 0.577500 0.070000 0.070000
1 0.397500 0.560000 0.070000 0.070000
4 0.507500 0.525000 0.070000 0.070000
0 0.562500 0.505000 0.070000 0.070000
4 0.782500 0.432500 0.070000 0.070000
1 0.837500 0.415000 0.070000 0.070000
4 0.250000 0.670000 0.070000 0.070000
4 0.305000 0.652500 0.070000 0.070000
4 0.415000 0.615000 0.070000 0.070000
0 0.580000 0.560000 0.070000 0.070000
2 0.635000 0.542500 0.070000 0.070000
2 0.690000 0.525000 0.070000 0.070000
2 0.745000 0.505000 0.070000 0.070000
1 0.800000 0.487500 0.070000 0.070000
2 0.910000 0.452500 0.070000 0.070000
