4 0.411250 0.383750 0.087500 0.087500
1 0.538750 0.328750 0.087500 0.087500
1 0.601250 0.303750 0.087500 0.087500
4 0.666250 0.276250 0.087500 0.087500
0 0.728750 0.248750 0.087500 0.087500
1 0.793750 0.221250 0.087500 0.087500
1 0.183750 0.556250 0.087500 0.087500
4 0.693750 0.338750 0.087500 0.087500
2 0.818750 0.283750 0.087500 0.087500
1 0.148750 0.648750 0.087500 0.087500
4 0.276250 0.593750 0.087500 0.087500
1 0.338750 0.566250 0.087500 0.087500
4 0.466250 0.511250 0.087500 0.087500
4 0.528750 0.483750 0.087500 0.087500
2 0.593750 0.456250 0.087500 0.087500
1 0.846250 0.348750 0.087500 0.087500
3 0.493750 0.576250 0.087500 0.087500
1 0.746250 0.466250 0.087500 0.087500
4 0.811250 0.438750 0.087500 0.087500
0 0.873750 0.411250 0.087500 0.087500
0 0.266250 0.748750 0.087500 0.087500
1 0.331250 0.721250 0.087500 0.087500
4 0.393750 0.693750 0.087500 0.087500
4 0.521250 0.638750 0.087500 0.087500
4 0.648750 0.583750 0.087500 0.087500
4 0.711250 0.556250 0.087500 0.087500
4 0.773750 0.528750 0.087500 0.087500
