0 0.085000 0.370000 0.075000 0.075000
4 0.160000 0.367500 0.075000 0.075000
1 0.232500 0.362500 0.075000 0.075000
4 0.305000 0.360000 0.075000 0.075000
2 0.600000 0.345000 0.075000 0.075000
1 0.672500 0.340000 0.075000 0.075000
2 0.820000 0.332500 0.075000 0.075000
4 0.090000 0.445000 0.075000 0.075000
0 0.162500 0.440000 0.075000 0.075000
4 0.237500 0.437500 0.075000 0.075000
4 0.457500 0.425000 0.075000 0.075000
4 0.530000 0.422500 0.075000 0.075000
4 0.822500 0.407500 0.075000 0.075000
4 0.897500 0.402500 0.075000 0.075000
2 0.092500 0.517500 0.075000 0.075000
1 0.387500 0.502500 0.075000 0.075000
1 0.460000 0.500000 0.075000 0.075000
4 0.607500 0.492500 0.075000 0.075000
1 0.755000 0.485000 0.075000 0.075000
1 0.827500 0.480000 0.075000 0.075000
4 0.900000 0.477500 0.075000 0.075000
2 0.097500 0.590000 0.075000 0.075000
2 0.170000 0.587500 0.075000 0.075000
2 0.390000 0.575000 0.075000 0.075000
4 0.465000 0.572500 0.075000 0.075000
2 0.537500 0.567500 0.075000 0.075000
0 0.610000 0.565000 0.075000 0.075000
0 0.830000 0.555000 0.075000 0.075000
0 0.175000 0.660000 0.075000 0.075000
4 0.247500 0.657500 0.075000 0.075000
2 0.467500 0.645000 0.075000 0.075000
4 0.540000 0.642500 0.075000 0.075000
3 0.907500 0.622500 0.075000 0.075000
