1 0.095000 0.552500 0.090000 0.090000
0 0.217500 0.487500 0.090000 0.090000
1 0.277500 0.455000 0.090000 0.090000
0 0.340000 0.422500 0.090000 0.090000
0 0.400000 0.390000 0.090000 0.090000
2 0.585000 0.292500 0.090000 0.090000
1 0.645000 0.260000 0.090000 0.090000
0 0.707500 0.227500 0.090000 0.090000
4 0.127500 0.612500 0.090000 0.090000
4 0.250000 0.547500 0.090000 0.090000
0 0.310000 0.515000 0.090000 0.090000
4 0.432500 0.450000 0.090000 0.090000
1 0.495000 0.417500 0.090000 0.090000
4 0.220000 0.642500 0.090000 0.090000
0 0.282500 0.610000 0.090000 0.090000
4 0.650000 0.415000 0.090000 0.090000
0 0.710000 0.382500 0.090000 0.090000
4 0.315000 0.672500 0.090000 0.090000
2 0.375000 0.640000 0.090000 0.090000
4 0.437500 0.607500 0.090000 0.090000
4 0.560000 0.542500 0.090000 0.090000
1 0.620000 0.510000 0.090000 0.090000
1 0.742500 0.445000 0.090000 0.090000
4 0.867500 0.380000 0.090000 0.090000
4 0.225000 0.797500 0.090000 0.090000
4 0.592500 0.602500 0.090000 0.090000
4 0.715000 0.537500 0.090000 0.090000
0 0.837500 0.472500 0.090000 0.090000
4 0.900000 0.440000 0.090000 0.090000
