1 0.310000 0.437500 0.065000 0.065000
4 0.482500 0.410000 0.065000 0.065000
1 0.830000 0.357500 0.065000 0.065000
2 0.887500 0.347500 0.065000 0.065000
4 0.262500 0.505000 0.065000 0.065000
0 0.320000 0.495000 0.065000 0.065000
2 0.377500 0.487500 0.065000 0.065000
4 0.492500 0.467500 0.065000 0.065000
2 0.722500 0.432500 0.065000 0.065000
1 0.895000 0.405000 0.065000 0.065000
1 0.272500 0.562500 0.065000 0.065000
3 0.387500 0.545000 0.065000 0.065000
3 0.790000 0.480000 0.065000 0.065000
3 0.847500 0.472500 0.065000 0.065000
4 0.337500 0.610000 0.065000 0.065000
4 0.510000 0.582500 0.065000 0.065000
0 0.567500 0.575000 0.065000 0.065000
1 0.682500 0.557500 0.065000 0.065000
1 0.740000 0.547500 0.065000 0.065000
1 0.912500 0.520000 0.065000 0.065000
