4 0.590000 0.315000 0.095000 0.095000
3 0.820000 0.380000 0.095000 0.095000
3 0.897500 0.402500 0.095000 0.095000
4 0.720000 0.435000 0.095000 0.095000
4 0.875000 0.480000 0.095000 0.095000
1 0.315000 0.402500 0.095000 0.095000
3 0.370000 0.502500 0.095000 0.095000
1 0.447500 0.525000 0.095000 0.095000
4 0.600000 0.567500 0.095000 0.095000
1 0.755000 0.612500 0.095000 0.095000
4 0.117500 0.512500 0.095000 0.095000
1 0.272500 0.557500 0.095000 0.095000
3 0.425000 0.600000 0.095000 0.095000
3 0.810000 0.710000 0.095000 0.095000
3 0.402500 0.677500 0.095000 0.095000
