1 0.191250 0.318750 0.077500 0.077500
4 0.333750 0.336250 0.077500 0.077500
4 0.621250 0.366250 0.077500 0.077500
0 0.693750 0.373750 0.077500 0.077500
4 0.763750 0.383750 0.077500 0.077500
2 0.836250 0.391250 0.077500 0.077500
1 0.908750 0.398750 0.077500 0.077500
1 0.111250 0.383750 0.077500 0.077500
2 0.256250 0.398750 0.077500 0.077500
4 0.326250 0.406250 0.077500 0.077500
0 0.398750 0.413750 0.077500 0.077500
3 0.471250 0.423750 0.077500 0.077500
4 0.686250 0.446250 0.077500 0.077500
4 0.756250 0.453750 0.077500 0.077500
1 0.828750 0.461250 0.077500 0.077500
4 0.901250 0.468750 0.077500 0.077500
4 0.103750 0.456250 0.077500 0.077500
1 0.248750 0.471250 0.077500 0.077500
1 0.533750 0.501250 0.077500 0.077500
4 0.748750 0.526250 0.077500 0.077500
4 0.238750 0.543750 0.077500 0.077500
2 0.526250 0.573750 0.077500 0.077500
1 0.741250 0.598750 0.077500 0.077500
4 0.813750 0.606250 0.077500 0.077500
0 0.883750 0.613750 0.077500 0.077500
1 0.088750 0.598750 0.077500 0.077500
1 0.161250 0.606250 0.077500 0.077500
4 0.231250 0.613750 0.077500 0.077500
0 0.376250 0.628750 0.077500 0.077500
1 0.446250 0.638750 0.077500 0.077500
1 0.591250 0.653750 0.077500 0.077500
