1 0.312500 0.370000 0.100000 0.100000
4 0.382500 0.337500 0.100000 0.100000
4 0.665000 0.207500 0.100000 0.100000
0 0.202500 0.505000 0.100000 0.100000
0 0.415000 0.407500 0.100000 0.100000
2 0.625000 0.312500 0.100000 0.100000
1 0.695000 0.280000 0.100000 0.100000
2 0.767500 0.247500 0.100000 0.100000
2 0.165000 0.607500 0.100000 0.100000
1 0.235000 0.577500 0.100000 0.100000
1 0.517500 0.447500 0.100000 0.100000
4 0.727500 0.350000 0.100000 0.100000
4 0.267500 0.647500 0.100000 0.100000
4 0.407500 0.582500 0.100000 0.100000
4 0.480000 0.550000 0.100000 0.100000
4 0.550000 0.517500 0.100000 0.100000
4 0.620000 0.485000 0.100000 0.100000
2 0.760000 0.420000 0.100000 0.100000
4 0.230000 0.750000 0.100000 0.100000
4 0.300000 0.717500 0.100000 0.100000
1 0.370000 0.685000 0.100000 0.100000
1 0.582500 0.587500 0.100000 0.100000
2 0.792500 0.490000 0.100000 0.100000
1 0.402500 0.755000 0.100000 0.100000
4 0.472500 0.722500 0.100000 0.100000
4 0.685000 0.625000 0.100000 0.100000
1 0.755000 0.592500 0.100000 0.100000
4 0.895000 0.527500 0.100000 0.100000
