4 0.351250 0.408750 0.087500 0.087500
4 0.416250 0.383750 0.087500 0.087500
4 0.478750 0.356250 0.087500 0.087500
1 0.608750 0.306250 0.087500 0.087500
4 0.801250 0.228750 0.087500 0.087500
0 0.376250 0.471250 0.087500 0.087500
1 0.441250 0.446250 0.087500 0.087500
2 0.208750 0.613750 0.087500 0.087500
4 0.273750 0.588750 0.087500 0.087500
3 0.593750 0.461250 0.087500 0.087500
4 0.723750 0.408750 0.087500 0.087500
4 0.788750 0.383750 0.087500 0.087500
4 0.851250 0.358750 0.087500 0.087500
3 0.298750 0.651250 0.087500 0.087500
1 0.426250 0.601250 0.087500 0.087500
1 0.748750 0.473750 0.087500 0.087500
0 0.813750 0.448750 0.087500 0.087500
1 0.196250 0.766250 0.087500 0.087500
4 0.516250 0.638750 0.087500 0.087500
0 0.581250 0.613750 0.087500 0.087500
1 0.646250 0.588750 0.087500 0.087500
4 0.711250 0.563750 0.087500 0.087500
4 0.773750 0.538750 0.087500 0.087500
4 0.838750 0.511250 0.087500 0.087500
