0 0.088750 0.398750 0.077500 0.077500
4 0.303750 0.376250 0.077500 0.077500
2 0.373750 0.366250 0.077500 0.077500
4 0.446250 0.358750 0.077500 0.077500
4 0.588750 0.343750 0.077500 0.077500
0 0.661250 0.336250 0.077500 0.077500
1 0.876250 0.311250 0.077500 0.077500
2 0.383750 0.438750 0.077500 0.077500
1 0.453750 0.431250 0.077500 0.077500
4 0.668750 0.406250 0.077500 0.077500
1 0.741250 0.398750 0.077500 0.077500
2 0.883750 0.383750 0.077500 0.077500
1 0.103750 0.543750 0.077500 0.077500
4 0.248750 0.526250 0.077500 0.077500
4 0.318750 0.518750 0.077500 0.077500
2 0.463750 0.501250 0.077500 0.077500
2 0.533750 0.493750 0.077500 0.077500
4 0.676250 0.478750 0.077500 0.077500
4 0.748750 0.471250 0.077500 0.077500
1 0.113750 0.613750 0.077500 0.077500
0 0.471250 0.573750 0.077500 0.077500
2 0.756250 0.541250 0.077500 0.077500
0 0.828750 0.533750 0.077500 0.077500
3 0.121250 0.686250 0.077500 0.077500
1 0.551250 0.636250 0.077500 0.077500
1 0.621250 0.628750 0.077500 0.077500
4 0.908750 0.596250 0.077500 0.077500
