2 0.083750 0.348750 0.072500 0.072500
1 0.158750 0.348750 0.072500 0.072500
1 0.383750 0.348750 0.072500 0.072500
1 0.458750 0.346250 0.072500 0.072500
4 0.533750 0.346250 0.072500 0.072500
2 0.683750 0.346250 0.072500 0.072500
4 0.758750 0.346250 0.072500 0.072500
0 0.158750 0.423750 0.072500 0.072500
4 0.533750 0.421250 0.072500 0.072500
4 0.608750 0.421250 0.072500 0.072500
2 0.908750 0.421250 0.072500 0.072500
1 0.161250 0.498750 0.072500 0.072500
3 0.233750 0.498750 0.072500 0.072500
4 0.308750 0.498750 0.072500 0.072500
1 0.383750 0.496250 0.072500 0.072500
2 0.533750 0.496250 0.072500 0.072500
4 0.608750 0.496250 0.072500 0.072500
4 0.758750 0.496250 0.072500 0.072500
4 0.833750 0.496250 0.072500 0.072500
4 0.908750 0.496250 0.072500 0.072500
1 0.086250 0.573750 0.072500 0.072500
4 0.161250 0.573750 0.072500 0.072500
1 0.311250 0.571250 0.072500 0.072500
2 0.383750 0.571250 0.072500 0.072500
2 0.458750 0.571250 0.072500 0.072500
0 0.533750 0.646250 0.072500 0.072500
2 0.833750 0.646250 0.072500 0.072500
