1 0.168750 0.463750 0.102500 0.102500
1 0.236250 0.423750 0.102500 0.102500
4 0.368750 0.348750 0.102500 0.102500
4 0.436250 0.311250 0.102500 0.102500
2 0.138750 0.568750 0.102500 0.102500
4 0.206250 0.528750 0.102500 0.102500
4 0.273750 0.491250 0.102500 0.102500
3 0.243750 0.596250 0.102500 0.102500
4 0.311250 0.558750 0.102500 0.102500
2 0.446250 0.483750 0.102500 0.102500
4 0.646250 0.368750 0.102500 0.102500
4 0.781250 0.291250 0.102500 0.102500
1 0.216250 0.701250 0.102500 0.102500
1 0.283750 0.663750 0.102500 0.102500
2 0.483750 0.548750 0.102500 0.102500
4 0.551250 0.511250 0.102500 0.102500
1 0.618750 0.473750 0.102500 0.102500
4 0.683750 0.436250 0.102500 0.102500
1 0.253750 0.768750 0.102500 0.102500
2 0.321250 0.731250 0.102500 0.102500
2 0.656250 0.541250 0.102500 0.102500
4 0.791250 0.463750 0.102500 0.102500
1 0.358750 0.798750 0.102500 0.102500
1 0.426250 0.758750 0.102500 0.102500
1 0.493750 0.721250 0.102500 0.102500
1 0.896250 0.493750 0.102500 0.102500
