0 0.293750 0.156250 0.102500 0.102500
3 0.493750 0.271250 0.102500 0.102500
3 0.693750 0.386250 0.102500 0.102500
1 0.761250 0.426250 0.102500 0.102500
1 0.828750 0.463750 0.102500 0.102500
4 0.321250 0.261250 0.102500 0.102500
2 0.388750 0.301250 0.102500 0.102500
2 0.588750 0.416250 0.102500 0.102500
4 0.656250 0.453750 0.102500 0.102500
1 0.788750 0.531250 0.102500 0.102500
1 0.416250 0.406250 0.102500 0.102500
1 0.751250 0.598750 0.102500 0.102500
2 0.818750 0.636250 0.102500 0.102500
2 0.178750 0.358750 0.102500 0.102500
1 0.246250 0.396250 0.102500 0.102500
1 0.446250 0.511250 0.102500 0.102500
2 0.778750 0.703750 0.102500 0.102500
2 0.406250 0.578750 0.102500 0.102500
4 0.541250 0.653750 0.102500 0.102500
4 0.741250 0.768750 0.102500 0.102500
1 0.236250 0.568750 0.102500 0.102500
1 0.301250 0.606250 0.102500 0.102500
