4 0.083750 0.553750 0.072500 0.072500
0 0.138750 0.533750 0.072500 0.072500
0 0.193750 0.513750 0.072500 0.072500
1 0.303750 0.473750 0.072500 0.072500
3 0.413750 0.433750 0.072500 0.072500
4 0.468750 0.416250 0.072500 0.072500
4 0.796250 0.296250 0.072500 0.072500
1 0.851250 0.276250 0.072500 0.072500
4 0.103750 0.608750 0.072500 0.072500
4 0.158750 0.588750 0.072500 0.072500
4 0.268750 0.548750 0.072500 0.072500
2 0.433750 0.488750 0.072500 0.072500
4 0.541250 0.451250 0.072500 0.072500
1 0.651250 0.411250 0.072500 0.072500
1 0.233750 0.623750 0.072500 0.072500
1 0.288750 0.603750 0.072500 0.072500
0 0.343750 0.583750 0.072500 0.072500
4 0.398750 0.563750 0.072500 0.072500
4 0.726250 0.446250 0.072500 0.072500
1 0.781250 0.426250 0.072500 0.072500
4 0.836250 0.406250 0.072500 0.072500
1 0.198750 0.696250 0.072500 0.072500
2 0.253750 0.678750 0.072500 0.072500
4 0.308750 0.658750 0.072500 0.072500
4 0.363750 0.638750 0.072500 0.072500
1 0.471250 0.598750 0.072500 0.072500
4 0.526250 0.578750 0.072500 0.072500
1 0.581250 0.558750 0.072500 0.072500
4 0.636250 0.538750 0.072500 0.072500
4 0.746250 0.501250 0.072500 0.072500
4 0.853750 0.461250 0.072500 0.072500
1 0.908750 0.441250 0.072500 0.072500
