1 0.078750 0.458750 0.062500 0.062500
1 0.196250 0.443750 0.062500 0.062500
2 0.253750 0.436250 0.062500 0.062500
2 0.371250 0.423750 0.062500 0.062500
0 0.661250 0.388750 0.062500 0.062500
4 0.776250 0.373750 0.062500 0.062500
4 0.893750 0.361250 0.062500 0.062500
3 0.143750 0.508750 0.062500 0.062500
4 0.318750 0.488750 0.062500 0.062500
2 0.551250 0.461250 0.062500 0.062500
4 0.783750 0.433750 0.062500 0.062500
1 0.093750 0.573750 0.062500 0.062500
1 0.268750 0.553750 0.062500 0.062500
4 0.383750 0.538750 0.062500 0.062500
4 0.441250 0.533750 0.062500 0.062500
3 0.501250 0.526250 0.062500 0.062500
2 0.558750 0.518750 0.062500 0.062500
4 0.791250 0.491250 0.062500 0.062500
0 0.906250 0.476250 0.062500 0.062500
2 0.158750 0.626250 0.062500 0.062500
2 0.216250 0.618750 0.062500 0.062500
1 0.391250 0.598750 0.062500 0.062500
1 0.506250 0.583750 0.062500 0.062500
4 0.623750 0.568750 0.062500 0.062500
0 0.738750 0.556250 0.062500 0.062500
4 0.856250 0.541250 0.062500 0.062500
