4 0.157500 0.475000 0.085000 0.085000
2 0.352500 0.402500 0.085000 0.085000
0 0.612500 0.307500 0.085000 0.085000
4 0.677500 0.285000 0.085000 0.085000
4 0.312500 0.492500 0.085000 0.085000
1 0.440000 0.445000 0.085000 0.085000
2 0.505000 0.420000 0.085000 0.085000
1 0.570000 0.397500 0.085000 0.085000
0 0.765000 0.325000 0.085000 0.085000
0 0.140000 0.627500 0.085000 0.085000
2 0.400000 0.532500 0.085000 0.085000
4 0.595000 0.462500 0.085000 0.085000
2 0.660000 0.437500 0.085000 0.085000
4 0.790000 0.390000 0.085000 0.085000
0 0.855000 0.367500 0.085000 0.085000
4 0.165000 0.692500 0.085000 0.085000
2 0.230000 0.670000 0.085000 0.085000
2 0.295000 0.645000 0.085000 0.085000
2 0.490000 0.575000 0.085000 0.085000
4 0.555000 0.550000 0.085000 0.085000
0 0.620000 0.527500 0.085000 0.085000
1 0.685000 0.502500 0.085000 0.085000
2 0.815000 0.455000 0.085000 0.085000
0 0.880000 0.432500 0.085000 0.085000
4 0.252500 0.735000 0.085000 0.085000
1 0.317500 0.710000 0.085000 0.085000
2 0.447500 0.662500 0.085000 0.085000
1 0.512500 0.640000 0.085000 0.085000
4 0.642500 0.592500 0.085000 0.085000
