4 0.257500 0.180000 0.100000 0.100000
3 0.330000 0.210000 0.100000 0.100000
2 0.470000 0.272500 0.100000 0.100000
4 0.542500 0.305000 0.100000 0.100000
1 0.897500 0.462500 0.100000 0.100000
2 0.297500 0.282500 0.100000 0.100000
3 0.865000 0.535000 0.100000 0.100000
1 0.477500 0.447500 0.100000 0.100000
3 0.550000 0.477500 0.100000 0.100000
1 0.620000 0.510000 0.100000 0.100000
1 0.762500 0.572500 0.100000 0.100000
2 0.832500 0.605000 0.100000 0.100000
4 0.162500 0.392500 0.100000 0.100000
3 0.235000 0.422500 0.100000 0.100000
2 0.305000 0.455000 0.100000 0.100000
2 0.375000 0.487500 0.100000 0.100000
4 0.517500 0.550000 0.100000 0.100000
1 0.660000 0.612500 0.100000 0.100000
1 0.730000 0.645000 0.100000 0.100000
4 0.132500 0.462500 0.100000 0.100000
2 0.272500 0.525000 0.100000 0.100000
4 0.487500 0.620000 0.100000 0.100000
3 0.627500 0.685000 0.100000 0.100000
2 0.700000 0.715000 0.100000 0.100000
4 0.100000 0.532500 0.100000 0.100000
4 0.170000 0.565000 0.100000 0.100000
0 0.242500 0.597500 0.100000 0.100000
4 0.312500 0.627500 0.100000 0.100000
1 0.525000 0.722500 0.100000 0.100000
4 0.667500 0.787500 0.100000 0.100000
0 0.737500 0.817500 0.100000 0.100000
