1 0.458750 0.273750 0.097500 0.097500
2 0.821250 0.413750 0.097500 0.097500
1 0.428750 0.346250 0.097500 0.097500
3 0.501250 0.373750 0.097500 0.097500
1 0.576250 0.403750 0.097500 0.097500
1 0.866250 0.516250 0.097500 0.097500
3 0.401250 0.418750 0.097500 0.097500
0 0.473750 0.446250 0.097500 0.097500
4 0.226250 0.436250 0.097500 0.097500
1 0.301250 0.463750 0.097500 0.097500
0 0.373750 0.491250 0.097500 0.097500
2 0.446250 0.521250 0.097500 0.097500
1 0.591250 0.576250 0.097500 0.097500
1 0.811250 0.661250 0.097500 0.097500
3 0.126250 0.478750 0.097500 0.097500
4 0.198750 0.508750 0.097500 0.097500
4 0.418750 0.593750 0.097500 0.097500
2 0.491250 0.621250 0.097500 0.097500
3 0.636250 0.678750 0.097500 0.097500
4 0.781250 0.733750 0.097500 0.097500
2 0.171250 0.581250 0.097500 0.097500
4 0.316250 0.638750 0.097500 0.097500
4 0.608750 0.751250 0.097500 0.097500
4 0.753750 0.806250 0.097500 0.097500
