4 0.231250 0.191250 0.092500 0.092500
4 0.291250 0.223750 0.092500 0.092500
2 0.473750 0.326250 0.092500 0.092500
1 0.536250 0.358750 0.092500 0.092500
0 0.656250 0.426250 0.092500 0.092500
3 0.718750 0.458750 0.092500 0.092500
1 0.901250 0.561250 0.092500 0.092500
0 0.198750 0.251250 0.092500 0.092500
2 0.381250 0.351250 0.092500 0.092500
4 0.441250 0.386250 0.092500 0.092500
3 0.563750 0.453750 0.092500 0.092500
1 0.623750 0.486250 0.092500 0.092500
0 0.806250 0.588750 0.092500 0.092500
1 0.866250 0.621250 0.092500 0.092500
4 0.346250 0.413750 0.092500 0.092500
0 0.406250 0.446250 0.092500 0.092500
0 0.588750 0.548750 0.092500 0.092500
1 0.711250 0.616250 0.092500 0.092500
4 0.771250 0.648750 0.092500 0.092500
1 0.251250 0.441250 0.092500 0.092500
2 0.313750 0.473750 0.092500 0.092500
4 0.373750 0.508750 0.092500 0.092500
1 0.556250 0.608750 0.092500 0.092500
1 0.678750 0.676250 0.092500 0.092500
4 0.738750 0.708750 0.092500 0.092500
2 0.798750 0.743750 0.092500 0.092500
4 0.156250 0.466250 0.092500 0.092500
2 0.338750 0.568750 0.092500 0.092500
4 0.521250 0.668750 0.092500 0.092500
1 0.583750 0.703750 0.092500 0.092500
2 0.643750 0.736250 0.092500 0.092500
1 0.766250 0.803750 0.092500 0.092500
