3 0.191250 0.236250 0.087500 0.087500
1 0.451250 0.333750 0.087500 0.087500
1 0.643750 0.406250 0.087500 0.087500
3 0.773750 0.453750 0.087500 0.087500
2 0.903750 0.503750 0.087500 0.087500
1 0.426250 0.396250 0.087500 0.087500
4 0.491250 0.421250 0.087500 0.087500
1 0.621250 0.471250 0.087500 0.087500
4 0.748750 0.518750 0.087500 0.087500
0 0.813750 0.543750 0.087500 0.087500
4 0.878750 0.568750 0.087500 0.087500
3 0.206250 0.388750 0.087500 0.087500
4 0.271250 0.413750 0.087500 0.087500
1 0.336250 0.438750 0.087500 0.087500
0 0.726250 0.583750 0.087500 0.087500
4 0.791250 0.608750 0.087500 0.087500
1 0.118750 0.428750 0.087500 0.087500
1 0.248750 0.478750 0.087500 0.087500
4 0.311250 0.503750 0.087500 0.087500
4 0.376250 0.526250 0.087500 0.087500
2 0.506250 0.576250 0.087500 0.087500
1 0.701250 0.648750 0.087500 0.087500
0 0.766250 0.673750 0.087500 0.087500
2 0.831250 0.696250 0.087500 0.087500
2 0.158750 0.518750 0.087500 0.087500
3 0.353750 0.591250 0.087500 0.087500
1 0.418750 0.616250 0.087500 0.087500
1 0.481250 0.641250 0.087500 0.087500
2 0.676250 0.713750 0.087500 0.087500
