4 0.400000 0.345000 0.075000 0.075000
3 0.690000 0.365000 0.075000 0.075000
4 0.762500 0.370000 0.075000 0.075000
0 0.320000 0.412500 0.075000 0.075000
1 0.395000 0.417500 0.075000 0.075000
4 0.540000 0.427500 0.075000 0.075000
4 0.612500 0.432500 0.075000 0.075000
4 0.685000 0.437500 0.075000 0.075000
1 0.757500 0.442500 0.075000 0.075000
3 0.387500 0.490000 0.075000 0.075000
3 0.462500 0.495000 0.075000 0.075000
2 0.607500 0.505000 0.075000 0.075000
2 0.680000 0.510000 0.075000 0.075000
4 0.825000 0.520000 0.075000 0.075000
1 0.897500 0.525000 0.075000 0.075000
4 0.092500 0.542500 0.075000 0.075000
2 0.165000 0.547500 0.075000 0.075000
0 0.237500 0.552500 0.075000 0.075000
3 0.530000 0.572500 0.075000 0.075000
1 0.305000 0.630000 0.075000 0.075000
1 0.670000 0.657500 0.075000 0.075000
