3 0.256250 0.311250 0.072500 0.072500
4 0.311250 0.331250 0.072500 0.072500
1 0.366250 0.351250 0.072500 0.072500
2 0.691250 0.478750 0.072500 0.072500
1 0.798750 0.521250 0.072500 0.072500
2 0.853750 0.541250 0.072500 0.072500
1 0.236250 0.363750 0.072500 0.072500
1 0.343750 0.406250 0.072500 0.072500
1 0.506250 0.468750 0.072500 0.072500
3 0.616250 0.511250 0.072500 0.072500
2 0.723750 0.553750 0.072500 0.072500
2 0.833750 0.596250 0.072500 0.072500
4 0.888750 0.616250 0.072500 0.072500
3 0.106250 0.376250 0.072500 0.072500
2 0.323750 0.461250 0.072500 0.072500
4 0.593750 0.566250 0.072500 0.072500
3 0.248750 0.493750 0.072500 0.072500
4 0.356250 0.536250 0.072500 0.072500
1 0.411250 0.556250 0.072500 0.072500
1 0.683750 0.661250 0.072500 0.072500
1 0.791250 0.703750 0.072500 0.072500
1 0.846250 0.723750 0.072500 0.072500
