4 0.098750 0.436250 0.097500 0.097500
1 0.173750 0.408750 0.097500 0.097500
0 0.246250 0.381250 0.097500 0.097500
3 0.466250 0.301250 0.097500 0.097500
3 0.538750 0.273750 0.097500 0.097500
1 0.613750 0.246250 0.097500 0.097500
1 0.686250 0.218750 0.097500 0.097500
3 0.761250 0.191250 0.097500 0.097500
3 0.126250 0.511250 0.097500 0.097500
2 0.421250 0.401250 0.097500 0.097500
2 0.788750 0.263750 0.097500 0.097500
1 0.301250 0.528750 0.097500 0.097500
2 0.448750 0.473750 0.097500 0.097500
1 0.521250 0.448750 0.097500 0.097500
3 0.593750 0.421250 0.097500 0.097500
0 0.741250 0.366250 0.097500 0.097500
3 0.181250 0.656250 0.097500 0.097500
4 0.253750 0.631250 0.097500 0.097500
4 0.401250 0.576250 0.097500 0.097500
4 0.473750 0.548750 0.097500 0.097500
3 0.621250 0.493750 0.097500 0.097500
1 0.768750 0.438750 0.097500 0.097500
4 0.841250 0.411250 0.097500 0.097500
1 0.281250 0.703750 0.097500 0.097500
2 0.356250 0.676250 0.097500 0.097500
2 0.576250 0.593750 0.097500 0.097500
1 0.723750 0.538750 0.097500 0.097500
2 0.236250 0.803750 0.097500 0.097500
1 0.308750 0.776250 0.097500 0.097500
0 0.456250 0.723750 0.097500 0.097500
3 0.823750 0.586250 0.097500 0.097500
