3 0.100000 0.332500 0.075000 0.075000
4 0.172500 0.337500 0.075000 0.075000
1 0.247500 0.340000 0.075000 0.075000
1 0.320000 0.342500 0.075000 0.075000
1 0.762500 0.360000 0.075000 0.075000
1 0.835000 0.362500 0.075000 0.075000
2 0.170000 0.410000 0.075000 0.075000
1 0.242500 0.412500 0.075000 0.075000
4 0.317500 0.415000 0.075000 0.075000
4 0.465000 0.422500 0.075000 0.075000
2 0.537500 0.425000 0.075000 0.075000
4 0.907500 0.440000 0.075000 0.075000
4 0.092500 0.480000 0.075000 0.075000
4 0.167500 0.485000 0.075000 0.075000
4 0.610000 0.502500 0.075000 0.075000
1 0.757500 0.507500 0.075000 0.075000
2 0.830000 0.510000 0.075000 0.075000
4 0.905000 0.512500 0.075000 0.075000
4 0.090000 0.555000 0.075000 0.075000
2 0.165000 0.557500 0.075000 0.075000
1 0.312500 0.562500 0.075000 0.075000
1 0.385000 0.567500 0.075000 0.075000
4 0.752500 0.582500 0.075000 0.075000
4 0.900000 0.587500 0.075000 0.075000
4 0.160000 0.632500 0.075000 0.075000
1 0.530000 0.645000 0.075000 0.075000
4 0.602500 0.650000 0.075000 0.075000
4 0.825000 0.657500 0.075000 0.075000
