4 0.166250 0.231250 0.077500 0.077500
1 0.273750 0.286250 0.077500 0.077500
2 0.378750 0.338750 0.077500 0.077500
4 0.431250 0.366250 0.077500 0.077500
4 0.643750 0.473750 0.077500 0.077500
4 0.906250 0.606250 0.077500 0.077500
0 0.668750 0.551250 0.077500 0.077500
1 0.826250 0.631250 0.077500 0.077500
0 0.881250 0.658750 0.077500 0.077500
3 0.218750 0.391250 0.077500 0.077500
4 0.326250 0.443750 0.077500 0.077500
1 0.588750 0.578750 0.077500 0.077500
3 0.641250 0.603750 0.077500 0.077500
4 0.801250 0.683750 0.077500 0.077500
3 0.193750 0.443750 0.077500 0.077500
4 0.298750 0.498750 0.077500 0.077500
4 0.456250 0.578750 0.077500 0.077500
0 0.563750 0.631250 0.077500 0.077500
4 0.616250 0.658750 0.077500 0.077500
4 0.826250 0.763750 0.077500 0.077500
