4 0.117500 0.260000 0.090000 0.090000
1 0.205000 0.265000 0.090000 0.090000
3 0.552500 0.282500 0.090000 0.090000
4 0.640000 0.287500 0.090000 0.090000
4 0.902500 0.300000 0.090000 0.090000
2 0.375000 0.360000 0.090000 0.090000
4 0.635000 0.375000 0.090000 0.090000
3 0.810000 0.382500 0.090000 0.090000
1 0.897500 0.387500 0.090000 0.090000
2 0.107500 0.435000 0.090000 0.090000
3 0.195000 0.440000 0.090000 0.090000
1 0.545000 0.457500 0.090000 0.090000
4 0.632500 0.462500 0.090000 0.090000
0 0.892500 0.475000 0.090000 0.090000
3 0.540000 0.545000 0.090000 0.090000
4 0.715000 0.552500 0.090000 0.090000
1 0.100000 0.610000 0.090000 0.090000
4 0.187500 0.615000 0.090000 0.090000
1 0.275000 0.620000 0.090000 0.090000
2 0.885000 0.650000 0.090000 0.090000
4 0.095000 0.697500 0.090000 0.090000
0 0.270000 0.705000 0.090000 0.090000
4 0.880000 0.737500 0.090000 0.090000
