3 0.198750 0.296250 0.072500 0.072500
0 0.253750 0.316250 0.072500 0.072500
4 0.363750 0.356250 0.072500 0.072500
2 0.418750 0.376250 0.072500 0.072500
1 0.526250 0.416250 0.072500 0.072500
2 0.636250 0.453750 0.072500 0.072500
4 0.801250 0.513750 0.072500 0.072500
4 0.853750 0.533750 0.072500 0.072500
1 0.123750 0.331250 0.072500 0.072500
4 0.288750 0.391250 0.072500 0.072500
4 0.343750 0.411250 0.072500 0.072500
2 0.398750 0.428750 0.072500 0.072500
4 0.451250 0.448750 0.072500 0.072500
4 0.506250 0.468750 0.072500 0.072500
4 0.561250 0.488750 0.072500 0.072500
4 0.671250 0.528750 0.072500 0.072500
1 0.888750 0.608750 0.072500 0.072500
1 0.103750 0.386250 0.072500 0.072500
4 0.596250 0.563750 0.072500 0.072500
1 0.706250 0.603750 0.072500 0.072500
2 0.761250 0.623750 0.072500 0.072500
0 0.083750 0.438750 0.072500 0.072500
1 0.138750 0.458750 0.072500 0.072500
4 0.193750 0.478750 0.072500 0.072500
2 0.248750 0.498750 0.072500 0.072500
1 0.358750 0.538750 0.072500 0.072500
1 0.576250 0.618750 0.072500 0.072500
4 0.631250 0.638750 0.072500 0.072500
4 0.686250 0.658750 0.072500 0.072500
4 0.796250 0.698750 0.072500 0.072500
