1 0.181250 0.286250 0.087500 0.087500
1 0.356250 0.281250 0.087500 0.087500
4 0.446250 0.278750 0.087500 0.087500
1 0.533750 0.276250 0.087500 0.087500
1 0.621250 0.273750 0.087500 0.087500
1 0.886250 0.263750 0.087500 0.087500
2 0.183750 0.376250 0.087500 0.087500
1 0.271250 0.373750 0.087500 0.087500
3 0.448750 0.366250 0.087500 0.087500
2 0.623750 0.361250 0.087500 0.087500
1 0.801250 0.356250 0.087500 0.087500
0 0.098750 0.466250 0.087500 0.087500
4 0.716250 0.446250 0.087500 0.087500
0 0.803750 0.443750 0.087500 0.087500
1 0.188750 0.551250 0.087500 0.087500
1 0.453750 0.543750 0.087500 0.087500
1 0.631250 0.538750 0.087500 0.087500
4 0.718750 0.533750 0.087500 0.087500
4 0.103750 0.643750 0.087500 0.087500
4 0.191250 0.638750 0.087500 0.087500
4 0.281250 0.636250 0.087500 0.087500
0 0.543750 0.628750 0.087500 0.087500
4 0.808750 0.621250 0.087500 0.087500
4 0.898750 0.616250 0.087500 0.087500
4 0.283750 0.726250 0.087500 0.087500
0 0.723750 0.711250 0.087500 0.087500
