1 0.347500 0.200000 0.100000 0.100000
4 0.415000 0.235000 0.100000 0.100000
1 0.757500 0.415000 0.100000 0.100000
4 0.825000 0.450000 0.100000 0.100000
0 0.892500 0.487500 0.100000 0.100000
1 0.515000 0.375000 0.100000 0.100000
2 0.652500 0.447500 0.100000 0.100000
2 0.790000 0.520000 0.100000 0.100000
0 0.275000 0.337500 0.100000 0.100000
1 0.342500 0.372500 0.100000 0.100000
1 0.412500 0.407500 0.100000 0.100000
0 0.617500 0.515000 0.100000 0.100000
1 0.307500 0.440000 0.100000 0.100000
1 0.512500 0.547500 0.100000 0.100000
2 0.650000 0.620000 0.100000 0.100000
1 0.717500 0.655000 0.100000 0.100000
0 0.202500 0.472500 0.100000 0.100000
4 0.272500 0.510000 0.100000 0.100000
0 0.477500 0.617500 0.100000 0.100000
4 0.545000 0.652500 0.100000 0.100000
0 0.612500 0.687500 0.100000 0.100000
4 0.100000 0.505000 0.100000 0.100000
0 0.305000 0.612500 0.100000 0.100000
0 0.440000 0.685000 0.100000 0.100000
2 0.510000 0.720000 0.100000 0.100000
4 0.715000 0.827500 0.100000 0.100000
