4 0.126250 0.311250 0.067500 0.067500
3 0.238750 0.341250 0.067500 0.067500
1 0.461250 0.398750 0.067500 0.067500
1 0.518750 0.413750 0.067500 0.067500
1 0.686250 0.456250 0.067500 0.067500
4 0.743750 0.471250 0.067500 0.067500
1 0.853750 0.501250 0.067500 0.067500
0 0.223750 0.396250 0.067500 0.067500
4 0.278750 0.411250 0.067500 0.067500
1 0.391250 0.441250 0.067500 0.067500
4 0.503750 0.468750 0.067500 0.067500
0 0.616250 0.498750 0.067500 0.067500
4 0.671250 0.513750 0.067500 0.067500
1 0.728750 0.528750 0.067500 0.067500
4 0.783750 0.541250 0.067500 0.067500
2 0.153750 0.438750 0.067500 0.067500
3 0.208750 0.453750 0.067500 0.067500
2 0.263750 0.468750 0.067500 0.067500
4 0.546250 0.541250 0.067500 0.067500
2 0.768750 0.598750 0.067500 0.067500
4 0.081250 0.481250 0.067500 0.067500
2 0.193750 0.508750 0.067500 0.067500
4 0.251250 0.523750 0.067500 0.067500
4 0.363750 0.553750 0.067500 0.067500
0 0.531250 0.596250 0.067500 0.067500
