4 0.100000 0.470000 0.100000 0.100000
1 0.170000 0.437500 0.100000 0.100000
1 0.240000 0.405000 0.100000 0.100000
1 0.310000 0.372500 0.100000 0.100000
4 0.452500 0.305000 0.100000 0.100000
3 0.522500 0.272500 0.100000 0.100000
1 0.592500 0.240000 0.100000 0.100000
2 0.132500 0.540000 0.100000 0.100000
4 0.342500 0.442500 0.100000 0.100000
4 0.415000 0.410000 0.100000 0.100000
1 0.765000 0.245000 0.100000 0.100000
4 0.165000 0.610000 0.100000 0.100000
4 0.377500 0.512500 0.100000 0.100000
4 0.447500 0.480000 0.100000 0.100000
1 0.267500 0.647500 0.100000 0.100000
0 0.410000 0.582500 0.100000 0.100000
4 0.480000 0.550000 0.100000 0.100000
2 0.620000 0.485000 0.100000 0.100000
4 0.230000 0.750000 0.100000 0.100000
1 0.300000 0.717500 0.100000 0.100000
3 0.442500 0.652500 0.100000 0.100000
3 0.512500 0.620000 0.100000 0.100000
1 0.722500 0.522500 0.100000 0.100000
1 0.792500 0.490000 0.100000 0.100000
2 0.862500 0.457500 0.100000 0.100000
1 0.262500 0.820000 0.100000 0.100000
3 0.405000 0.755000 0.100000 0.100000
2 0.475000 0.722500 0.100000 0.100000
2 0.545000 0.690000 0.100000 0.100000
1 0.685000 0.625000 0.100000 0.100000
4 0.755000 0.592500 0.100000 0.100000
