4 0.341250 0.313750 0.092500 0.092500
0 0.421250 0.298750 0.092500 0.092500
1 0.586250 0.271250 0.092500 0.092500
1 0.666250 0.258750 0.092500 0.092500
4 0.108750 0.436250 0.092500 0.092500
0 0.191250 0.421250 0.092500 0.092500
2 0.271250 0.408750 0.092500 0.092500
4 0.353750 0.393750 0.092500 0.092500
2 0.436250 0.381250 0.092500 0.092500
1 0.598750 0.353750 0.092500 0.092500
1 0.681250 0.341250 0.092500 0.092500
4 0.121250 0.516250 0.092500 0.092500
0 0.448750 0.463750 0.092500 0.092500
2 0.613750 0.436250 0.092500 0.092500
1 0.693750 0.421250 0.092500 0.092500
1 0.776250 0.408750 0.092500 0.092500
1 0.218750 0.586250 0.092500 0.092500
2 0.298750 0.571250 0.092500 0.092500
1 0.381250 0.558750 0.092500 0.092500
1 0.463750 0.543750 0.092500 0.092500
1 0.708750 0.503750 0.092500 0.092500
4 0.231250 0.666250 0.092500 0.092500
4 0.313750 0.653750 0.092500 0.092500
4 0.393750 0.638750 0.092500 0.092500
1 0.721250 0.586250 0.092500 0.092500
3 0.803750 0.571250 0.092500 0.092500
1 0.653750 0.681250 0.092500 0.092500
4 0.816250 0.653750 0.092500 0.092500
