4 0.158750 0.436250 0.082500 0.082500
3 0.296250 0.403750 0.082500 0.082500
1 0.431250 0.371250 0.082500 0.082500
2 0.636250 0.321250 0.082500 0.082500
4 0.176250 0.506250 0.082500 0.082500
3 0.583750 0.406250 0.082500 0.082500
4 0.651250 0.388750 0.082500 0.082500
2 0.718750 0.371250 0.082500 0.082500
2 0.788750 0.356250 0.082500 0.082500
2 0.328750 0.538750 0.082500 0.082500
3 0.396250 0.523750 0.082500 0.082500
0 0.803750 0.423750 0.082500 0.082500
2 0.871250 0.406250 0.082500 0.082500
1 0.141250 0.658750 0.082500 0.082500
2 0.208750 0.641250 0.082500 0.082500
4 0.276250 0.623750 0.082500 0.082500
2 0.548750 0.558750 0.082500 0.082500
0 0.753750 0.508750 0.082500 0.082500
2 0.293750 0.693750 0.082500 0.082500
2 0.428750 0.658750 0.082500 0.082500
4 0.768750 0.576250 0.082500 0.082500
4 0.906250 0.543750 0.082500 0.082500
