4 0.233750 0.351250 0.072500 0.072500
3 0.308750 0.351250 0.072500 0.072500
4 0.381250 0.348750 0.072500 0.072500
1 0.456250 0.348750 0.072500 0.072500
2 0.531250 0.346250 0.072500 0.072500
2 0.606250 0.346250 0.072500 0.072500
4 0.753750 0.343750 0.072500 0.072500
0 0.086250 0.428750 0.072500 0.072500
4 0.606250 0.421250 0.072500 0.072500
2 0.903750 0.416250 0.072500 0.072500
1 0.236250 0.501250 0.072500 0.072500
1 0.311250 0.498750 0.072500 0.072500
1 0.608750 0.493750 0.072500 0.072500
4 0.831250 0.491250 0.072500 0.072500
1 0.163750 0.576250 0.072500 0.072500
0 0.311250 0.573750 0.072500 0.072500
4 0.461250 0.571250 0.072500 0.072500
4 0.533750 0.571250 0.072500 0.072500
0 0.608750 0.568750 0.072500 0.072500
1 0.683750 0.568750 0.072500 0.072500
1 0.238750 0.648750 0.072500 0.072500
2 0.461250 0.646250 0.072500 0.072500
1 0.536250 0.643750 0.072500 0.072500
3 0.908750 0.638750 0.072500 0.072500
