4 0.327500 0.335000 0.095000 0.095000
1 0.405000 0.315000 0.095000 0.095000
1 0.560000 0.272500 0.095000 0.095000
4 0.637500 0.252500 0.095000 0.095000
2 0.195000 0.455000 0.095000 0.095000
0 0.272500 0.435000 0.095000 0.095000
4 0.427500 0.392500 0.095000 0.095000
0 0.505000 0.372500 0.095000 0.095000
1 0.582500 0.350000 0.095000 0.095000
0 0.660000 0.330000 0.095000 0.095000
4 0.735000 0.310000 0.095000 0.095000
1 0.812500 0.287500 0.095000 0.095000
0 0.525000 0.450000 0.095000 0.095000
0 0.602500 0.427500 0.095000 0.095000
3 0.160000 0.630000 0.095000 0.095000
2 0.237500 0.610000 0.095000 0.095000
3 0.390000 0.567500 0.095000 0.095000
4 0.777500 0.462500 0.095000 0.095000
0 0.180000 0.707500 0.095000 0.095000
4 0.277500 0.765000 0.095000 0.095000
0 0.665000 0.660000 0.095000 0.095000
1 0.820000 0.617500 0.095000 0.095000
