4 0.100000 0.465000 0.100000 0.100000
1 0.170000 0.432500 0.100000 0.100000
0 0.242500 0.400000 0.100000 0.100000
4 0.455000 0.305000 0.100000 0.100000
2 0.525000 0.272500 0.100000 0.100000
1 0.595000 0.242500 0.100000 0.100000
4 0.667500 0.210000 0.100000 0.100000
1 0.737500 0.177500 0.100000 0.100000
0 0.132500 0.535000 0.100000 0.100000
1 0.202500 0.502500 0.100000 0.100000
2 0.272500 0.472500 0.100000 0.100000
4 0.345000 0.440000 0.100000 0.100000
1 0.415000 0.407500 0.100000 0.100000
4 0.770000 0.250000 0.100000 0.100000
4 0.162500 0.605000 0.100000 0.100000
2 0.305000 0.542500 0.100000 0.100000
2 0.375000 0.510000 0.100000 0.100000
2 0.660000 0.382500 0.100000 0.100000
1 0.265000 0.645000 0.100000 0.100000
4 0.480000 0.550000 0.100000 0.100000
0 0.620000 0.485000 0.100000 0.100000
1 0.692500 0.455000 0.100000 0.100000
1 0.832500 0.390000 0.100000 0.100000
0 0.227500 0.747500 0.100000 0.100000
2 0.297500 0.715000 0.100000 0.100000
0 0.370000 0.685000 0.100000 0.100000
1 0.440000 0.652500 0.100000 0.100000
4 0.510000 0.620000 0.100000 0.100000
4 0.652500 0.557500 0.100000 0.100000
4 0.795000 0.492500 0.100000 0.100000
4 0.825000 0.565000 0.100000 0.100000
4 0.897500 0.532500 0.100000 0.100000
