2 0.167500 0.442500 0.100000 0.100000
3 0.237500 0.407500 0.100000 0.100000
1 0.307500 0.375000 0.100000 0.100000
2 0.377500 0.340000 0.100000 0.100000
4 0.515000 0.272500 0.100000 0.100000
4 0.132500 0.545000 0.100000 0.100000
4 0.272500 0.477500 0.100000 0.100000
1 0.550000 0.342500 0.100000 0.100000
0 0.620000 0.307500 0.100000 0.100000
1 0.757500 0.240000 0.100000 0.100000
2 0.237500 0.582500 0.100000 0.100000
1 0.305000 0.547500 0.100000 0.100000
1 0.375000 0.512500 0.100000 0.100000
4 0.515000 0.445000 0.100000 0.100000
3 0.722500 0.342500 0.100000 0.100000
1 0.340000 0.617500 0.100000 0.100000
4 0.235000 0.755000 0.100000 0.100000
4 0.375000 0.685000 0.100000 0.100000
0 0.445000 0.652500 0.100000 0.100000
1 0.512500 0.617500 0.100000 0.100000
1 0.582500 0.582500 0.100000 0.100000
4 0.790000 0.480000 0.100000 0.100000
1 0.860000 0.447500 0.100000 0.100000
1 0.270000 0.822500 0.100000 0.100000
4 0.547500 0.687500 0.100000 0.100000
4 0.617500 0.652500 0.100000 0.100000
4 0.685000 0.620000 0.100000 0.100000
4 0.895000 0.517500 0.100000 0.100000
