1 0.208750 0.213750 0.087500 0.087500
3 0.271250 0.243750 0.087500 0.087500
4 0.333750 0.271250 0.087500 0.087500
2 0.396250 0.301250 0.087500 0.087500
4 0.458750 0.328750 0.087500 0.087500
4 0.523750 0.356250 0.087500 0.087500
3 0.648750 0.413750 0.087500 0.087500
4 0.776250 0.471250 0.087500 0.087500
4 0.368750 0.363750 0.087500 0.087500
1 0.493750 0.421250 0.087500 0.087500
2 0.556250 0.448750 0.087500 0.087500
4 0.621250 0.476250 0.087500 0.087500
4 0.873750 0.591250 0.087500 0.087500
1 0.151250 0.341250 0.087500 0.087500
1 0.213750 0.368750 0.087500 0.087500
1 0.276250 0.398750 0.087500 0.087500
1 0.338750 0.426250 0.087500 0.087500
1 0.466250 0.483750 0.087500 0.087500
4 0.528750 0.511250 0.087500 0.087500
2 0.591250 0.541250 0.087500 0.087500
2 0.656250 0.568750 0.087500 0.087500
2 0.781250 0.626250 0.087500 0.087500
4 0.121250 0.403750 0.087500 0.087500
2 0.186250 0.433750 0.087500 0.087500
1 0.311250 0.488750 0.087500 0.087500
2 0.373750 0.518750 0.087500 0.087500
4 0.438750 0.546250 0.087500 0.087500
4 0.816250 0.716250 0.087500 0.087500
4 0.283750 0.551250 0.087500 0.087500
0 0.408750 0.608750 0.087500 0.087500
0 0.536250 0.666250 0.087500 0.087500
2 0.598750 0.693750 0.087500 0.087500
4 0.723750 0.751250 0.087500 0.087500
