1 0.221250 0.463750 0.087500 0.087500
4 0.541250 0.331250 0.087500 0.087500
1 0.603750 0.303750 0.087500 0.087500
3 0.731250 0.251250 0.087500 0.087500
0 0.121250 0.581250 0.087500 0.087500
4 0.311250 0.501250 0.087500 0.087500
1 0.438750 0.446250 0.087500 0.087500
1 0.631250 0.368750 0.087500 0.087500
1 0.146250 0.643750 0.087500 0.087500
1 0.273750 0.591250 0.087500 0.087500
4 0.401250 0.538750 0.087500 0.087500
4 0.528750 0.483750 0.087500 0.087500
4 0.786250 0.378750 0.087500 0.087500
1 0.848750 0.351250 0.087500 0.087500
4 0.173750 0.708750 0.087500 0.087500
2 0.301250 0.653750 0.087500 0.087500
1 0.363750 0.628750 0.087500 0.087500
4 0.556250 0.548750 0.087500 0.087500
1 0.621250 0.521250 0.087500 0.087500
1 0.263750 0.746250 0.087500 0.087500
1 0.456250 0.666250 0.087500 0.087500
1 0.646250 0.586250 0.087500 0.087500
1 0.711250 0.558750 0.087500 0.087500
3 0.773750 0.533750 0.087500 0.087500
