4 0.150000 0.385000 0.060000 0.060000
4 0.210000 0.387500 0.060000 0.060000
0 0.270000 0.392500 0.060000 0.060000
4 0.562500 0.415000 0.060000 0.060000
4 0.622500 0.417500 0.060000 0.060000
2 0.680000 0.422500 0.060000 0.060000
1 0.740000 0.427500 0.060000 0.060000
1 0.857500 0.435000 0.060000 0.060000
4 0.087500 0.437500 0.060000 0.060000
4 0.147500 0.442500 0.060000 0.060000
1 0.440000 0.465000 0.060000 0.060000
4 0.557500 0.472500 0.060000 0.060000
0 0.617500 0.477500 0.060000 0.060000
2 0.377500 0.517500 0.060000 0.060000
3 0.437500 0.522500 0.060000 0.060000
1 0.495000 0.527500 0.060000 0.060000
2 0.790000 0.547500 0.060000 0.060000
1 0.080000 0.557500 0.060000 0.060000
4 0.197500 0.565000 0.060000 0.060000
1 0.255000 0.570000 0.060000 0.060000
1 0.492500 0.585000 0.060000 0.060000
1 0.610000 0.595000 0.060000 0.060000
0 0.727500 0.602500 0.060000 0.060000
4 0.785000 0.607500 0.060000 0.060000
