1 0.171250 0.416250 0.097500 0.097500
1 0.316250 0.358750 0.097500 0.097500
1 0.388750 0.328750 0.097500 0.097500
1 0.461250 0.301250 0.097500 0.097500
4 0.606250 0.243750 0.097500 0.097500
1 0.751250 0.186250 0.097500 0.097500
2 0.128750 0.516250 0.097500 0.097500
2 0.491250 0.373750 0.097500 0.097500
2 0.563750 0.343750 0.097500 0.097500
4 0.156250 0.588750 0.097500 0.097500
4 0.228750 0.561250 0.097500 0.097500
1 0.446250 0.473750 0.097500 0.097500
4 0.808750 0.331250 0.097500 0.097500
4 0.258750 0.633750 0.097500 0.097500
0 0.331250 0.603750 0.097500 0.097500
4 0.476250 0.546250 0.097500 0.097500
4 0.548750 0.518750 0.097500 0.097500
4 0.621250 0.488750 0.097500 0.097500
0 0.358750 0.676250 0.097500 0.097500
4 0.431250 0.648750 0.097500 0.097500
4 0.503750 0.618750 0.097500 0.097500
4 0.316250 0.778750 0.097500 0.097500
4 0.461250 0.721250 0.097500 0.097500
3 0.606250 0.663750 0.097500 0.097500
1 0.678750 0.633750 0.097500 0.097500
2 0.751250 0.606250 0.097500 0.097500
1 0.896250 0.548750 0.097500 0.097500
