0 0.815000 0.295000 0.090000 0.090000
4 0.287500 0.357500 0.090000 0.090000
1 0.375000 0.362500 0.090000 0.090000
4 0.810000 0.382500 0.090000 0.090000
1 0.897500 0.387500 0.090000 0.090000
4 0.370000 0.447500 0.090000 0.090000
4 0.102500 0.522500 0.090000 0.090000
3 0.190000 0.527500 0.090000 0.090000
4 0.365000 0.535000 0.090000 0.090000
1 0.452500 0.540000 0.090000 0.090000
2 0.627500 0.550000 0.090000 0.090000
2 0.715000 0.552500 0.090000 0.090000
4 0.100000 0.610000 0.090000 0.090000
2 0.535000 0.632500 0.090000 0.090000
1 0.622500 0.635000 0.090000 0.090000
4 0.797500 0.645000 0.090000 0.090000
1 0.885000 0.650000 0.090000 0.090000
1 0.095000 0.697500 0.090000 0.090000
1 0.182500 0.702500 0.090000 0.090000
4 0.270000 0.707500 0.090000 0.090000
4 0.445000 0.715000 0.090000 0.090000
4 0.707500 0.727500 0.090000 0.090000
4 0.880000 0.735000 0.090000 0.090000
