3 0.400000 0.342500 0.075000 0.075000
3 0.472500 0.347500 0.075000 0.075000
4 0.102500 0.392500 0.075000 0.075000
1 0.247500 0.402500 0.075000 0.075000
2 0.320000 0.410000 0.075000 0.075000
4 0.392500 0.415000 0.075000 0.075000
2 0.537500 0.427500 0.075000 0.075000
1 0.900000 0.455000 0.075000 0.075000
2 0.097500 0.465000 0.075000 0.075000
4 0.242500 0.475000 0.075000 0.075000
1 0.315000 0.482500 0.075000 0.075000
1 0.750000 0.517500 0.075000 0.075000
3 0.822500 0.522500 0.075000 0.075000
2 0.672500 0.582500 0.075000 0.075000
1 0.745000 0.590000 0.075000 0.075000
4 0.890000 0.600000 0.075000 0.075000
1 0.157500 0.615000 0.075000 0.075000
4 0.230000 0.620000 0.075000 0.075000
1 0.447500 0.637500 0.075000 0.075000
4 0.592500 0.650000 0.075000 0.075000
2 0.737500 0.662500 0.075000 0.075000
3 0.882500 0.672500 0.075000 0.075000
