1 0.141250 0.528750 0.072500 0.072500
4 0.196250 0.508750 0.072500 0.072500
0 0.361250 0.453750 0.072500 0.072500
4 0.416250 0.433750 0.072500 0.072500
1 0.581250 0.376250 0.072500 0.072500
1 0.103750 0.601250 0.072500 0.072500
3 0.158750 0.583750 0.072500 0.072500
3 0.378750 0.508750 0.072500 0.072500
2 0.653750 0.413750 0.072500 0.072500
2 0.708750 0.393750 0.072500 0.072500
3 0.123750 0.656250 0.072500 0.072500
4 0.288750 0.601250 0.072500 0.072500
1 0.343750 0.581250 0.072500 0.072500
1 0.618750 0.486250 0.072500 0.072500
4 0.783750 0.431250 0.072500 0.072500
1 0.893750 0.393750 0.072500 0.072500
3 0.143750 0.711250 0.072500 0.072500
3 0.251250 0.673750 0.072500 0.072500
1 0.306250 0.656250 0.072500 0.072500
2 0.636250 0.541250 0.072500 0.072500
2 0.746250 0.503750 0.072500 0.072500
1 0.856250 0.466250 0.072500 0.072500
