4 0.090000 0.427500 0.080000 0.080000
2 0.160000 0.415000 0.080000 0.080000
3 0.230000 0.402500 0.080000 0.080000
1 0.437500 0.365000 0.080000 0.080000
1 0.577500 0.337500 0.080000 0.080000
4 0.647500 0.325000 0.080000 0.080000
0 0.785000 0.300000 0.080000 0.080000
0 0.855000 0.287500 0.080000 0.080000
4 0.172500 0.485000 0.080000 0.080000
4 0.450000 0.435000 0.080000 0.080000
4 0.660000 0.395000 0.080000 0.080000
1 0.115000 0.567500 0.080000 0.080000
0 0.255000 0.542500 0.080000 0.080000
1 0.395000 0.515000 0.080000 0.080000
4 0.532500 0.490000 0.080000 0.080000
1 0.602500 0.477500 0.080000 0.080000
0 0.267500 0.612500 0.080000 0.080000
4 0.407500 0.585000 0.080000 0.080000
4 0.475000 0.572500 0.080000 0.080000
2 0.615000 0.547500 0.080000 0.080000
2 0.755000 0.522500 0.080000 0.080000
2 0.892500 0.497500 0.080000 0.080000
1 0.210000 0.692500 0.080000 0.080000
1 0.350000 0.667500 0.080000 0.080000
1 0.557500 0.630000 0.080000 0.080000
1 0.697500 0.605000 0.080000 0.080000
1 0.767500 0.592500 0.080000 0.080000
0 0.907500 0.565000 0.080000 0.080000
