2 0.265000 0.175000 0.100000 0.100000
4 0.335000 0.207500 0.100000 0.100000
3 0.405000 0.240000 0.100000 0.100000
3 0.545000 0.307500 0.100000 0.100000
2 0.615000 0.340000 0.100000 0.100000
1 0.685000 0.372500 0.100000 0.100000
3 0.755000 0.405000 0.100000 0.100000
1 0.232500 0.245000 0.100000 0.100000
4 0.372500 0.310000 0.100000 0.100000
1 0.442500 0.342500 0.100000 0.100000
4 0.582500 0.410000 0.100000 0.100000
1 0.652500 0.442500 0.100000 0.100000
1 0.722500 0.475000 0.100000 0.100000
1 0.792500 0.507500 0.100000 0.100000
2 0.862500 0.542500 0.100000 0.100000
4 0.200000 0.315000 0.100000 0.100000
0 0.340000 0.380000 0.100000 0.100000
2 0.480000 0.447500 0.100000 0.100000
1 0.620000 0.512500 0.100000 0.100000
2 0.830000 0.612500 0.100000 0.100000
1 0.307500 0.450000 0.100000 0.100000
4 0.377500 0.482500 0.100000 0.100000
0 0.447500 0.517500 0.100000 0.100000
1 0.272500 0.520000 0.100000 0.100000
1 0.552500 0.652500 0.100000 0.100000
4 0.695000 0.717500 0.100000 0.100000
4 0.520000 0.722500 0.100000 0.100000
