4 0.137500 0.472500 0.065000 0.065000
1 0.195000 0.462500 0.065000 0.065000
1 0.367500 0.432500 0.065000 0.065000
1 0.425000 0.422500 0.065000 0.065000
2 0.595000 0.390000 0.065000 0.065000
1 0.710000 0.370000 0.065000 0.065000
1 0.825000 0.350000 0.065000 0.065000
0 0.262500 0.510000 0.065000 0.065000
1 0.320000 0.500000 0.065000 0.065000
4 0.377500 0.490000 0.065000 0.065000
1 0.492500 0.467500 0.065000 0.065000
0 0.605000 0.447500 0.065000 0.065000
1 0.102500 0.597500 0.065000 0.065000
1 0.215000 0.577500 0.065000 0.065000
1 0.272500 0.567500 0.065000 0.065000
3 0.387500 0.545000 0.065000 0.065000
1 0.445000 0.535000 0.065000 0.065000
1 0.617500 0.505000 0.065000 0.065000
2 0.672500 0.495000 0.065000 0.065000
3 0.730000 0.485000 0.065000 0.065000
1 0.787500 0.475000 0.065000 0.065000
2 0.845000 0.462500 0.065000 0.065000
1 0.902500 0.452500 0.065000 0.065000
0 0.170000 0.645000 0.065000 0.065000
2 0.282500 0.625000 0.065000 0.065000
1 0.340000 0.612500 0.065000 0.065000
0 0.627500 0.562500 0.065000 0.065000
1 0.797500 0.530000 0.065000 0.065000
1 0.855000 0.520000 0.065000 0.065000
