4 0.087500 0.372500 0.075000 0.075000
2 0.160000 0.367500 0.075000 0.075000
1 0.380000 0.357500 0.075000 0.075000
2 0.455000 0.352500 0.075000 0.075000
1 0.527500 0.347500 0.075000 0.075000
4 0.747500 0.337500 0.075000 0.075000
2 0.092500 0.445000 0.075000 0.075000
4 0.310000 0.432500 0.075000 0.075000
2 0.530000 0.422500 0.075000 0.075000
4 0.605000 0.417500 0.075000 0.075000
0 0.677500 0.415000 0.075000 0.075000
4 0.750000 0.410000 0.075000 0.075000
3 0.825000 0.405000 0.075000 0.075000
1 0.897500 0.402500 0.075000 0.075000
4 0.167500 0.515000 0.075000 0.075000
1 0.315000 0.507500 0.075000 0.075000
4 0.387500 0.502500 0.075000 0.075000
4 0.682500 0.487500 0.075000 0.075000
1 0.755000 0.482500 0.075000 0.075000
0 0.900000 0.475000 0.075000 0.075000
1 0.100000 0.592500 0.075000 0.075000
4 0.172500 0.587500 0.075000 0.075000
4 0.245000 0.585000 0.075000 0.075000
0 0.465000 0.572500 0.075000 0.075000
1 0.540000 0.567500 0.075000 0.075000
0 0.612500 0.565000 0.075000 0.075000
1 0.685000 0.560000 0.075000 0.075000
2 0.757500 0.557500 0.075000 0.075000
4 0.832500 0.552500 0.075000 0.075000
4 0.322500 0.652500 0.075000 0.075000
4 0.542500 0.642500 0.075000 0.075000
4 0.835000 0.625000 0.075000 0.075000
