0 0.171250 0.223750 0.077500 0.077500
1 0.328750 0.306250 0.077500 0.077500
1 0.381250 0.333750 0.077500 0.077500
1 0.486250 0.391250 0.077500 0.077500
2 0.538750 0.418750 0.077500 0.077500
4 0.748750 0.528750 0.077500 0.077500
2 0.853750 0.583750 0.077500 0.077500
4 0.196250 0.303750 0.077500 0.077500
4 0.301250 0.358750 0.077500 0.077500
4 0.406250 0.413750 0.077500 0.077500
0 0.458750 0.443750 0.077500 0.077500
1 0.511250 0.471250 0.077500 0.077500
4 0.773750 0.608750 0.077500 0.077500
1 0.826250 0.636250 0.077500 0.077500
1 0.221250 0.383750 0.077500 0.077500
1 0.378750 0.466250 0.077500 0.077500
4 0.536250 0.551250 0.077500 0.077500
1 0.641250 0.606250 0.077500 0.077500
3 0.693750 0.633750 0.077500 0.077500
2 0.798750 0.688750 0.077500 0.077500
2 0.141250 0.408750 0.077500 0.077500
1 0.193750 0.436250 0.077500 0.077500
4 0.298750 0.491250 0.077500 0.077500
1 0.508750 0.603750 0.077500 0.077500
1 0.613750 0.658750 0.077500 0.077500
1 0.718750 0.713750 0.077500 0.077500
1 0.823750 0.771250 0.077500 0.077500
