1 0.308750 0.218750 0.097500 0.097500
1 0.456250 0.273750 0.097500 0.097500
4 0.748750 0.383750 0.097500 0.097500
4 0.281250 0.291250 0.097500 0.097500
4 0.353750 0.318750 0.097500 0.097500
4 0.428750 0.346250 0.097500 0.097500
0 0.868750 0.511250 0.097500 0.097500
4 0.181250 0.336250 0.097500 0.097500
4 0.401250 0.418750 0.097500 0.097500
2 0.298750 0.466250 0.097500 0.097500
4 0.666250 0.603750 0.097500 0.097500
0 0.738750 0.631250 0.097500 0.097500
1 0.813750 0.658750 0.097500 0.097500
1 0.126250 0.483750 0.097500 0.097500
1 0.198750 0.511250 0.097500 0.097500
4 0.418750 0.593750 0.097500 0.097500
1 0.566250 0.648750 0.097500 0.097500
1 0.638750 0.676250 0.097500 0.097500
2 0.786250 0.731250 0.097500 0.097500
0 0.098750 0.556250 0.097500 0.097500
4 0.171250 0.583750 0.097500 0.097500
2 0.243750 0.611250 0.097500 0.097500
2 0.538750 0.723750 0.097500 0.097500
1 0.611250 0.751250 0.097500 0.097500
0 0.756250 0.806250 0.097500 0.097500
