4 0.538750 0.418750 0.077500 0.077500
2 0.643750 0.476250 0.077500 0.077500
1 0.748750 0.531250 0.077500 0.077500
4 0.143750 0.271250 0.077500 0.077500
1 0.248750 0.328750 0.077500 0.077500
2 0.353750 0.383750 0.077500 0.077500
1 0.616250 0.526250 0.077500 0.077500
1 0.876250 0.671250 0.077500 0.077500
4 0.378750 0.466250 0.077500 0.077500
4 0.533750 0.551250 0.077500 0.077500
1 0.638750 0.608750 0.077500 0.077500
2 0.743750 0.666250 0.077500 0.077500
4 0.191250 0.431250 0.077500 0.077500
4 0.243750 0.461250 0.077500 0.077500
4 0.348750 0.518750 0.077500 0.077500
2 0.401250 0.546250 0.077500 0.077500
3 0.558750 0.631250 0.077500 0.077500
1 0.818750 0.773750 0.077500 0.077500
