4 0.151250 0.276250 0.082500 0.082500
1 0.221250 0.291250 0.082500 0.082500
0 0.288750 0.308750 0.082500 0.082500
2 0.563750 0.368750 0.082500 0.082500
1 0.768750 0.416250 0.082500 0.082500
4 0.836250 0.431250 0.082500 0.082500
0 0.903750 0.446250 0.082500 0.082500
1 0.341250 0.391250 0.082500 0.082500
4 0.411250 0.406250 0.082500 0.082500
4 0.546250 0.438750 0.082500 0.082500
2 0.753750 0.483750 0.082500 0.082500
1 0.888750 0.516250 0.082500 0.082500
4 0.121250 0.413750 0.082500 0.082500
4 0.188750 0.428750 0.082500 0.082500
4 0.393750 0.476250 0.082500 0.082500
4 0.463750 0.491250 0.082500 0.082500
2 0.531250 0.506250 0.082500 0.082500
2 0.668750 0.536250 0.082500 0.082500
4 0.736250 0.553750 0.082500 0.082500
4 0.806250 0.568750 0.082500 0.082500
0 0.873750 0.583750 0.082500 0.082500
1 0.106250 0.481250 0.082500 0.082500
4 0.241250 0.513750 0.082500 0.082500
1 0.378750 0.543750 0.082500 0.082500
2 0.516250 0.573750 0.082500 0.082500
1 0.583750 0.591250 0.082500 0.082500
1 0.858750 0.651250 0.082500 0.082500
2 0.088750 0.551250 0.082500 0.082500
4 0.158750 0.566250 0.082500 0.082500
4 0.296250 0.596250 0.082500 0.082500
0 0.363750 0.611250 0.082500 0.082500
1 0.431250 0.628750 0.082500 0.082500
4 0.501250 0.643750 0.082500 0.082500
4 0.568750 0.658750 0.082500 0.082500
4 0.706250 0.688750 0.082500 0.082500
