4 0.477500 0.282500 0.090000 0.090000
1 0.815000 0.317500 0.090000 0.090000
2 0.130000 0.330000 0.090000 0.090000
1 0.385000 0.357500 0.090000 0.090000
0 0.552500 0.375000 0.090000 0.090000
3 0.637500 0.385000 0.090000 0.090000
4 0.807500 0.402500 0.090000 0.090000
1 0.892500 0.410000 0.090000 0.090000
1 0.460000 0.450000 0.090000 0.090000
3 0.545000 0.460000 0.090000 0.090000
1 0.112500 0.500000 0.090000 0.090000
2 0.282500 0.517500 0.090000 0.090000
2 0.367500 0.527500 0.090000 0.090000
4 0.450000 0.535000 0.090000 0.090000
3 0.535000 0.545000 0.090000 0.090000
1 0.875000 0.580000 0.090000 0.090000
1 0.105000 0.585000 0.090000 0.090000
2 0.272500 0.602500 0.090000 0.090000
2 0.612500 0.637500 0.090000 0.090000
3 0.180000 0.677500 0.090000 0.090000
0 0.602500 0.722500 0.090000 0.090000
4 0.857500 0.750000 0.090000 0.090000
