1 0.158750 0.396250 0.077500 0.077500
4 0.371250 0.368750 0.077500 0.077500
4 0.868750 0.303750 0.077500 0.077500
0 0.098750 0.478750 0.077500 0.077500
4 0.241250 0.458750 0.077500 0.077500
4 0.311250 0.448750 0.077500 0.077500
0 0.381250 0.438750 0.077500 0.077500
4 0.453750 0.431250 0.077500 0.077500
4 0.523750 0.421250 0.077500 0.077500
4 0.736250 0.393750 0.077500 0.077500
1 0.808750 0.383750 0.077500 0.077500
2 0.178750 0.538750 0.077500 0.077500
0 0.391250 0.511250 0.077500 0.077500
1 0.533750 0.491250 0.077500 0.077500
2 0.746250 0.463750 0.077500 0.077500
1 0.116250 0.618750 0.077500 0.077500
2 0.188750 0.611250 0.077500 0.077500
1 0.258750 0.601250 0.077500 0.077500
1 0.328750 0.591250 0.077500 0.077500
4 0.401250 0.581250 0.077500 0.077500
4 0.543750 0.563750 0.077500 0.077500
1 0.613750 0.553750 0.077500 0.077500
2 0.683750 0.543750 0.077500 0.077500
2 0.756250 0.533750 0.077500 0.077500
1 0.826250 0.523750 0.077500 0.077500
1 0.898750 0.516250 0.077500 0.077500
0 0.126250 0.691250 0.077500 0.077500
0 0.481250 0.643750 0.077500 0.077500
0 0.551250 0.633750 0.077500 0.077500
4 0.836250 0.596250 0.077500 0.077500
1 0.906250 0.586250 0.077500 0.077500
