4 0.193750 0.481250 0.067500 0.067500
1 0.476250 0.411250 0.067500 0.067500
0 0.588750 0.383750 0.067500 0.067500
4 0.643750 0.371250 0.067500 0.067500
1 0.701250 0.356250 0.067500 0.067500
3 0.756250 0.343750 0.067500 0.067500
0 0.813750 0.328750 0.067500 0.067500
1 0.868750 0.316250 0.067500 0.067500
4 0.096250 0.566250 0.067500 0.067500
4 0.263750 0.523750 0.067500 0.067500
4 0.376250 0.496250 0.067500 0.067500
1 0.713750 0.413750 0.067500 0.067500
4 0.826250 0.386250 0.067500 0.067500
1 0.883750 0.371250 0.067500 0.067500
1 0.108750 0.621250 0.067500 0.067500
4 0.166250 0.608750 0.067500 0.067500
4 0.221250 0.593750 0.067500 0.067500
4 0.391250 0.553750 0.067500 0.067500
1 0.446250 0.538750 0.067500 0.067500
4 0.558750 0.511250 0.067500 0.067500
4 0.783750 0.456250 0.067500 0.067500
4 0.841250 0.441250 0.067500 0.067500
1 0.178750 0.663750 0.067500 0.067500
1 0.236250 0.651250 0.067500 0.067500
4 0.291250 0.636250 0.067500 0.067500
2 0.403750 0.608750 0.067500 0.067500
3 0.686250 0.538750 0.067500 0.067500
1 0.856250 0.498750 0.067500 0.067500
4 0.911250 0.483750 0.067500 0.067500
