1 0.086250 0.606250 0.077500 0.077500
0 0.141250 0.578750 0.077500 0.077500
1 0.193750 0.551250 0.077500 0.077500
1 0.298750 0.498750 0.077500 0.077500
4 0.616250 0.338750 0.077500 0.077500
4 0.668750 0.311250 0.077500 0.077500
4 0.113750 0.658750 0.077500 0.077500
1 0.166250 0.631250 0.077500 0.077500
4 0.218750 0.603750 0.077500 0.077500
4 0.326250 0.551250 0.077500 0.077500
1 0.483750 0.471250 0.077500 0.077500
2 0.536250 0.443750 0.077500 0.077500
1 0.588750 0.416250 0.077500 0.077500
3 0.141250 0.711250 0.077500 0.077500
0 0.246250 0.656250 0.077500 0.077500
4 0.298750 0.631250 0.077500 0.077500
4 0.511250 0.523750 0.077500 0.077500
2 0.563750 0.496250 0.077500 0.077500
1 0.668750 0.443750 0.077500 0.077500
4 0.721250 0.416250 0.077500 0.077500
1 0.881250 0.336250 0.077500 0.077500
3 0.168750 0.763750 0.077500 0.077500
0 0.378750 0.656250 0.077500 0.077500
1 0.483750 0.603750 0.077500 0.077500
4 0.536250 0.576250 0.077500 0.077500
4 0.591250 0.548750 0.077500 0.077500
4 0.643750 0.523750 0.077500 0.077500
4 0.696250 0.496250 0.077500 0.077500
4 0.748750 0.468750 0.077500 0.077500
