1 0.272500 0.242500 0.090000 0.090000
4 0.335000 0.272500 0.090000 0.090000
1 0.400000 0.300000 0.090000 0.090000
4 0.525000 0.357500 0.090000 0.090000
1 0.587500 0.387500 0.090000 0.090000
1 0.777500 0.472500 0.090000 0.090000
3 0.182500 0.277500 0.090000 0.090000
1 0.245000 0.305000 0.090000 0.090000
2 0.370000 0.362500 0.090000 0.090000
3 0.432500 0.392500 0.090000 0.090000
1 0.685000 0.507500 0.090000 0.090000
1 0.747500 0.537500 0.090000 0.090000
3 0.277500 0.397500 0.090000 0.090000
1 0.342500 0.427500 0.090000 0.090000
4 0.530000 0.512500 0.090000 0.090000
1 0.655000 0.570000 0.090000 0.090000
4 0.720000 0.600000 0.090000 0.090000
1 0.122500 0.402500 0.090000 0.090000
1 0.187500 0.432500 0.090000 0.090000
4 0.312500 0.490000 0.090000 0.090000
0 0.375000 0.517500 0.090000 0.090000
4 0.502500 0.575000 0.090000 0.090000
0 0.627500 0.632500 0.090000 0.090000
4 0.690000 0.662500 0.090000 0.090000
1 0.752500 0.690000 0.090000 0.090000
2 0.815000 0.720000 0.090000 0.090000
1 0.535000 0.667500 0.090000 0.090000
1 0.660000 0.725000 0.090000 0.090000
2 0.725000 0.755000 0.090000 0.090000
