4 0.231250 0.253750 0.092500 0.092500
4 0.313750 0.263750 0.092500 0.092500
2 0.481250 0.283750 0.092500 0.092500
1 0.566250 0.296250 0.092500 0.092500
4 0.648750 0.306250 0.092500 0.092500
4 0.733750 0.316250 0.092500 0.092500
4 0.816250 0.326250 0.092500 0.092500
1 0.898750 0.336250 0.092500 0.092500
2 0.221250 0.336250 0.092500 0.092500
2 0.303750 0.346250 0.092500 0.092500
4 0.388750 0.358750 0.092500 0.092500
1 0.556250 0.378750 0.092500 0.092500
4 0.638750 0.388750 0.092500 0.092500
4 0.126250 0.408750 0.092500 0.092500
0 0.211250 0.421250 0.092500 0.092500
4 0.376250 0.441250 0.092500 0.092500
1 0.461250 0.451250 0.092500 0.092500
4 0.628750 0.473750 0.092500 0.092500
4 0.711250 0.483750 0.092500 0.092500
4 0.796250 0.493750 0.092500 0.092500
1 0.116250 0.493750 0.092500 0.092500
4 0.533750 0.546250 0.092500 0.092500
1 0.618750 0.556250 0.092500 0.092500
4 0.783750 0.576250 0.092500 0.092500
1 0.273750 0.598750 0.092500 0.092500
2 0.438750 0.618750 0.092500 0.092500
4 0.523750 0.628750 0.092500 0.092500
2 0.691250 0.651250 0.092500 0.092500
4 0.858750 0.671250 0.092500 0.092500
4 0.178750 0.671250 0.092500 0.092500
2 0.261250 0.681250 0.092500 0.092500
1 0.596250 0.723750 0.092500 0.092500
1 0.846250 0.753750 0.092500 0.092500
