1 0.100000 0.472500 0.100000 0.100000
4 0.170000 0.440000 0.100000 0.100000
4 0.240000 0.405000 0.100000 0.100000
3 0.450000 0.307500 0.100000 0.100000
1 0.730000 0.175000 0.100000 0.100000
1 0.412500 0.410000 0.100000 0.100000
2 0.482500 0.377500 0.100000 0.100000
0 0.552500 0.342500 0.100000 0.100000
2 0.692500 0.277500 0.100000 0.100000
1 0.167500 0.612500 0.100000 0.100000
3 0.587500 0.412500 0.100000 0.100000
4 0.410000 0.582500 0.100000 0.100000
3 0.480000 0.550000 0.100000 0.100000
1 0.620000 0.482500 0.100000 0.100000
4 0.442500 0.652500 0.100000 0.100000
0 0.582500 0.587500 0.100000 0.100000
4 0.862500 0.452500 0.100000 0.100000
0 0.265000 0.822500 0.100000 0.100000
4 0.335000 0.790000 0.100000 0.100000
4 0.405000 0.755000 0.100000 0.100000
1 0.475000 0.722500 0.100000 0.100000
1 0.685000 0.622500 0.100000 0.100000
1 0.825000 0.557500 0.100000 0.100000
0 0.895000 0.522500 0.100000 0.100000
