1 0.168750 0.231250 0.077500 0.077500
3 0.326250 0.311250 0.077500 0.077500
3 0.536250 0.418750 0.077500 0.077500
2 0.591250 0.443750 0.077500 0.077500
4 0.748750 0.523750 0.077500 0.077500
1 0.906250 0.603750 0.077500 0.077500
2 0.351250 0.391250 0.077500 0.077500
1 0.403750 0.416250 0.077500 0.077500
1 0.563750 0.496250 0.077500 0.077500
4 0.616250 0.523750 0.077500 0.077500
1 0.668750 0.551250 0.077500 0.077500
3 0.826250 0.631250 0.077500 0.077500
4 0.881250 0.658750 0.077500 0.077500
3 0.273750 0.416250 0.077500 0.077500
1 0.326250 0.443750 0.077500 0.077500
4 0.483750 0.523750 0.077500 0.077500
4 0.641250 0.603750 0.077500 0.077500
3 0.748750 0.656250 0.077500 0.077500
4 0.853750 0.711250 0.077500 0.077500
4 0.086250 0.388750 0.077500 0.077500
3 0.246250 0.468750 0.077500 0.077500
1 0.616250 0.656250 0.077500 0.077500
4 0.826250 0.763750 0.077500 0.077500
