4 0.158750 0.486250 0.087500 0.087500
0 0.221250 0.458750 0.087500 0.087500
0 0.286250 0.433750 0.087500 0.087500
2 0.478750 0.356250 0.087500 0.087500
3 0.543750 0.331250 0.087500 0.087500
0 0.118750 0.573750 0.087500 0.087500
4 0.503750 0.421250 0.087500 0.087500
4 0.568750 0.396250 0.087500 0.087500
2 0.633750 0.371250 0.087500 0.087500
1 0.761250 0.318750 0.087500 0.087500
0 0.593750 0.458750 0.087500 0.087500
4 0.298750 0.651250 0.087500 0.087500
0 0.363750 0.626250 0.087500 0.087500
4 0.428750 0.601250 0.087500 0.087500
4 0.491250 0.576250 0.087500 0.087500
4 0.621250 0.523750 0.087500 0.087500
4 0.683750 0.498750 0.087500 0.087500
4 0.748750 0.473750 0.087500 0.087500
2 0.813750 0.446250 0.087500 0.087500
4 0.876250 0.421250 0.087500 0.087500
4 0.196250 0.768750 0.087500 0.087500
1 0.711250 0.563750 0.087500 0.087500
4 0.773750 0.536250 0.087500 0.087500
1 0.838750 0.511250 0.087500 0.087500
1 0.903750 0.486250 0.087500 0.087500
