3 0.080000 0.480000 0.065000 0.065000
1 0.252500 0.450000 0.065000 0.065000
1 0.310000 0.440000 0.065000 0.065000
2 0.540000 0.400000 0.065000 0.065000
1 0.712500 0.372500 0.065000 0.065000
2 0.770000 0.362500 0.065000 0.065000
1 0.827500 0.352500 0.065000 0.065000
4 0.882500 0.342500 0.065000 0.065000
2 0.090000 0.537500 0.065000 0.065000
1 0.262500 0.507500 0.065000 0.065000
2 0.320000 0.497500 0.065000 0.065000
3 0.607500 0.450000 0.065000 0.065000
4 0.665000 0.440000 0.065000 0.065000
3 0.100000 0.595000 0.065000 0.065000
2 0.157500 0.585000 0.065000 0.065000
3 0.330000 0.555000 0.065000 0.065000
3 0.387500 0.545000 0.065000 0.065000
1 0.502500 0.525000 0.065000 0.065000
4 0.560000 0.515000 0.065000 0.065000
0 0.730000 0.487500 0.065000 0.065000
4 0.845000 0.467500 0.065000 0.065000
1 0.282500 0.622500 0.065000 0.065000
1 0.340000 0.612500 0.065000 0.065000
1 0.570000 0.572500 0.065000 0.065000
1 0.627500 0.562500 0.065000 0.065000
4 0.740000 0.545000 0.065000 0.065000
4 0.797500 0.535000 0.065000 0.065000
