3 0.146250 0.268750 0.072500 0.072500
1 0.201250 0.291250 0.072500 0.072500
4 0.256250 0.311250 0.072500 0.072500
4 0.853750 0.538750 0.072500 0.072500
4 0.908750 0.561250 0.072500 0.072500
4 0.126250 0.323750 0.072500 0.072500
1 0.236250 0.366250 0.072500 0.072500
1 0.288750 0.386250 0.072500 0.072500
2 0.343750 0.406250 0.072500 0.072500
1 0.398750 0.428750 0.072500 0.072500
2 0.453750 0.448750 0.072500 0.072500
2 0.506250 0.468750 0.072500 0.072500
2 0.561250 0.491250 0.072500 0.072500
4 0.616250 0.511250 0.072500 0.072500
4 0.723750 0.553750 0.072500 0.072500
1 0.833750 0.593750 0.072500 0.072500
1 0.888750 0.616250 0.072500 0.072500
4 0.268750 0.441250 0.072500 0.072500
1 0.323750 0.461250 0.072500 0.072500
3 0.758750 0.628750 0.072500 0.072500
1 0.866250 0.668750 0.072500 0.072500
4 0.083750 0.433750 0.072500 0.072500
1 0.521250 0.598750 0.072500 0.072500
4 0.738750 0.681250 0.072500 0.072500
1 0.846250 0.723750 0.072500 0.072500
