1 0.665000 0.337500 0.095000 0.095000
4 0.412500 0.350000 0.095000 0.095000
3 0.490000 0.372500 0.095000 0.095000
2 0.645000 0.415000 0.095000 0.095000
3 0.720000 0.437500 0.095000 0.095000
2 0.797500 0.457500 0.095000 0.095000
1 0.545000 0.470000 0.095000 0.095000
4 0.777500 0.535000 0.095000 0.095000
1 0.217500 0.460000 0.095000 0.095000
4 0.370000 0.502500 0.095000 0.095000
1 0.447500 0.525000 0.095000 0.095000
0 0.600000 0.567500 0.095000 0.095000
4 0.677500 0.590000 0.095000 0.095000
1 0.117500 0.515000 0.095000 0.095000
4 0.195000 0.537500 0.095000 0.095000
1 0.272500 0.560000 0.095000 0.095000
4 0.502500 0.625000 0.095000 0.095000
4 0.732500 0.690000 0.095000 0.095000
1 0.250000 0.635000 0.095000 0.095000
1 0.480000 0.700000 0.095000 0.095000
2 0.787500 0.787500 0.095000 0.095000
