4 0.402500 0.390000 0.090000 0.090000
0 0.527500 0.325000 0.090000 0.090000
1 0.775000 0.200000 0.090000 0.090000
2 0.187500 0.575000 0.090000 0.090000
1 0.250000 0.545000 0.090000 0.090000
0 0.372500 0.482500 0.090000 0.090000
1 0.435000 0.450000 0.090000 0.090000
4 0.557500 0.387500 0.090000 0.090000
4 0.620000 0.357500 0.090000 0.090000
1 0.157500 0.670000 0.090000 0.090000
0 0.280000 0.607500 0.090000 0.090000
2 0.342500 0.575000 0.090000 0.090000
2 0.465000 0.512500 0.090000 0.090000
2 0.650000 0.417500 0.090000 0.090000
0 0.775000 0.355000 0.090000 0.090000
1 0.187500 0.730000 0.090000 0.090000
4 0.250000 0.700000 0.090000 0.090000
1 0.372500 0.637500 0.090000 0.090000
2 0.435000 0.605000 0.090000 0.090000
4 0.497500 0.575000 0.090000 0.090000
4 0.682500 0.480000 0.090000 0.090000
2 0.745000 0.447500 0.090000 0.090000
1 0.867500 0.385000 0.090000 0.090000
4 0.220000 0.792500 0.090000 0.090000
4 0.405000 0.697500 0.090000 0.090000
4 0.467500 0.667500 0.090000 0.090000
4 0.527500 0.635000 0.090000 0.090000
1 0.652500 0.572500 0.090000 0.090000
1 0.837500 0.480000 0.090000 0.090000
