4 0.083750 0.498750 0.067500 0.067500
4 0.141250 0.486250 0.067500 0.067500
1 0.253750 0.461250 0.067500 0.067500
0 0.366250 0.436250 0.067500 0.067500
1 0.651250 0.376250 0.067500 0.067500
0 0.706250 0.363750 0.067500 0.067500
1 0.151250 0.541250 0.067500 0.067500
4 0.266250 0.518750 0.067500 0.067500
4 0.321250 0.506250 0.067500 0.067500
4 0.378750 0.493750 0.067500 0.067500
4 0.436250 0.481250 0.067500 0.067500
1 0.548750 0.456250 0.067500 0.067500
0 0.663750 0.431250 0.067500 0.067500
4 0.833750 0.396250 0.067500 0.067500
3 0.108750 0.611250 0.067500 0.067500
1 0.163750 0.598750 0.067500 0.067500
0 0.221250 0.586250 0.067500 0.067500
4 0.278750 0.573750 0.067500 0.067500
2 0.391250 0.551250 0.067500 0.067500
4 0.618750 0.501250 0.067500 0.067500
3 0.673750 0.488750 0.067500 0.067500
1 0.788750 0.463750 0.067500 0.067500
1 0.901250 0.441250 0.067500 0.067500
2 0.121250 0.668750 0.067500 0.067500
4 0.176250 0.656250 0.067500 0.067500
1 0.573750 0.571250 0.067500 0.067500
1 0.801250 0.521250 0.067500 0.067500
0 0.913750 0.496250 0.067500 0.067500
