4 0.171250 0.223750 0.077500 0.077500
2 0.223750 0.251250 0.077500 0.077500
0 0.433750 0.363750 0.077500 0.077500
4 0.486250 0.391250 0.077500 0.077500
4 0.538750 0.418750 0.077500 0.077500
4 0.696250 0.501250 0.077500 0.077500
0 0.906250 0.611250 0.077500 0.077500
4 0.301250 0.358750 0.077500 0.077500
4 0.353750 0.386250 0.077500 0.077500
2 0.406250 0.416250 0.077500 0.077500
4 0.458750 0.443750 0.077500 0.077500
1 0.511250 0.471250 0.077500 0.077500
4 0.773750 0.608750 0.077500 0.077500
1 0.826250 0.636250 0.077500 0.077500
0 0.221250 0.383750 0.077500 0.077500
2 0.431250 0.496250 0.077500 0.077500
4 0.588750 0.578750 0.077500 0.077500
1 0.693750 0.633750 0.077500 0.077500
4 0.193750 0.436250 0.077500 0.077500
4 0.351250 0.521250 0.077500 0.077500
2 0.403750 0.548750 0.077500 0.077500
1 0.456250 0.576250 0.077500 0.077500
4 0.561250 0.631250 0.077500 0.077500
4 0.613750 0.658750 0.077500 0.077500
3 0.718750 0.713750 0.077500 0.077500
2 0.771250 0.741250 0.077500 0.077500
1 0.823750 0.768750 0.077500 0.077500
