4 0.175000 0.372500 0.095000 0.095000
1 0.252500 0.352500 0.095000 0.095000
1 0.720000 0.232500 0.095000 0.095000
3 0.797500 0.212500 0.095000 0.095000
1 0.117500 0.470000 0.095000 0.095000
4 0.195000 0.450000 0.095000 0.095000
1 0.370000 0.487500 0.095000 0.095000
3 0.837500 0.367500 0.095000 0.095000
0 0.545000 0.525000 0.095000 0.095000
1 0.780000 0.465000 0.095000 0.095000
4 0.177500 0.705000 0.095000 0.095000
4 0.642500 0.582500 0.095000 0.095000
4 0.275000 0.762500 0.095000 0.095000
1 0.662500 0.662500 0.095000 0.095000
4 0.820000 0.622500 0.095000 0.095000
2 0.897500 0.602500 0.095000 0.095000
