3 0.307500 0.265000 0.090000 0.090000
2 0.477500 0.282500 0.090000 0.090000
0 0.562500 0.292500 0.090000 0.090000
1 0.900000 0.327500 0.090000 0.090000
1 0.300000 0.347500 0.090000 0.090000
1 0.467500 0.367500 0.090000 0.090000
2 0.805000 0.402500 0.090000 0.090000
1 0.205000 0.422500 0.090000 0.090000
3 0.460000 0.450000 0.090000 0.090000
2 0.627500 0.470000 0.090000 0.090000
4 0.797500 0.487500 0.090000 0.090000
4 0.280000 0.517500 0.090000 0.090000
4 0.872500 0.580000 0.090000 0.090000
1 0.102500 0.582500 0.090000 0.090000
1 0.525000 0.630000 0.090000 0.090000
2 0.610000 0.637500 0.090000 0.090000
4 0.095000 0.667500 0.090000 0.090000
0 0.347500 0.695000 0.090000 0.090000
4 0.600000 0.722500 0.090000 0.090000
4 0.685000 0.732500 0.090000 0.090000
