4 0.186250 0.271250 0.087500 0.087500
3 0.633750 0.273750 0.087500 0.087500
3 0.903750 0.276250 0.087500 0.087500
0 0.186250 0.361250 0.087500 0.087500
4 0.543750 0.363750 0.087500 0.087500
1 0.633750 0.363750 0.087500 0.087500
2 0.723750 0.363750 0.087500 0.087500
1 0.186250 0.448750 0.087500 0.087500
4 0.363750 0.451250 0.087500 0.087500
0 0.633750 0.453750 0.087500 0.087500
4 0.721250 0.453750 0.087500 0.087500
4 0.901250 0.456250 0.087500 0.087500
4 0.453750 0.541250 0.087500 0.087500
1 0.543750 0.541250 0.087500 0.087500
2 0.721250 0.543750 0.087500 0.087500
4 0.093750 0.628750 0.087500 0.087500
1 0.273750 0.628750 0.087500 0.087500
0 0.631250 0.631250 0.087500 0.087500
2 0.721250 0.633750 0.087500 0.087500
4 0.901250 0.633750 0.087500 0.087500
4 0.093750 0.718750 0.087500 0.087500
4 0.361250 0.718750 0.087500 0.087500
1 0.541250 0.721250 0.087500 0.087500
4 0.631250 0.721250 0.087500 0.087500
0 0.721250 0.721250 0.087500 0.087500
