4 0.336250 0.321250 0.092500 0.092500
4 0.818750 0.226250 0.092500 0.092500
1 0.111250 0.448750 0.092500 0.092500
1 0.833750 0.306250 0.092500 0.092500
4 0.608750 0.433750 0.092500 0.092500
1 0.688750 0.418750 0.092500 0.092500
4 0.768750 0.401250 0.092500 0.092500
1 0.143750 0.608750 0.092500 0.092500
3 0.303750 0.578750 0.092500 0.092500
4 0.543750 0.528750 0.092500 0.092500
2 0.623750 0.513750 0.092500 0.092500
3 0.786250 0.481250 0.092500 0.092500
1 0.238750 0.673750 0.092500 0.092500
3 0.398750 0.641250 0.092500 0.092500
1 0.481250 0.626250 0.092500 0.092500
1 0.561250 0.611250 0.092500 0.092500
4 0.641250 0.593750 0.092500 0.092500
4 0.801250 0.561250 0.092500 0.092500
3 0.881250 0.546250 0.092500 0.092500
2 0.173750 0.771250 0.092500 0.092500
1 0.576250 0.691250 0.092500 0.092500
4 0.656250 0.673750 0.092500 0.092500
3 0.816250 0.643750 0.092500 0.092500
2 0.898750 0.626250 0.092500 0.092500
