4 0.166250 0.233750 0.077500 0.077500
1 0.273750 0.286250 0.077500 0.077500
2 0.431250 0.366250 0.077500 0.077500
1 0.483750 0.393750 0.077500 0.077500
4 0.643750 0.471250 0.077500 0.077500
4 0.748750 0.526250 0.077500 0.077500
4 0.906250 0.603750 0.077500 0.077500
0 0.246250 0.338750 0.077500 0.077500
0 0.351250 0.391250 0.077500 0.077500
1 0.458750 0.446250 0.077500 0.077500
1 0.563750 0.498750 0.077500 0.077500
4 0.616250 0.526250 0.077500 0.077500
4 0.668750 0.551250 0.077500 0.077500
1 0.113750 0.338750 0.077500 0.077500
4 0.166250 0.366250 0.077500 0.077500
2 0.273750 0.418750 0.077500 0.077500
2 0.326250 0.446250 0.077500 0.077500
2 0.536250 0.551250 0.077500 0.077500
1 0.696250 0.631250 0.077500 0.077500
2 0.801250 0.683750 0.077500 0.077500
4 0.086250 0.391250 0.077500 0.077500
4 0.193750 0.446250 0.077500 0.077500
2 0.351250 0.523750 0.077500 0.077500
2 0.403750 0.551250 0.077500 0.077500
4 0.826250 0.763750 0.077500 0.077500
