1 0.095000 0.337500 0.075000 0.075000
3 0.170000 0.340000 0.075000 0.075000
4 0.465000 0.350000 0.075000 0.075000
3 0.540000 0.352500 0.075000 0.075000
4 0.612500 0.355000 0.075000 0.075000
4 0.687500 0.357500 0.075000 0.075000
4 0.910000 0.365000 0.075000 0.075000
4 0.390000 0.420000 0.075000 0.075000
4 0.537500 0.425000 0.075000 0.075000
1 0.685000 0.430000 0.075000 0.075000
4 0.832500 0.437500 0.075000 0.075000
1 0.907500 0.440000 0.075000 0.075000
4 0.165000 0.487500 0.075000 0.075000
4 0.387500 0.495000 0.075000 0.075000
1 0.535000 0.500000 0.075000 0.075000
1 0.755000 0.507500 0.075000 0.075000
2 0.830000 0.510000 0.075000 0.075000
1 0.087500 0.557500 0.075000 0.075000
1 0.162500 0.560000 0.075000 0.075000
0 0.237500 0.562500 0.075000 0.075000
2 0.310000 0.565000 0.075000 0.075000
3 0.385000 0.567500 0.075000 0.075000
1 0.680000 0.580000 0.075000 0.075000
4 0.085000 0.632500 0.075000 0.075000
1 0.307500 0.640000 0.075000 0.075000
3 0.455000 0.645000 0.075000 0.075000
2 0.530000 0.647500 0.075000 0.075000
4 0.677500 0.652500 0.075000 0.075000
