0 0.242500 0.270000 0.085000 0.085000
3 0.637500 0.397500 0.085000 0.085000
3 0.902500 0.480000 0.085000 0.085000
2 0.220000 0.337500 0.085000 0.085000
1 0.352500 0.377500 0.085000 0.085000
4 0.485000 0.420000 0.085000 0.085000
4 0.550000 0.442500 0.085000 0.085000
1 0.617500 0.462500 0.085000 0.085000
1 0.815000 0.525000 0.085000 0.085000
2 0.132500 0.382500 0.085000 0.085000
4 0.332500 0.445000 0.085000 0.085000
1 0.465000 0.487500 0.085000 0.085000
4 0.662500 0.550000 0.085000 0.085000
3 0.727500 0.570000 0.085000 0.085000
1 0.860000 0.612500 0.085000 0.085000
1 0.177500 0.470000 0.085000 0.085000
2 0.377500 0.532500 0.085000 0.085000
1 0.510000 0.575000 0.085000 0.085000
1 0.642500 0.615000 0.085000 0.085000
2 0.707500 0.637500 0.085000 0.085000
1 0.775000 0.657500 0.085000 0.085000
4 0.840000 0.680000 0.085000 0.085000
1 0.090000 0.515000 0.085000 0.085000
2 0.222500 0.555000 0.085000 0.085000
1 0.290000 0.577500 0.085000 0.085000
4 0.620000 0.682500 0.085000 0.085000
