4 0.085000 0.380000 0.075000 0.075000
4 0.450000 0.355000 0.075000 0.075000
4 0.887500 0.325000 0.075000 0.075000
4 0.090000 0.452500 0.075000 0.075000
4 0.237500 0.442500 0.075000 0.075000
1 0.310000 0.437500 0.075000 0.075000
0 0.382500 0.432500 0.075000 0.075000
1 0.455000 0.427500 0.075000 0.075000
1 0.747500 0.407500 0.075000 0.075000
4 0.820000 0.402500 0.075000 0.075000
4 0.892500 0.397500 0.075000 0.075000
0 0.170000 0.520000 0.075000 0.075000
1 0.242500 0.515000 0.075000 0.075000
4 0.387500 0.505000 0.075000 0.075000
4 0.532500 0.495000 0.075000 0.075000
1 0.605000 0.490000 0.075000 0.075000
0 0.247500 0.587500 0.075000 0.075000
1 0.465000 0.572500 0.075000 0.075000
2 0.685000 0.557500 0.075000 0.075000
2 0.105000 0.670000 0.075000 0.075000
1 0.542500 0.642500 0.075000 0.075000
0 0.615000 0.637500 0.075000 0.075000
3 0.762500 0.627500 0.075000 0.075000
4 0.835000 0.622500 0.075000 0.075000
2 0.907500 0.617500 0.075000 0.075000
