1 0.480000 0.295000 0.095000 0.095000
1 0.635000 0.252500 0.095000 0.095000
1 0.117500 0.480000 0.095000 0.095000
1 0.347500 0.415000 0.095000 0.095000
4 0.655000 0.327500 0.095000 0.095000
3 0.810000 0.285000 0.095000 0.095000
1 0.140000 0.557500 0.095000 0.095000
2 0.217500 0.535000 0.095000 0.095000
1 0.370000 0.492500 0.095000 0.095000
1 0.447500 0.470000 0.095000 0.095000
0 0.677500 0.405000 0.095000 0.095000
4 0.832500 0.362500 0.095000 0.095000
4 0.392500 0.570000 0.095000 0.095000
4 0.470000 0.547500 0.095000 0.095000
4 0.622500 0.502500 0.095000 0.095000
0 0.700000 0.482500 0.095000 0.095000
0 0.777500 0.460000 0.095000 0.095000
4 0.182500 0.710000 0.095000 0.095000
2 0.337500 0.667500 0.095000 0.095000
1 0.490000 0.625000 0.095000 0.095000
4 0.645000 0.580000 0.095000 0.095000
0 0.720000 0.557500 0.095000 0.095000
1 0.797500 0.537500 0.095000 0.095000
4 0.282500 0.765000 0.095000 0.095000
0 0.435000 0.722500 0.095000 0.095000
0 0.512500 0.700000 0.095000 0.095000
0 0.590000 0.680000 0.095000 0.095000
2 0.665000 0.657500 0.095000 0.095000
