4 0.137500 0.292500 0.070000 0.070000
2 0.247500 0.327500 0.070000 0.070000
2 0.525000 0.415000 0.070000 0.070000
1 0.855000 0.517500 0.070000 0.070000
3 0.175000 0.365000 0.070000 0.070000
4 0.285000 0.400000 0.070000 0.070000
1 0.395000 0.435000 0.070000 0.070000
1 0.507500 0.470000 0.070000 0.070000
1 0.782500 0.555000 0.070000 0.070000
0 0.895000 0.590000 0.070000 0.070000
1 0.212500 0.437500 0.070000 0.070000
1 0.322500 0.472500 0.070000 0.070000
1 0.377500 0.490000 0.070000 0.070000
2 0.710000 0.592500 0.070000 0.070000
2 0.085000 0.460000 0.070000 0.070000
2 0.140000 0.475000 0.070000 0.070000
4 0.417500 0.562500 0.070000 0.070000
1 0.472500 0.580000 0.070000 0.070000
4 0.527500 0.597500 0.070000 0.070000
3 0.637500 0.632500 0.070000 0.070000
1 0.747500 0.665000 0.070000 0.070000
