4 0.091250 0.471250 0.082500 0.082500
4 0.158750 0.451250 0.082500 0.082500
1 0.358750 0.391250 0.082500 0.082500
2 0.423750 0.373750 0.082500 0.082500
4 0.491250 0.353750 0.082500 0.082500
1 0.623750 0.313750 0.082500 0.082500
0 0.691250 0.293750 0.082500 0.082500
1 0.758750 0.273750 0.082500 0.082500
4 0.311250 0.478750 0.082500 0.082500
4 0.511250 0.418750 0.082500 0.082500
1 0.643750 0.381250 0.082500 0.082500
1 0.131250 0.603750 0.082500 0.082500
0 0.263750 0.566250 0.082500 0.082500
4 0.396250 0.526250 0.082500 0.082500
4 0.463750 0.506250 0.082500 0.082500
1 0.531250 0.486250 0.082500 0.082500
4 0.598750 0.466250 0.082500 0.082500
4 0.663750 0.446250 0.082500 0.082500
1 0.798750 0.408750 0.082500 0.082500
4 0.863750 0.388750 0.082500 0.082500
4 0.216250 0.651250 0.082500 0.082500
4 0.283750 0.631250 0.082500 0.082500
1 0.351250 0.611250 0.082500 0.082500
4 0.416250 0.591250 0.082500 0.082500
1 0.483750 0.573750 0.082500 0.082500
2 0.616250 0.533750 0.082500 0.082500
4 0.168750 0.738750 0.082500 0.082500
1 0.236250 0.718750 0.082500 0.082500
0 0.571250 0.618750 0.082500 0.082500
1 0.703750 0.581250 0.082500 0.082500
2 0.771250 0.561250 0.082500 0.082500
