2 0.253750 0.463750 0.067500 0.067500
1 0.366250 0.438750 0.067500 0.067500
1 0.421250 0.426250 0.067500 0.067500
2 0.478750 0.411250 0.067500 0.067500
0 0.591250 0.386250 0.067500 0.067500
1 0.648750 0.373750 0.067500 0.067500
0 0.818750 0.333750 0.067500 0.067500
1 0.321250 0.508750 0.067500 0.067500
0 0.491250 0.468750 0.067500 0.067500
2 0.718750 0.416250 0.067500 0.067500
2 0.831250 0.391250 0.067500 0.067500
0 0.108750 0.616250 0.067500 0.067500
2 0.166250 0.603750 0.067500 0.067500
1 0.278750 0.576250 0.067500 0.067500
0 0.391250 0.551250 0.067500 0.067500
1 0.503750 0.526250 0.067500 0.067500
1 0.731250 0.473750 0.067500 0.067500
1 0.291250 0.633750 0.067500 0.067500
3 0.348750 0.621250 0.067500 0.067500
4 0.403750 0.608750 0.067500 0.067500
4 0.518750 0.581250 0.067500 0.067500
4 0.686250 0.543750 0.067500 0.067500
