2 0.140000 0.510000 0.070000 0.070000
1 0.195000 0.495000 0.070000 0.070000
4 0.250000 0.477500 0.070000 0.070000
1 0.695000 0.350000 0.070000 0.070000
2 0.752500 0.332500 0.070000 0.070000
4 0.100000 0.582500 0.070000 0.070000
4 0.155000 0.565000 0.070000 0.070000
1 0.600000 0.437500 0.070000 0.070000
1 0.655000 0.420000 0.070000 0.070000
3 0.767500 0.390000 0.070000 0.070000
4 0.822500 0.372500 0.070000 0.070000
4 0.115000 0.637500 0.070000 0.070000
4 0.227500 0.605000 0.070000 0.070000
2 0.282500 0.590000 0.070000 0.070000
4 0.560000 0.510000 0.070000 0.070000
4 0.617500 0.492500 0.070000 0.070000
4 0.672500 0.477500 0.070000 0.070000
1 0.727500 0.460000 0.070000 0.070000
4 0.840000 0.427500 0.070000 0.070000
1 0.895000 0.412500 0.070000 0.070000
2 0.132500 0.692500 0.070000 0.070000
4 0.242500 0.660000 0.070000 0.070000
0 0.300000 0.645000 0.070000 0.070000
1 0.687500 0.532500 0.070000 0.070000
1 0.910000 0.467500 0.070000 0.070000
