1 0.080000 0.435000 0.060000 0.060000
1 0.197500 0.427500 0.060000 0.060000
3 0.432500 0.412500 0.060000 0.060000
1 0.492500 0.410000 0.060000 0.060000
3 0.550000 0.405000 0.060000 0.060000
4 0.610000 0.402500 0.060000 0.060000
4 0.670000 0.397500 0.060000 0.060000
2 0.727500 0.395000 0.060000 0.060000
4 0.787500 0.390000 0.060000 0.060000
2 0.905000 0.382500 0.060000 0.060000
3 0.260000 0.482500 0.060000 0.060000
1 0.437500 0.472500 0.060000 0.060000
4 0.555000 0.465000 0.060000 0.060000
1 0.672500 0.457500 0.060000 0.060000
1 0.732500 0.452500 0.060000 0.060000
2 0.907500 0.442500 0.060000 0.060000
4 0.265000 0.542500 0.060000 0.060000
2 0.382500 0.535000 0.060000 0.060000
1 0.557500 0.522500 0.060000 0.060000
3 0.677500 0.515000 0.060000 0.060000
2 0.090000 0.612500 0.060000 0.060000
1 0.150000 0.610000 0.060000 0.060000
4 0.327500 0.597500 0.060000 0.060000
4 0.562500 0.582500 0.060000 0.060000
1 0.797500 0.567500 0.060000 0.060000
