4 0.517500 0.282500 0.090000 0.090000
0 0.602500 0.272500 0.090000 0.090000
1 0.187500 0.400000 0.090000 0.090000
4 0.527500 0.367500 0.090000 0.090000
0 0.865000 0.332500 0.090000 0.090000
1 0.197500 0.485000 0.090000 0.090000
1 0.282500 0.477500 0.090000 0.090000
1 0.620000 0.442500 0.090000 0.090000
1 0.705000 0.435000 0.090000 0.090000
4 0.875000 0.417500 0.090000 0.090000
1 0.120000 0.580000 0.090000 0.090000
2 0.205000 0.570000 0.090000 0.090000
3 0.375000 0.552500 0.090000 0.090000
4 0.545000 0.535000 0.090000 0.090000
4 0.797500 0.510000 0.090000 0.090000
1 0.882500 0.500000 0.090000 0.090000
1 0.300000 0.647500 0.090000 0.090000
2 0.385000 0.637500 0.090000 0.090000
1 0.637500 0.612500 0.090000 0.090000
1 0.722500 0.602500 0.090000 0.090000
4 0.892500 0.585000 0.090000 0.090000
3 0.137500 0.747500 0.090000 0.090000
4 0.477500 0.715000 0.090000 0.090000
1 0.815000 0.680000 0.090000 0.090000
