4 0.156250 0.376250 0.062500 0.062500
2 0.331250 0.393750 0.062500 0.062500
4 0.391250 0.398750 0.062500 0.062500
1 0.566250 0.416250 0.062500 0.062500
3 0.741250 0.433750 0.062500 0.062500
1 0.916250 0.451250 0.062500 0.062500
1 0.091250 0.428750 0.062500 0.062500
2 0.208750 0.441250 0.062500 0.062500
0 0.326250 0.451250 0.062500 0.062500
4 0.443750 0.463750 0.062500 0.062500
1 0.501250 0.468750 0.062500 0.062500
2 0.558750 0.473750 0.062500 0.062500
0 0.618750 0.481250 0.062500 0.062500
4 0.676250 0.486250 0.062500 0.062500
4 0.793750 0.498750 0.062500 0.062500
1 0.911250 0.508750 0.062500 0.062500
1 0.146250 0.493750 0.062500 0.062500
0 0.378750 0.516250 0.062500 0.062500
4 0.436250 0.521250 0.062500 0.062500
1 0.671250 0.543750 0.062500 0.062500
4 0.788750 0.556250 0.062500 0.062500
1 0.138750 0.551250 0.062500 0.062500
4 0.373750 0.573750 0.062500 0.062500
1 0.431250 0.581250 0.062500 0.062500
4 0.488750 0.586250 0.062500 0.062500
0 0.548750 0.591250 0.062500 0.062500
4 0.606250 0.598750 0.062500 0.062500
0 0.666250 0.603750 0.062500 0.062500
4 0.898750 0.626250 0.062500 0.062500
