1 0.091250 0.451250 0.082500 0.082500
4 0.228750 0.418750 0.082500 0.082500
1 0.363750 0.386250 0.082500 0.082500
4 0.568750 0.338750 0.082500 0.082500
4 0.841250 0.273750 0.082500 0.082500
1 0.243750 0.486250 0.082500 0.082500
4 0.381250 0.453750 0.082500 0.082500
4 0.448750 0.438750 0.082500 0.082500
3 0.721250 0.373750 0.082500 0.082500
1 0.856250 0.341250 0.082500 0.082500
4 0.123750 0.588750 0.082500 0.082500
1 0.191250 0.571250 0.082500 0.082500
1 0.328750 0.538750 0.082500 0.082500
4 0.601250 0.473750 0.082500 0.082500
3 0.668750 0.458750 0.082500 0.082500
1 0.873750 0.408750 0.082500 0.082500
2 0.138750 0.656250 0.082500 0.082500
4 0.208750 0.638750 0.082500 0.082500
2 0.343750 0.606250 0.082500 0.082500
1 0.411250 0.591250 0.082500 0.082500
3 0.481250 0.573750 0.082500 0.082500
2 0.753750 0.508750 0.082500 0.082500
4 0.821250 0.493750 0.082500 0.082500
3 0.888750 0.478750 0.082500 0.082500
1 0.223750 0.708750 0.082500 0.082500
