3 0.086250 0.616250 0.077500 0.077500
3 0.138750 0.588750 0.077500 0.077500
1 0.296250 0.503750 0.077500 0.077500
1 0.348750 0.473750 0.077500 0.077500
1 0.558750 0.361250 0.077500 0.077500
0 0.611250 0.333750 0.077500 0.077500
1 0.821250 0.218750 0.077500 0.077500
4 0.116250 0.668750 0.077500 0.077500
2 0.221250 0.611250 0.077500 0.077500
3 0.326250 0.556250 0.077500 0.077500
1 0.378750 0.526250 0.077500 0.077500
1 0.481250 0.471250 0.077500 0.077500
1 0.638750 0.386250 0.077500 0.077500
4 0.691250 0.356250 0.077500 0.077500
2 0.743750 0.328750 0.077500 0.077500
1 0.796250 0.301250 0.077500 0.077500
4 0.848750 0.271250 0.077500 0.077500
1 0.143750 0.721250 0.077500 0.077500
4 0.196250 0.693750 0.077500 0.077500
0 0.248750 0.663750 0.077500 0.077500
2 0.353750 0.608750 0.077500 0.077500
4 0.458750 0.551250 0.077500 0.077500
2 0.563750 0.493750 0.077500 0.077500
4 0.616250 0.466250 0.077500 0.077500
4 0.773750 0.381250 0.077500 0.077500
4 0.433750 0.631250 0.077500 0.077500
4 0.591250 0.546250 0.077500 0.077500
1 0.643750 0.518750 0.077500 0.077500
4 0.906250 0.376250 0.077500 0.077500
