4 0.302500 0.342500 0.070000 0.070000
1 0.360000 0.360000 0.070000 0.070000
0 0.415000 0.377500 0.070000 0.070000
4 0.470000 0.395000 0.070000 0.070000
0 0.690000 0.467500 0.070000 0.070000
4 0.800000 0.502500 0.070000 0.070000
0 0.855000 0.520000 0.070000 0.070000
4 0.910000 0.537500 0.070000 0.070000
4 0.340000 0.415000 0.070000 0.070000
4 0.617500 0.505000 0.070000 0.070000
1 0.672500 0.522500 0.070000 0.070000
1 0.727500 0.540000 0.070000 0.070000
0 0.782500 0.557500 0.070000 0.070000
2 0.837500 0.575000 0.070000 0.070000
1 0.892500 0.592500 0.070000 0.070000
0 0.102500 0.400000 0.070000 0.070000
1 0.212500 0.435000 0.070000 0.070000
4 0.267500 0.452500 0.070000 0.070000
4 0.377500 0.490000 0.070000 0.070000
4 0.435000 0.507500 0.070000 0.070000
4 0.545000 0.542500 0.070000 0.070000
4 0.655000 0.577500 0.070000 0.070000
4 0.140000 0.472500 0.070000 0.070000
4 0.195000 0.490000 0.070000 0.070000
2 0.250000 0.507500 0.070000 0.070000
1 0.305000 0.525000 0.070000 0.070000
4 0.360000 0.545000 0.070000 0.070000
1 0.472500 0.580000 0.070000 0.070000
4 0.527500 0.597500 0.070000 0.070000
4 0.637500 0.632500 0.070000 0.070000
