4 0.246250 0.243750 0.092500 0.092500
4 0.326250 0.258750 0.092500 0.092500
1 0.408750 0.271250 0.092500 0.092500
4 0.571250 0.298750 0.092500 0.092500
4 0.653750 0.313750 0.092500 0.092500
0 0.898750 0.353750 0.092500 0.092500
4 0.151250 0.313750 0.092500 0.092500
1 0.476250 0.368750 0.092500 0.092500
4 0.558750 0.381250 0.092500 0.092500
4 0.803750 0.421250 0.092500 0.092500
4 0.463750 0.448750 0.092500 0.092500
3 0.626250 0.476250 0.092500 0.092500
2 0.871250 0.518750 0.092500 0.092500
2 0.123750 0.476250 0.092500 0.092500
3 0.203750 0.488750 0.092500 0.092500
2 0.368750 0.516250 0.092500 0.092500
4 0.531250 0.543750 0.092500 0.092500
4 0.108750 0.558750 0.092500 0.092500
1 0.353750 0.598750 0.092500 0.092500
3 0.598750 0.638750 0.092500 0.092500
3 0.681250 0.653750 0.092500 0.092500
1 0.843750 0.681250 0.092500 0.092500
2 0.421250 0.693750 0.092500 0.092500
0 0.503750 0.708750 0.092500 0.092500
4 0.666250 0.736250 0.092500 0.092500
4 0.748750 0.748750 0.092500 0.092500
