3 0.195000 0.507500 0.070000 0.070000
4 0.250000 0.487500 0.070000 0.070000
4 0.690000 0.340000 0.070000 0.070000
1 0.102500 0.600000 0.070000 0.070000
1 0.157500 0.580000 0.070000 0.070000
1 0.322500 0.525000 0.070000 0.070000
4 0.432500 0.487500 0.070000 0.070000
1 0.542500 0.450000 0.070000 0.070000
1 0.707500 0.395000 0.070000 0.070000
1 0.872500 0.337500 0.070000 0.070000
4 0.122500 0.655000 0.070000 0.070000
1 0.177500 0.635000 0.070000 0.070000
1 0.287500 0.597500 0.070000 0.070000
1 0.452500 0.542500 0.070000 0.070000
1 0.195000 0.690000 0.070000 0.070000
1 0.250000 0.672500 0.070000 0.070000
4 0.360000 0.635000 0.070000 0.070000
4 0.415000 0.615000 0.070000 0.070000
1 0.800000 0.485000 0.070000 0.070000
4 0.855000 0.467500 0.070000 0.070000
