2 0.423750 0.236250 0.102500 0.102500
4 0.558750 0.308750 0.102500 0.102500
4 0.626250 0.346250 0.102500 0.102500
3 0.761250 0.421250 0.102500 0.102500
1 0.318750 0.266250 0.102500 0.102500
4 0.386250 0.301250 0.102500 0.102500
4 0.453750 0.338750 0.102500 0.102500
4 0.588750 0.413750 0.102500 0.102500
0 0.723750 0.488750 0.102500 0.102500
4 0.791250 0.526250 0.102500 0.102500
4 0.858750 0.563750 0.102500 0.102500
1 0.483750 0.443750 0.102500 0.102500
3 0.551250 0.481250 0.102500 0.102500
2 0.618750 0.518750 0.102500 0.102500
4 0.686250 0.556250 0.102500 0.102500
4 0.753750 0.593750 0.102500 0.102500
1 0.243750 0.398750 0.102500 0.102500
3 0.716250 0.661250 0.102500 0.102500
3 0.783750 0.698750 0.102500 0.102500
4 0.206250 0.466250 0.102500 0.102500
0 0.408750 0.578750 0.102500 0.102500
1 0.476250 0.616250 0.102500 0.102500
4 0.678750 0.728750 0.102500 0.102500
2 0.101250 0.496250 0.102500 0.102500
4 0.438750 0.683750 0.102500 0.102500
4 0.506250 0.721250 0.102500 0.102500
4 0.708750 0.833750 0.102500 0.102500
