0 0.170000 0.347500 0.065000 0.065000
4 0.400000 0.390000 0.065000 0.065000
1 0.515000 0.410000 0.065000 0.065000
4 0.570000 0.422500 0.065000 0.065000
2 0.685000 0.442500 0.065000 0.065000
2 0.800000 0.462500 0.065000 0.065000
1 0.560000 0.477500 0.065000 0.065000
1 0.732500 0.510000 0.065000 0.065000
4 0.902500 0.542500 0.065000 0.065000
0 0.150000 0.462500 0.065000 0.065000
1 0.265000 0.482500 0.065000 0.065000
1 0.435000 0.515000 0.065000 0.065000
3 0.492500 0.525000 0.065000 0.065000
4 0.607500 0.547500 0.065000 0.065000
0 0.777500 0.577500 0.065000 0.065000
2 0.835000 0.587500 0.065000 0.065000
4 0.310000 0.550000 0.065000 0.065000
0 0.597500 0.602500 0.065000 0.065000
1 0.652500 0.615000 0.065000 0.065000
4 0.710000 0.625000 0.065000 0.065000
3 0.882500 0.655000 0.065000 0.065000
