4 0.236250 0.191250 0.097500 0.097500
0 0.308750 0.218750 0.097500 0.097500
4 0.603750 0.328750 0.097500 0.097500
1 0.676250 0.356250 0.097500 0.097500
1 0.501250 0.373750 0.097500 0.097500
2 0.576250 0.401250 0.097500 0.097500
4 0.648750 0.428750 0.097500 0.097500
0 0.181250 0.338750 0.097500 0.097500
4 0.253750 0.366250 0.097500 0.097500
3 0.401250 0.421250 0.097500 0.097500
1 0.841250 0.583750 0.097500 0.097500
4 0.373750 0.493750 0.097500 0.097500
1 0.448750 0.521250 0.097500 0.097500
4 0.521250 0.548750 0.097500 0.097500
1 0.668750 0.603750 0.097500 0.097500
3 0.126250 0.486250 0.097500 0.097500
1 0.493750 0.621250 0.097500 0.097500
1 0.641250 0.676250 0.097500 0.097500
2 0.788750 0.731250 0.097500 0.097500
4 0.171250 0.586250 0.097500 0.097500
0 0.318750 0.641250 0.097500 0.097500
1 0.613750 0.748750 0.097500 0.097500
