1 0.597500 0.392500 0.065000 0.065000
0 0.655000 0.382500 0.065000 0.065000
4 0.712500 0.372500 0.065000 0.065000
1 0.770000 0.362500 0.065000 0.065000
4 0.827500 0.352500 0.065000 0.065000
4 0.147500 0.527500 0.065000 0.065000
4 0.205000 0.517500 0.065000 0.065000
0 0.435000 0.477500 0.065000 0.065000
0 0.492500 0.467500 0.065000 0.065000
4 0.780000 0.420000 0.065000 0.065000
1 0.100000 0.592500 0.065000 0.065000
4 0.157500 0.585000 0.065000 0.065000
4 0.330000 0.555000 0.065000 0.065000
1 0.560000 0.515000 0.065000 0.065000
2 0.617500 0.507500 0.065000 0.065000
4 0.675000 0.497500 0.065000 0.065000
4 0.787500 0.477500 0.065000 0.065000
1 0.845000 0.467500 0.065000 0.065000
0 0.167500 0.642500 0.065000 0.065000
1 0.225000 0.632500 0.065000 0.065000
4 0.282500 0.622500 0.065000 0.065000
4 0.340000 0.612500 0.065000 0.065000
1 0.855000 0.525000 0.065000 0.065000
1 0.912500 0.515000 0.065000 0.065000
