4 0.087500 0.585000 0.075000 0.075000
1 0.195000 0.537500 0.075000 0.075000
2 0.302500 0.490000 0.075000 0.075000
4 0.355000 0.465000 0.075000 0.075000
4 0.410000 0.442500 0.075000 0.075000
0 0.570000 0.370000 0.075000 0.075000
1 0.622500 0.347500 0.075000 0.075000
4 0.730000 0.297500 0.075000 0.075000
1 0.110000 0.637500 0.075000 0.075000
4 0.165000 0.615000 0.075000 0.075000
1 0.272500 0.567500 0.075000 0.075000
0 0.325000 0.542500 0.075000 0.075000
4 0.540000 0.447500 0.075000 0.075000
4 0.807500 0.327500 0.075000 0.075000
4 0.187500 0.667500 0.075000 0.075000
4 0.295000 0.620000 0.075000 0.075000
4 0.350000 0.597500 0.075000 0.075000
4 0.402500 0.572500 0.075000 0.075000
4 0.562500 0.500000 0.075000 0.075000
1 0.670000 0.452500 0.075000 0.075000
4 0.725000 0.430000 0.075000 0.075000
4 0.777500 0.405000 0.075000 0.075000
4 0.832500 0.382500 0.075000 0.075000
1 0.885000 0.357500 0.075000 0.075000
2 0.212500 0.722500 0.075000 0.075000
0 0.372500 0.650000 0.075000 0.075000
4 0.535000 0.577500 0.075000 0.075000
4 0.587500 0.555000 0.075000 0.075000
2 0.855000 0.435000 0.075000 0.075000
