4 0.115000 0.260000 0.090000 0.090000
1 0.202500 0.265000 0.090000 0.090000
2 0.290000 0.270000 0.090000 0.090000
1 0.552500 0.282500 0.090000 0.090000
1 0.727500 0.292500 0.090000 0.090000
2 0.900000 0.300000 0.090000 0.090000
1 0.112500 0.347500 0.090000 0.090000
1 0.200000 0.352500 0.090000 0.090000
1 0.285000 0.357500 0.090000 0.090000
4 0.372500 0.360000 0.090000 0.090000
0 0.460000 0.365000 0.090000 0.090000
1 0.547500 0.370000 0.090000 0.090000
4 0.722500 0.380000 0.090000 0.090000
0 0.810000 0.382500 0.090000 0.090000
1 0.282500 0.445000 0.090000 0.090000
2 0.370000 0.447500 0.090000 0.090000
0 0.630000 0.462500 0.090000 0.090000
4 0.805000 0.470000 0.090000 0.090000
4 0.452500 0.540000 0.090000 0.090000
3 0.540000 0.545000 0.090000 0.090000
1 0.625000 0.550000 0.090000 0.090000
4 0.712500 0.552500 0.090000 0.090000
3 0.097500 0.610000 0.090000 0.090000
4 0.185000 0.615000 0.090000 0.090000
1 0.535000 0.632500 0.090000 0.090000
4 0.707500 0.640000 0.090000 0.090000
1 0.882500 0.650000 0.090000 0.090000
4 0.095000 0.697500 0.090000 0.090000
4 0.442500 0.715000 0.090000 0.090000
1 0.617500 0.722500 0.090000 0.090000
0 0.877500 0.737500 0.090000 0.090000
