4 0.252500 0.262500 0.085000 0.085000
4 0.317500 0.285000 0.085000 0.085000
2 0.642500 0.402500 0.085000 0.085000
2 0.707500 0.425000 0.085000 0.085000
0 0.162500 0.302500 0.085000 0.085000
1 0.292500 0.350000 0.085000 0.085000
1 0.357500 0.375000 0.085000 0.085000
2 0.487500 0.420000 0.085000 0.085000
4 0.880000 0.562500 0.085000 0.085000
1 0.140000 0.367500 0.085000 0.085000
4 0.205000 0.392500 0.085000 0.085000
0 0.270000 0.415000 0.085000 0.085000
1 0.465000 0.485000 0.085000 0.085000
1 0.530000 0.510000 0.085000 0.085000
3 0.595000 0.532500 0.085000 0.085000
4 0.855000 0.627500 0.085000 0.085000
1 0.180000 0.457500 0.085000 0.085000
4 0.247500 0.480000 0.085000 0.085000
4 0.377500 0.527500 0.085000 0.085000
4 0.442500 0.550000 0.085000 0.085000
4 0.702500 0.645000 0.085000 0.085000
1 0.832500 0.692500 0.085000 0.085000
4 0.092500 0.497500 0.085000 0.085000
1 0.157500 0.522500 0.085000 0.085000
0 0.222500 0.545000 0.085000 0.085000
4 0.612500 0.687500 0.085000 0.085000
4 0.742500 0.732500 0.085000 0.085000
4 0.810000 0.757500 0.085000 0.085000
