1 0.195000 0.470000 0.065000 0.065000
1 0.252500 0.457500 0.065000 0.065000
1 0.480000 0.410000 0.065000 0.065000
1 0.537500 0.400000 0.065000 0.065000
1 0.592500 0.387500 0.065000 0.065000
3 0.765000 0.352500 0.065000 0.065000
1 0.820000 0.340000 0.065000 0.065000
1 0.877500 0.330000 0.065000 0.065000
1 0.095000 0.550000 0.065000 0.065000
2 0.377500 0.492500 0.065000 0.065000
2 0.547500 0.455000 0.065000 0.065000
4 0.720000 0.420000 0.065000 0.065000
1 0.775000 0.410000 0.065000 0.065000
4 0.832500 0.397500 0.065000 0.065000
1 0.105000 0.607500 0.065000 0.065000
1 0.220000 0.582500 0.065000 0.065000
1 0.390000 0.547500 0.065000 0.065000
2 0.502500 0.525000 0.065000 0.065000
3 0.560000 0.512500 0.065000 0.065000
4 0.675000 0.490000 0.065000 0.065000
1 0.730000 0.477500 0.065000 0.065000
4 0.230000 0.640000 0.065000 0.065000
4 0.287500 0.627500 0.065000 0.065000
1 0.457500 0.592500 0.065000 0.065000
3 0.515000 0.582500 0.065000 0.065000
1 0.572500 0.570000 0.065000 0.065000
1 0.685000 0.547500 0.065000 0.065000
0 0.742500 0.535000 0.065000 0.065000
4 0.912500 0.500000 0.065000 0.065000
