4 0.098750 0.426250 0.097500 0.097500
2 0.246250 0.373750 0.097500 0.097500
4 0.396250 0.323750 0.097500 0.097500
1 0.471250 0.298750 0.097500 0.097500
4 0.198750 0.473750 0.097500 0.097500
4 0.271250 0.448750 0.097500 0.097500
1 0.421250 0.398750 0.097500 0.097500
1 0.646250 0.321250 0.097500 0.097500
0 0.718750 0.296250 0.097500 0.097500
2 0.148750 0.573750 0.097500 0.097500
4 0.521250 0.446250 0.097500 0.097500
1 0.671250 0.396250 0.097500 0.097500
4 0.818750 0.346250 0.097500 0.097500
4 0.248750 0.623750 0.097500 0.097500
0 0.621250 0.496250 0.097500 0.097500
1 0.846250 0.418750 0.097500 0.097500
2 0.348750 0.673750 0.097500 0.097500
4 0.423750 0.646250 0.097500 0.097500
1 0.498750 0.621250 0.097500 0.097500
1 0.721250 0.546250 0.097500 0.097500
0 0.796250 0.518750 0.097500 0.097500
4 0.871250 0.493750 0.097500 0.097500
0 0.226250 0.798750 0.097500 0.097500
0 0.373750 0.746250 0.097500 0.097500
4 0.523750 0.696250 0.097500 0.097500
1 0.746250 0.618750 0.097500 0.097500
1 0.821250 0.593750 0.097500 0.097500
