1 0.215000 0.265000 0.075000 0.075000
4 0.267500 0.292500 0.075000 0.075000
1 0.322500 0.317500 0.075000 0.075000
4 0.427500 0.367500 0.075000 0.075000
1 0.640000 0.467500 0.075000 0.075000
4 0.747500 0.520000 0.075000 0.075000
0 0.800000 0.545000 0.075000 0.075000
4 0.907500 0.595000 0.075000 0.075000
1 0.242500 0.345000 0.075000 0.075000
4 0.297500 0.370000 0.075000 0.075000
2 0.402500 0.420000 0.075000 0.075000
1 0.562500 0.497500 0.075000 0.075000
0 0.667500 0.547500 0.075000 0.075000
3 0.882500 0.647500 0.075000 0.075000
2 0.112500 0.347500 0.075000 0.075000
4 0.165000 0.372500 0.075000 0.075000
4 0.217500 0.397500 0.075000 0.075000
2 0.325000 0.447500 0.075000 0.075000
2 0.377500 0.472500 0.075000 0.075000
4 0.430000 0.500000 0.075000 0.075000
1 0.085000 0.400000 0.075000 0.075000
2 0.192500 0.450000 0.075000 0.075000
4 0.245000 0.475000 0.075000 0.075000
2 0.300000 0.502500 0.075000 0.075000
4 0.617500 0.652500 0.075000 0.075000
1 0.670000 0.677500 0.075000 0.075000
2 0.725000 0.705000 0.075000 0.075000
4 0.777500 0.730000 0.075000 0.075000
