1 0.181250 0.333750 0.067500 0.067500
1 0.236250 0.346250 0.067500 0.067500
1 0.461250 0.401250 0.067500 0.067500
2 0.518750 0.413750 0.067500 0.067500
4 0.631250 0.441250 0.067500 0.067500
4 0.111250 0.376250 0.067500 0.067500
4 0.166250 0.388750 0.067500 0.067500
2 0.448750 0.456250 0.067500 0.067500
1 0.618750 0.496250 0.067500 0.067500
0 0.898750 0.563750 0.067500 0.067500
1 0.096250 0.431250 0.067500 0.067500
4 0.208750 0.458750 0.067500 0.067500
1 0.266250 0.471250 0.067500 0.067500
0 0.603750 0.553750 0.067500 0.067500
4 0.828750 0.606250 0.067500 0.067500
4 0.886250 0.621250 0.067500 0.067500
3 0.138750 0.501250 0.067500 0.067500
2 0.253750 0.528750 0.067500 0.067500
1 0.308750 0.541250 0.067500 0.067500
4 0.366250 0.556250 0.067500 0.067500
4 0.816250 0.663750 0.067500 0.067500
4 0.871250 0.676250 0.067500 0.067500
