1 0.107500 0.322500 0.075000 0.075000
4 0.252500 0.332500 0.075000 0.075000
3 0.325000 0.340000 0.075000 0.075000
1 0.397500 0.345000 0.075000 0.075000
2 0.617500 0.360000 0.075000 0.075000
2 0.690000 0.367500 0.075000 0.075000
2 0.907500 0.382500 0.075000 0.075000
1 0.175000 0.400000 0.075000 0.075000
1 0.247500 0.405000 0.075000 0.075000
2 0.320000 0.412500 0.075000 0.075000
4 0.465000 0.422500 0.075000 0.075000
4 0.537500 0.427500 0.075000 0.075000
3 0.610000 0.432500 0.075000 0.075000
4 0.682500 0.440000 0.075000 0.075000
4 0.757500 0.445000 0.075000 0.075000
4 0.902500 0.455000 0.075000 0.075000
1 0.097500 0.467500 0.075000 0.075000
4 0.170000 0.472500 0.075000 0.075000
1 0.242500 0.477500 0.075000 0.075000
4 0.460000 0.495000 0.075000 0.075000
1 0.605000 0.505000 0.075000 0.075000
2 0.092500 0.540000 0.075000 0.075000
1 0.310000 0.557500 0.075000 0.075000
4 0.382500 0.562500 0.075000 0.075000
2 0.455000 0.567500 0.075000 0.075000
3 0.157500 0.617500 0.075000 0.075000
1 0.232500 0.622500 0.075000 0.075000
1 0.740000 0.662500 0.075000 0.075000
