1 0.080000 0.477500 0.065000 0.065000
1 0.482500 0.410000 0.065000 0.065000
1 0.540000 0.402500 0.065000 0.065000
1 0.827500 0.355000 0.065000 0.065000
4 0.377500 0.487500 0.065000 0.065000
4 0.435000 0.477500 0.065000 0.065000
3 0.550000 0.460000 0.065000 0.065000
1 0.665000 0.440000 0.065000 0.065000
0 0.722500 0.430000 0.065000 0.065000
4 0.837500 0.412500 0.065000 0.065000
0 0.895000 0.402500 0.065000 0.065000
3 0.157500 0.582500 0.065000 0.065000
1 0.330000 0.555000 0.065000 0.065000
1 0.445000 0.535000 0.065000 0.065000
0 0.502500 0.525000 0.065000 0.065000
4 0.560000 0.517500 0.065000 0.065000
1 0.675000 0.497500 0.065000 0.065000
4 0.732500 0.487500 0.065000 0.065000
4 0.905000 0.460000 0.065000 0.065000
1 0.167500 0.640000 0.065000 0.065000
1 0.397500 0.602500 0.065000 0.065000
3 0.455000 0.592500 0.065000 0.065000
3 0.625000 0.565000 0.065000 0.065000
