4 0.090000 0.630000 0.080000 0.080000
1 0.142500 0.600000 0.080000 0.080000
3 0.245000 0.540000 0.080000 0.080000
4 0.452500 0.420000 0.080000 0.080000
0 0.557500 0.360000 0.080000 0.080000
1 0.662500 0.300000 0.080000 0.080000
0 0.712500 0.270000 0.080000 0.080000
4 0.817500 0.212500 0.080000 0.080000
2 0.172500 0.652500 0.080000 0.080000
1 0.640000 0.382500 0.080000 0.080000
1 0.692500 0.352500 0.080000 0.080000
1 0.742500 0.322500 0.080000 0.080000
4 0.847500 0.262500 0.080000 0.080000
0 0.150000 0.732500 0.080000 0.080000
4 0.252500 0.675000 0.080000 0.080000
4 0.512500 0.525000 0.080000 0.080000
4 0.565000 0.495000 0.080000 0.080000
1 0.670000 0.435000 0.080000 0.080000
4 0.772500 0.375000 0.080000 0.080000
1 0.595000 0.547500 0.080000 0.080000
1 0.647500 0.517500 0.080000 0.080000
4 0.750000 0.457500 0.080000 0.080000
