4 0.217500 0.292500 0.080000 0.080000
3 0.287500 0.307500 0.080000 0.080000
4 0.425000 0.337500 0.080000 0.080000
4 0.492500 0.352500 0.080000 0.080000
1 0.562500 0.367500 0.080000 0.080000
4 0.630000 0.380000 0.080000 0.080000
0 0.700000 0.395000 0.080000 0.080000
1 0.767500 0.410000 0.080000 0.080000
2 0.837500 0.425000 0.080000 0.080000
4 0.340000 0.390000 0.080000 0.080000
2 0.410000 0.405000 0.080000 0.080000
4 0.615000 0.450000 0.080000 0.080000
1 0.807500 0.562500 0.080000 0.080000
1 0.105000 0.485000 0.080000 0.080000
1 0.585000 0.587500 0.080000 0.080000
4 0.090000 0.552500 0.080000 0.080000
0 0.297500 0.597500 0.080000 0.080000
2 0.365000 0.612500 0.080000 0.080000
2 0.435000 0.627500 0.080000 0.080000
1 0.710000 0.685000 0.080000 0.080000
