0 0.296250 0.301250 0.082500 0.082500
0 0.363750 0.318750 0.082500 0.082500
1 0.431250 0.336250 0.082500 0.082500
4 0.498750 0.353750 0.082500 0.082500
1 0.566250 0.371250 0.082500 0.082500
0 0.633750 0.388750 0.082500 0.082500
1 0.768750 0.426250 0.082500 0.082500
1 0.836250 0.443750 0.082500 0.082500
1 0.903750 0.461250 0.082500 0.082500
2 0.211250 0.351250 0.082500 0.082500
4 0.278750 0.368750 0.082500 0.082500
1 0.548750 0.438750 0.082500 0.082500
4 0.616250 0.456250 0.082500 0.082500
0 0.683750 0.476250 0.082500 0.082500
2 0.886250 0.528750 0.082500 0.082500
4 0.126250 0.401250 0.082500 0.082500
0 0.261250 0.436250 0.082500 0.082500
4 0.328750 0.453750 0.082500 0.082500
1 0.463750 0.488750 0.082500 0.082500
4 0.733750 0.561250 0.082500 0.082500
4 0.176250 0.486250 0.082500 0.082500
0 0.378750 0.538750 0.082500 0.082500
1 0.446250 0.556250 0.082500 0.082500
4 0.716250 0.628750 0.082500 0.082500
2 0.088750 0.536250 0.082500 0.082500
0 0.156250 0.553750 0.082500 0.082500
4 0.291250 0.588750 0.082500 0.082500
3 0.358750 0.606250 0.082500 0.082500
4 0.493750 0.641250 0.082500 0.082500
2 0.763750 0.713750 0.082500 0.082500
