1 0.325000 0.210000 0.100000 0.100000
1 0.537500 0.302500 0.100000 0.100000
3 0.680000 0.365000 0.100000 0.100000
4 0.825000 0.425000 0.100000 0.100000
4 0.292500 0.282500 0.100000 0.100000
4 0.435000 0.345000 0.100000 0.100000
0 0.477500 0.445000 0.100000 0.100000
4 0.692500 0.537500 0.100000 0.100000
4 0.762500 0.570000 0.100000 0.100000
4 0.232500 0.425000 0.100000 0.100000
4 0.375000 0.487500 0.100000 0.100000
2 0.130000 0.467500 0.100000 0.100000
4 0.345000 0.557500 0.100000 0.100000
1 0.557500 0.650000 0.100000 0.100000
2 0.630000 0.680000 0.100000 0.100000
2 0.702500 0.712500 0.100000 0.100000
4 0.312500 0.630000 0.100000 0.100000
4 0.527500 0.722500 0.100000 0.100000
0 0.670000 0.782500 0.100000 0.100000
