2 0.100000 0.465000 0.100000 0.100000
1 0.382500 0.337500 0.100000 0.100000
4 0.455000 0.305000 0.100000 0.100000
1 0.525000 0.272500 0.100000 0.100000
4 0.202500 0.505000 0.100000 0.100000
4 0.415000 0.407500 0.100000 0.100000
4 0.485000 0.375000 0.100000 0.100000
1 0.627500 0.312500 0.100000 0.100000
4 0.165000 0.607500 0.100000 0.100000
4 0.235000 0.575000 0.100000 0.100000
4 0.447500 0.480000 0.100000 0.100000
4 0.587500 0.415000 0.100000 0.100000
4 0.660000 0.382500 0.100000 0.100000
1 0.730000 0.350000 0.100000 0.100000
3 0.480000 0.550000 0.100000 0.100000
4 0.550000 0.517500 0.100000 0.100000
0 0.370000 0.685000 0.100000 0.100000
4 0.582500 0.587500 0.100000 0.100000
4 0.330000 0.787500 0.100000 0.100000
3 0.472500 0.722500 0.100000 0.100000
4 0.612500 0.660000 0.100000 0.100000
1 0.685000 0.627500 0.100000 0.100000
1 0.825000 0.562500 0.100000 0.100000
1 0.897500 0.532500 0.100000 0.100000
