1 0.171250 0.403750 0.097500 0.097500
3 0.321250 0.351250 0.097500 0.097500
1 0.393750 0.323750 0.097500 0.097500
2 0.616250 0.246250 0.097500 0.097500
3 0.421250 0.398750 0.097500 0.097500
1 0.791250 0.268750 0.097500 0.097500
3 0.148750 0.576250 0.097500 0.097500
0 0.373750 0.498750 0.097500 0.097500
2 0.446250 0.473750 0.097500 0.097500
1 0.596250 0.421250 0.097500 0.097500
0 0.176250 0.651250 0.097500 0.097500
2 0.398750 0.573750 0.097500 0.097500
4 0.696250 0.468750 0.097500 0.097500
1 0.768750 0.443750 0.097500 0.097500
1 0.423750 0.646250 0.097500 0.097500
3 0.498750 0.621250 0.097500 0.097500
3 0.573750 0.596250 0.097500 0.097500
3 0.303750 0.773750 0.097500 0.097500
1 0.376250 0.748750 0.097500 0.097500
