4 0.255000 0.427500 0.060000 0.060000
1 0.430000 0.415000 0.060000 0.060000
4 0.547500 0.405000 0.060000 0.060000
4 0.782500 0.387500 0.060000 0.060000
0 0.900000 0.377500 0.060000 0.060000
1 0.260000 0.487500 0.060000 0.060000
3 0.317500 0.482500 0.060000 0.060000
2 0.612500 0.460000 0.060000 0.060000
1 0.670000 0.455000 0.060000 0.060000
1 0.905000 0.435000 0.060000 0.060000
1 0.205000 0.550000 0.060000 0.060000
2 0.322500 0.540000 0.060000 0.060000
3 0.380000 0.535000 0.060000 0.060000
4 0.440000 0.532500 0.060000 0.060000
4 0.497500 0.527500 0.060000 0.060000
3 0.557500 0.522500 0.060000 0.060000
3 0.732500 0.507500 0.060000 0.060000
2 0.850000 0.500000 0.060000 0.060000
1 0.327500 0.600000 0.060000 0.060000
3 0.620000 0.577500 0.060000 0.060000
0 0.855000 0.557500 0.060000 0.060000
