3 0.096250 0.373750 0.062500 0.062500
3 0.446250 0.406250 0.062500 0.062500
2 0.563750 0.416250 0.062500 0.062500
4 0.621250 0.421250 0.062500 0.062500
4 0.798750 0.436250 0.062500 0.062500
1 0.916250 0.446250 0.062500 0.062500
4 0.091250 0.433750 0.062500 0.062500
4 0.148750 0.438750 0.062500 0.062500
1 0.323750 0.453750 0.062500 0.062500
2 0.383750 0.458750 0.062500 0.062500
4 0.498750 0.468750 0.062500 0.062500
2 0.616250 0.478750 0.062500 0.062500
4 0.733750 0.491250 0.062500 0.062500
3 0.851250 0.501250 0.062500 0.062500
4 0.201250 0.501250 0.062500 0.062500
1 0.671250 0.543750 0.062500 0.062500
1 0.728750 0.548750 0.062500 0.062500
0 0.903750 0.563750 0.062500 0.062500
2 0.371250 0.576250 0.062500 0.062500
4 0.841250 0.618750 0.062500 0.062500
