4 0.368750 0.251250 0.097500 0.097500
4 0.821250 0.393750 0.097500 0.097500
4 0.571250 0.396250 0.097500 0.097500
4 0.721250 0.443750 0.097500 0.097500
1 0.798750 0.468750 0.097500 0.097500
2 0.546250 0.473750 0.097500 0.097500
1 0.623750 0.496250 0.097500 0.097500
3 0.296250 0.476250 0.097500 0.097500
3 0.673750 0.596250 0.097500 0.097500
1 0.826250 0.643750 0.097500 0.097500
4 0.196250 0.528750 0.097500 0.097500
1 0.348750 0.576250 0.097500 0.097500
4 0.248750 0.628750 0.097500 0.097500
2 0.323750 0.651250 0.097500 0.097500
4 0.401250 0.676250 0.097500 0.097500
1 0.551250 0.723750 0.097500 0.097500
