2 0.091250 0.341250 0.072500 0.072500
4 0.163750 0.341250 0.072500 0.072500
3 0.238750 0.343750 0.072500 0.072500
4 0.388750 0.346250 0.072500 0.072500
3 0.461250 0.346250 0.072500 0.072500
3 0.536250 0.348750 0.072500 0.072500
1 0.611250 0.348750 0.072500 0.072500
1 0.833750 0.353750 0.072500 0.072500
2 0.088750 0.413750 0.072500 0.072500
2 0.386250 0.421250 0.072500 0.072500
1 0.461250 0.421250 0.072500 0.072500
2 0.758750 0.426250 0.072500 0.072500
0 0.088750 0.488750 0.072500 0.072500
3 0.161250 0.491250 0.072500 0.072500
0 0.311250 0.493750 0.072500 0.072500
2 0.681250 0.498750 0.072500 0.072500
0 0.233750 0.566250 0.072500 0.072500
4 0.531250 0.571250 0.072500 0.072500
1 0.606250 0.573750 0.072500 0.072500
4 0.756250 0.576250 0.072500 0.072500
3 0.828750 0.576250 0.072500 0.072500
4 0.308750 0.641250 0.072500 0.072500
4 0.381250 0.643750 0.072500 0.072500
4 0.531250 0.646250 0.072500 0.072500
3 0.606250 0.646250 0.072500 0.072500
4 0.828750 0.651250 0.072500 0.072500
