2 0.157500 0.420000 0.080000 0.080000
1 0.297500 0.392500 0.080000 0.080000
4 0.572500 0.337500 0.080000 0.080000
2 0.102500 0.502500 0.080000 0.080000
4 0.172500 0.487500 0.080000 0.080000
2 0.240000 0.475000 0.080000 0.080000
3 0.310000 0.462500 0.080000 0.080000
4 0.447500 0.435000 0.080000 0.080000
4 0.517500 0.420000 0.080000 0.080000
0 0.725000 0.380000 0.080000 0.080000
0 0.795000 0.367500 0.080000 0.080000
4 0.865000 0.352500 0.080000 0.080000
4 0.185000 0.557500 0.080000 0.080000
4 0.532500 0.490000 0.080000 0.080000
1 0.740000 0.450000 0.080000 0.080000
3 0.877500 0.422500 0.080000 0.080000
2 0.197500 0.627500 0.080000 0.080000
4 0.267500 0.612500 0.080000 0.080000
4 0.475000 0.572500 0.080000 0.080000
2 0.615000 0.545000 0.080000 0.080000
1 0.682500 0.532500 0.080000 0.080000
4 0.822500 0.505000 0.080000 0.080000
1 0.892500 0.490000 0.080000 0.080000
1 0.420000 0.655000 0.080000 0.080000
4 0.490000 0.642500 0.080000 0.080000
0 0.627500 0.615000 0.080000 0.080000
4 0.697500 0.602500 0.080000 0.080000
2 0.767500 0.587500 0.080000 0.080000
