0 0.158750 0.353750 0.072500 0.072500
0 0.308750 0.351250 0.072500 0.072500
4 0.381250 0.351250 0.072500 0.072500
2 0.678750 0.343750 0.072500 0.072500
4 0.753750 0.343750 0.072500 0.072500
1 0.828750 0.341250 0.072500 0.072500
2 0.161250 0.428750 0.072500 0.072500
1 0.233750 0.428750 0.072500 0.072500
4 0.531250 0.421250 0.072500 0.072500
4 0.606250 0.418750 0.072500 0.072500
0 0.903750 0.413750 0.072500 0.072500
2 0.236250 0.501250 0.072500 0.072500
4 0.386250 0.498750 0.072500 0.072500
1 0.533750 0.496250 0.072500 0.072500
1 0.681250 0.493750 0.072500 0.072500
0 0.906250 0.488750 0.072500 0.072500
4 0.088750 0.578750 0.072500 0.072500
4 0.163750 0.578750 0.072500 0.072500
1 0.311250 0.573750 0.072500 0.072500
2 0.461250 0.571250 0.072500 0.072500
0 0.831250 0.563750 0.072500 0.072500
1 0.091250 0.653750 0.072500 0.072500
0 0.388750 0.646250 0.072500 0.072500
4 0.461250 0.646250 0.072500 0.072500
4 0.536250 0.643750 0.072500 0.072500
2 0.611250 0.643750 0.072500 0.072500
4 0.686250 0.641250 0.072500 0.072500
4 0.758750 0.638750 0.072500 0.072500
