1 0.091250 0.466250 0.082500 0.082500
1 0.158750 0.448750 0.082500 0.082500
1 0.226250 0.428750 0.082500 0.082500
3 0.426250 0.371250 0.082500 0.082500
1 0.493750 0.353750 0.082500 0.082500
4 0.561250 0.333750 0.082500 0.082500
1 0.626250 0.316250 0.082500 0.082500
1 0.243750 0.496250 0.082500 0.082500
4 0.378750 0.458750 0.082500 0.082500
1 0.446250 0.438750 0.082500 0.082500
4 0.578750 0.401250 0.082500 0.082500
1 0.781250 0.343750 0.082500 0.082500
4 0.846250 0.326250 0.082500 0.082500
0 0.128750 0.601250 0.082500 0.082500
4 0.196250 0.581250 0.082500 0.082500
1 0.263750 0.563750 0.082500 0.082500
0 0.598750 0.468750 0.082500 0.082500
3 0.666250 0.448750 0.082500 0.082500
3 0.731250 0.431250 0.082500 0.082500
1 0.798750 0.411250 0.082500 0.082500
2 0.148750 0.668750 0.082500 0.082500
3 0.551250 0.553750 0.082500 0.082500
0 0.886250 0.458750 0.082500 0.082500
1 0.166250 0.733750 0.082500 0.082500
4 0.368750 0.678750 0.082500 0.082500
4 0.501250 0.638750 0.082500 0.082500
1 0.568750 0.621250 0.082500 0.082500
3 0.703750 0.583750 0.082500 0.082500
