1 0.217500 0.202500 0.090000 0.090000
1 0.342500 0.265000 0.090000 0.090000
1 0.187500 0.262500 0.090000 0.090000
0 0.310000 0.325000 0.090000 0.090000
2 0.435000 0.387500 0.090000 0.090000
4 0.497500 0.420000 0.090000 0.090000
1 0.620000 0.482500 0.090000 0.090000
0 0.745000 0.545000 0.090000 0.090000
0 0.155000 0.325000 0.090000 0.090000
1 0.527500 0.512500 0.090000 0.090000
1 0.590000 0.542500 0.090000 0.090000
1 0.837500 0.667500 0.090000 0.090000
2 0.187500 0.417500 0.090000 0.090000
1 0.250000 0.450000 0.090000 0.090000
4 0.435000 0.542500 0.090000 0.090000
1 0.497500 0.575000 0.090000 0.090000
4 0.557500 0.605000 0.090000 0.090000
1 0.745000 0.700000 0.090000 0.090000
0 0.280000 0.542500 0.090000 0.090000
4 0.402500 0.605000 0.090000 0.090000
3 0.590000 0.697500 0.090000 0.090000
1 0.775000 0.792500 0.090000 0.090000
