1 0.145000 0.242500 0.090000 0.090000
4 0.312500 0.262500 0.090000 0.090000
4 0.647500 0.300000 0.090000 0.090000
4 0.732500 0.310000 0.090000 0.090000
4 0.135000 0.327500 0.090000 0.090000
1 0.385000 0.355000 0.090000 0.090000
1 0.722500 0.395000 0.090000 0.090000
3 0.890000 0.415000 0.090000 0.090000
0 0.292500 0.430000 0.090000 0.090000
4 0.377500 0.440000 0.090000 0.090000
2 0.460000 0.450000 0.090000 0.090000
4 0.545000 0.460000 0.090000 0.090000
4 0.712500 0.477500 0.090000 0.090000
0 0.115000 0.495000 0.090000 0.090000
3 0.197500 0.505000 0.090000 0.090000
4 0.282500 0.515000 0.090000 0.090000
0 0.367500 0.525000 0.090000 0.090000
0 0.450000 0.532500 0.090000 0.090000
4 0.702500 0.562500 0.090000 0.090000
1 0.357500 0.607500 0.090000 0.090000
4 0.525000 0.627500 0.090000 0.090000
4 0.610000 0.637500 0.090000 0.090000
4 0.692500 0.647500 0.090000 0.090000
2 0.860000 0.667500 0.090000 0.090000
2 0.262500 0.682500 0.090000 0.090000
1 0.430000 0.702500 0.090000 0.090000
4 0.515000 0.712500 0.090000 0.090000
4 0.600000 0.720000 0.090000 0.090000
0 0.767500 0.740000 0.090000 0.090000
2 0.852500 0.750000 0.090000 0.090000
