0 0.223750 0.198750 0.097500 0.097500
0 0.373750 0.248750 0.097500 0.097500
4 0.448750 0.273750 0.097500 0.097500
2 0.523750 0.298750 0.097500 0.097500
4 0.673750 0.348750 0.097500 0.097500
1 0.748750 0.373750 0.097500 0.097500
1 0.898750 0.421250 0.097500 0.097500
1 0.573750 0.398750 0.097500 0.097500
0 0.648750 0.423750 0.097500 0.097500
1 0.398750 0.423750 0.097500 0.097500
1 0.473750 0.448750 0.097500 0.097500
2 0.698750 0.523750 0.097500 0.097500
0 0.773750 0.546250 0.097500 0.097500
0 0.848750 0.571250 0.097500 0.097500
0 0.148750 0.423750 0.097500 0.097500
4 0.223750 0.448750 0.097500 0.097500
4 0.298750 0.473750 0.097500 0.097500
4 0.448750 0.523750 0.097500 0.097500
4 0.523750 0.548750 0.097500 0.097500
4 0.598750 0.573750 0.097500 0.097500
4 0.198750 0.523750 0.097500 0.097500
4 0.423750 0.598750 0.097500 0.097500
4 0.498750 0.623750 0.097500 0.097500
0 0.798750 0.721250 0.097500 0.097500
2 0.173750 0.598750 0.097500 0.097500
2 0.248750 0.623750 0.097500 0.097500
4 0.323750 0.648750 0.097500 0.097500
0 0.473750 0.698750 0.097500 0.097500
4 0.548750 0.723750 0.097500 0.097500
1 0.698750 0.773750 0.097500 0.097500
