4 0.138750 0.536250 0.072500 0.072500
4 0.193750 0.516250 0.072500 0.072500
2 0.576250 0.373750 0.072500 0.072500
4 0.631250 0.353750 0.072500 0.072500
4 0.738750 0.313750 0.072500 0.072500
0 0.848750 0.273750 0.072500 0.072500
2 0.106250 0.611250 0.072500 0.072500
4 0.158750 0.591250 0.072500 0.072500
1 0.213750 0.571250 0.072500 0.072500
1 0.651250 0.408750 0.072500 0.072500
0 0.706250 0.388750 0.072500 0.072500
4 0.758750 0.368750 0.072500 0.072500
4 0.868750 0.328750 0.072500 0.072500
0 0.178750 0.646250 0.072500 0.072500
4 0.233750 0.626250 0.072500 0.072500
4 0.506250 0.523750 0.072500 0.072500
1 0.778750 0.423750 0.072500 0.072500
4 0.888750 0.383750 0.072500 0.072500
4 0.146250 0.721250 0.072500 0.072500
3 0.253750 0.678750 0.072500 0.072500
2 0.308750 0.658750 0.072500 0.072500
2 0.363750 0.638750 0.072500 0.072500
4 0.473750 0.598750 0.072500 0.072500
4 0.526250 0.578750 0.072500 0.072500
2 0.636250 0.538750 0.072500 0.072500
4 0.801250 0.478750 0.072500 0.072500
3 0.853750 0.456250 0.072500 0.072500
4 0.908750 0.436250 0.072500 0.072500
