3 0.093750 0.276250 0.087500 0.087500
4 0.273750 0.276250 0.087500 0.087500
1 0.361250 0.273750 0.087500 0.087500
4 0.451250 0.273750 0.087500 0.087500
2 0.541250 0.273750 0.087500 0.087500
3 0.631250 0.271250 0.087500 0.087500
3 0.093750 0.366250 0.087500 0.087500
1 0.273750 0.363750 0.087500 0.087500
1 0.363750 0.363750 0.087500 0.087500
3 0.541250 0.361250 0.087500 0.087500
1 0.721250 0.361250 0.087500 0.087500
2 0.898750 0.358750 0.087500 0.087500
0 0.273750 0.453750 0.087500 0.087500
4 0.631250 0.451250 0.087500 0.087500
4 0.721250 0.451250 0.087500 0.087500
4 0.811250 0.448750 0.087500 0.087500
1 0.901250 0.448750 0.087500 0.087500
4 0.453750 0.541250 0.087500 0.087500
4 0.543750 0.541250 0.087500 0.087500
4 0.901250 0.538750 0.087500 0.087500
4 0.543750 0.631250 0.087500 0.087500
4 0.098750 0.723750 0.087500 0.087500
1 0.276250 0.721250 0.087500 0.087500
2 0.813750 0.718750 0.087500 0.087500
4 0.901250 0.716250 0.087500 0.087500
