1 0.098750 0.448750 0.097500 0.097500
2 0.171250 0.418750 0.097500 0.097500
1 0.243750 0.388750 0.097500 0.097500
0 0.316250 0.358750 0.097500 0.097500
2 0.461250 0.301250 0.097500 0.097500
0 0.531250 0.271250 0.097500 0.097500
2 0.603750 0.241250 0.097500 0.097500
4 0.128750 0.521250 0.097500 0.097500
4 0.273750 0.461250 0.097500 0.097500
0 0.346250 0.431250 0.097500 0.097500
2 0.561250 0.343750 0.097500 0.097500
2 0.706250 0.286250 0.097500 0.097500
4 0.778750 0.256250 0.097500 0.097500
2 0.518750 0.446250 0.097500 0.097500
4 0.591250 0.416250 0.097500 0.097500
4 0.663750 0.386250 0.097500 0.097500
1 0.186250 0.663750 0.097500 0.097500
4 0.331250 0.606250 0.097500 0.097500
4 0.621250 0.488750 0.097500 0.097500
2 0.693750 0.458750 0.097500 0.097500
1 0.288750 0.708750 0.097500 0.097500
2 0.361250 0.678750 0.097500 0.097500
4 0.506250 0.618750 0.097500 0.097500
0 0.793750 0.501250 0.097500 0.097500
0 0.866250 0.471250 0.097500 0.097500
2 0.318750 0.778750 0.097500 0.097500
2 0.391250 0.751250 0.097500 0.097500
2 0.463750 0.721250 0.097500 0.097500
1 0.533750 0.691250 0.097500 0.097500
1 0.896250 0.543750 0.097500 0.097500
