1 0.092500 0.482500 0.085000 0.085000
1 0.157500 0.462500 0.085000 0.085000
3 0.222500 0.440000 0.085000 0.085000
0 0.420000 0.375000 0.085000 0.085000
1 0.487500 0.355000 0.085000 0.085000
3 0.620000 0.312500 0.085000 0.085000
1 0.112500 0.550000 0.085000 0.085000
3 0.377500 0.462500 0.085000 0.085000
3 0.442500 0.442500 0.085000 0.085000
4 0.507500 0.420000 0.085000 0.085000
2 0.640000 0.377500 0.085000 0.085000
4 0.707500 0.355000 0.085000 0.085000
2 0.200000 0.592500 0.085000 0.085000
1 0.530000 0.487500 0.085000 0.085000
3 0.662500 0.442500 0.085000 0.085000
1 0.727500 0.422500 0.085000 0.085000
1 0.795000 0.400000 0.085000 0.085000
4 0.860000 0.380000 0.085000 0.085000
4 0.420000 0.595000 0.085000 0.085000
0 0.617500 0.530000 0.085000 0.085000
3 0.815000 0.467500 0.085000 0.085000
3 0.882500 0.445000 0.085000 0.085000
4 0.177500 0.747500 0.085000 0.085000
1 0.572500 0.617500 0.085000 0.085000
3 0.640000 0.597500 0.085000 0.085000
4 0.705000 0.575000 0.085000 0.085000
0 0.770000 0.555000 0.085000 0.085000
