4 0.093750 0.338750 0.072500 0.072500
0 0.316250 0.343750 0.072500 0.072500
1 0.538750 0.351250 0.072500 0.072500
3 0.761250 0.356250 0.072500 0.072500
2 0.908750 0.358750 0.072500 0.072500
2 0.091250 0.413750 0.072500 0.072500
2 0.388750 0.421250 0.072500 0.072500
2 0.461250 0.423750 0.072500 0.072500
3 0.536250 0.423750 0.072500 0.072500
0 0.758750 0.428750 0.072500 0.072500
2 0.833750 0.431250 0.072500 0.072500
4 0.906250 0.433750 0.072500 0.072500
4 0.311250 0.493750 0.072500 0.072500
1 0.386250 0.493750 0.072500 0.072500
4 0.533750 0.498750 0.072500 0.072500
1 0.608750 0.501250 0.072500 0.072500
1 0.683750 0.501250 0.072500 0.072500
2 0.756250 0.503750 0.072500 0.072500
1 0.311250 0.566250 0.072500 0.072500
4 0.458750 0.571250 0.072500 0.072500
4 0.533750 0.573750 0.072500 0.072500
4 0.681250 0.576250 0.072500 0.072500
4 0.756250 0.578750 0.072500 0.072500
4 0.086250 0.636250 0.072500 0.072500
4 0.606250 0.648750 0.072500 0.072500
2 0.678750 0.651250 0.072500 0.072500
4 0.753750 0.651250 0.072500 0.072500
