4 0.348750 0.408750 0.087500 0.087500
1 0.413750 0.383750 0.087500 0.087500
2 0.733750 0.253750 0.087500 0.087500
2 0.503750 0.421250 0.087500 0.087500
0 0.146250 0.641250 0.087500 0.087500
2 0.338750 0.563750 0.087500 0.087500
0 0.401250 0.536250 0.087500 0.087500
0 0.593750 0.458750 0.087500 0.087500
4 0.851250 0.353750 0.087500 0.087500
0 0.171250 0.706250 0.087500 0.087500
1 0.236250 0.678750 0.087500 0.087500
0 0.428750 0.601250 0.087500 0.087500
0 0.491250 0.576250 0.087500 0.087500
1 0.621250 0.523750 0.087500 0.087500
1 0.748750 0.471250 0.087500 0.087500
4 0.876250 0.418750 0.087500 0.087500
1 0.198750 0.768750 0.087500 0.087500
1 0.903750 0.483750 0.087500 0.087500
