4 0.243750 0.386250 0.097500 0.097500
2 0.388750 0.328750 0.097500 0.097500
4 0.533750 0.271250 0.097500 0.097500
1 0.606250 0.243750 0.097500 0.097500
2 0.753750 0.186250 0.097500 0.097500
1 0.346250 0.431250 0.097500 0.097500
4 0.563750 0.343750 0.097500 0.097500
2 0.636250 0.316250 0.097500 0.097500
2 0.781250 0.258750 0.097500 0.097500
4 0.156250 0.588750 0.097500 0.097500
4 0.301250 0.531250 0.097500 0.097500
2 0.518750 0.446250 0.097500 0.097500
0 0.663750 0.388750 0.097500 0.097500
0 0.811250 0.331250 0.097500 0.097500
1 0.186250 0.661250 0.097500 0.097500
1 0.331250 0.603750 0.097500 0.097500
4 0.403750 0.576250 0.097500 0.097500
1 0.548750 0.518750 0.097500 0.097500
2 0.358750 0.676250 0.097500 0.097500
1 0.431250 0.648750 0.097500 0.097500
2 0.648750 0.561250 0.097500 0.097500
0 0.721250 0.533750 0.097500 0.097500
0 0.793750 0.503750 0.097500 0.097500
2 0.316250 0.778750 0.097500 0.097500
4 0.461250 0.721250 0.097500 0.097500
4 0.533750 0.691250 0.097500 0.097500
4 0.606250 0.663750 0.097500 0.097500
0 0.678750 0.633750 0.097500 0.097500
1 0.751250 0.606250 0.097500 0.097500
