2 0.140000 0.422500 0.060000 0.060000
4 0.435000 0.410000 0.060000 0.060000
0 0.732500 0.397500 0.060000 0.060000
2 0.790000 0.395000 0.060000 0.060000
3 0.850000 0.392500 0.060000 0.060000
4 0.082500 0.485000 0.060000 0.060000
2 0.260000 0.477500 0.060000 0.060000
1 0.320000 0.475000 0.060000 0.060000
0 0.377500 0.472500 0.060000 0.060000
4 0.437500 0.470000 0.060000 0.060000
4 0.497500 0.467500 0.060000 0.060000
1 0.557500 0.465000 0.060000 0.060000
2 0.735000 0.457500 0.060000 0.060000
4 0.085000 0.545000 0.060000 0.060000
1 0.262500 0.537500 0.060000 0.060000
2 0.322500 0.535000 0.060000 0.060000
1 0.440000 0.530000 0.060000 0.060000
4 0.560000 0.525000 0.060000 0.060000
0 0.855000 0.512500 0.060000 0.060000
1 0.087500 0.602500 0.060000 0.060000
2 0.265000 0.595000 0.060000 0.060000
4 0.382500 0.590000 0.060000 0.060000
4 0.442500 0.587500 0.060000 0.060000
0 0.502500 0.585000 0.060000 0.060000
1 0.562500 0.582500 0.060000 0.060000
1 0.680000 0.580000 0.060000 0.060000
