1 0.278750 0.166250 0.102500 0.102500
3 0.483750 0.273750 0.102500 0.102500
4 0.621250 0.343750 0.102500 0.102500
2 0.688750 0.381250 0.102500 0.102500
4 0.893750 0.488750 0.102500 0.102500
4 0.243750 0.233750 0.102500 0.102500
3 0.311250 0.268750 0.102500 0.102500
1 0.381250 0.306250 0.102500 0.102500
2 0.653750 0.448750 0.102500 0.102500
0 0.721250 0.483750 0.102500 0.102500
4 0.791250 0.521250 0.102500 0.102500
2 0.858750 0.556250 0.102500 0.102500
4 0.208750 0.301250 0.102500 0.102500
2 0.618750 0.516250 0.102500 0.102500
4 0.686250 0.553750 0.102500 0.102500
2 0.753750 0.588750 0.102500 0.102500
4 0.823750 0.626250 0.102500 0.102500
1 0.446250 0.513750 0.102500 0.102500
1 0.513750 0.548750 0.102500 0.102500
2 0.718750 0.656250 0.102500 0.102500
4 0.203750 0.473750 0.102500 0.102500
4 0.273750 0.511250 0.102500 0.102500
3 0.408750 0.581250 0.102500 0.102500
3 0.546250 0.653750 0.102500 0.102500
0 0.683750 0.726250 0.102500 0.102500
0 0.306250 0.613750 0.102500 0.102500
1 0.373750 0.651250 0.102500 0.102500
