1 0.645000 0.292500 0.090000 0.090000
1 0.207500 0.345000 0.090000 0.090000
2 0.380000 0.357500 0.090000 0.090000
3 0.465000 0.365000 0.090000 0.090000
1 0.552500 0.372500 0.090000 0.090000
1 0.637500 0.377500 0.090000 0.090000
1 0.722500 0.385000 0.090000 0.090000
1 0.895000 0.397500 0.090000 0.090000
4 0.200000 0.430000 0.090000 0.090000
3 0.372500 0.445000 0.090000 0.090000
4 0.457500 0.450000 0.090000 0.090000
2 0.887500 0.485000 0.090000 0.090000
1 0.107500 0.510000 0.090000 0.090000
1 0.880000 0.570000 0.090000 0.090000
1 0.102500 0.595000 0.090000 0.090000
4 0.530000 0.630000 0.090000 0.090000
3 0.617500 0.635000 0.090000 0.090000
3 0.787500 0.650000 0.090000 0.090000
1 0.875000 0.655000 0.090000 0.090000
4 0.180000 0.687500 0.090000 0.090000
1 0.525000 0.715000 0.090000 0.090000
