1 0.121250 0.323750 0.067500 0.067500
1 0.403750 0.386250 0.067500 0.067500
1 0.461250 0.398750 0.067500 0.067500
1 0.573750 0.423750 0.067500 0.067500
4 0.743750 0.463750 0.067500 0.067500
1 0.801250 0.476250 0.067500 0.067500
3 0.913750 0.501250 0.067500 0.067500
1 0.166250 0.393750 0.067500 0.067500
2 0.448750 0.456250 0.067500 0.067500
2 0.673750 0.506250 0.067500 0.067500
4 0.788750 0.531250 0.067500 0.067500
2 0.843750 0.543750 0.067500 0.067500
4 0.901250 0.556250 0.067500 0.067500
1 0.266250 0.476250 0.067500 0.067500
3 0.491250 0.526250 0.067500 0.067500
1 0.548750 0.538750 0.067500 0.067500
2 0.661250 0.563750 0.067500 0.067500
4 0.831250 0.601250 0.067500 0.067500
3 0.888750 0.613750 0.067500 0.067500
4 0.141250 0.506250 0.067500 0.067500
1 0.308750 0.543750 0.067500 0.067500
3 0.536250 0.593750 0.067500 0.067500
2 0.648750 0.618750 0.067500 0.067500
4 0.763750 0.646250 0.067500 0.067500
