4 0.227500 0.357500 0.065000 0.065000
4 0.285000 0.367500 0.065000 0.065000
3 0.742500 0.455000 0.065000 0.065000
4 0.800000 0.465000 0.065000 0.065000
4 0.102500 0.392500 0.065000 0.065000
1 0.275000 0.425000 0.065000 0.065000
2 0.332500 0.435000 0.065000 0.065000
1 0.390000 0.447500 0.065000 0.065000
1 0.445000 0.457500 0.065000 0.065000
1 0.560000 0.480000 0.065000 0.065000
2 0.617500 0.490000 0.065000 0.065000
1 0.675000 0.500000 0.065000 0.065000
1 0.732500 0.510000 0.065000 0.065000
4 0.787500 0.522500 0.065000 0.065000
1 0.845000 0.532500 0.065000 0.065000
3 0.435000 0.515000 0.065000 0.065000
1 0.607500 0.547500 0.065000 0.065000
1 0.720000 0.567500 0.065000 0.065000
1 0.140000 0.517500 0.065000 0.065000
4 0.540000 0.592500 0.065000 0.065000
1 0.710000 0.625000 0.065000 0.065000
