4 0.472500 0.350000 0.075000 0.075000
0 0.545000 0.355000 0.075000 0.075000
1 0.617500 0.360000 0.075000 0.075000
1 0.320000 0.412500 0.075000 0.075000
4 0.395000 0.417500 0.075000 0.075000
2 0.540000 0.427500 0.075000 0.075000
4 0.757500 0.442500 0.075000 0.075000
4 0.902500 0.455000 0.075000 0.075000
3 0.170000 0.475000 0.075000 0.075000
4 0.535000 0.500000 0.075000 0.075000
1 0.165000 0.547500 0.075000 0.075000
1 0.382500 0.562500 0.075000 0.075000
4 0.457500 0.567500 0.075000 0.075000
4 0.602500 0.577500 0.075000 0.075000
4 0.747500 0.590000 0.075000 0.075000
4 0.160000 0.620000 0.075000 0.075000
4 0.377500 0.635000 0.075000 0.075000
3 0.450000 0.640000 0.075000 0.075000
1 0.597500 0.650000 0.075000 0.075000
4 0.670000 0.657500 0.075000 0.075000
4 0.742500 0.662500 0.075000 0.075000
1 0.887500 0.672500 0.075000 0.075000
