4 0.252500 0.350000 0.095000 0.095000
4 0.410000 0.312500 0.095000 0.095000
4 0.117500 0.467500 0.095000 0.095000
4 0.195000 0.450000 0.095000 0.095000
4 0.662500 0.330000 0.095000 0.095000
4 0.450000 0.467500 0.095000 0.095000
4 0.527500 0.447500 0.095000 0.095000
4 0.312500 0.585000 0.095000 0.095000
2 0.470000 0.545000 0.095000 0.095000
1 0.547500 0.525000 0.095000 0.095000
1 0.625000 0.507500 0.095000 0.095000
1 0.702500 0.487500 0.095000 0.095000
0 0.332500 0.662500 0.095000 0.095000
4 0.567500 0.605000 0.095000 0.095000
0 0.645000 0.585000 0.095000 0.095000
4 0.800000 0.545000 0.095000 0.095000
4 0.195000 0.780000 0.095000 0.095000
2 0.742500 0.642500 0.095000 0.095000
2 0.820000 0.622500 0.095000 0.095000
