0 0.087500 0.372500 0.075000 0.075000
1 0.160000 0.367500 0.075000 0.075000
3 0.527500 0.347500 0.075000 0.075000
3 0.600000 0.345000 0.075000 0.075000
4 0.820000 0.332500 0.075000 0.075000
1 0.090000 0.445000 0.075000 0.075000
4 0.385000 0.430000 0.075000 0.075000
1 0.457500 0.425000 0.075000 0.075000
4 0.605000 0.417500 0.075000 0.075000
4 0.677500 0.415000 0.075000 0.075000
4 0.750000 0.410000 0.075000 0.075000
1 0.825000 0.407500 0.075000 0.075000
1 0.897500 0.402500 0.075000 0.075000
1 0.167500 0.515000 0.075000 0.075000
0 0.242500 0.510000 0.075000 0.075000
0 0.462500 0.500000 0.075000 0.075000
4 0.607500 0.492500 0.075000 0.075000
4 0.902500 0.475000 0.075000 0.075000
4 0.100000 0.592500 0.075000 0.075000
3 0.245000 0.582500 0.075000 0.075000
4 0.540000 0.567500 0.075000 0.075000
2 0.760000 0.557500 0.075000 0.075000
1 0.905000 0.550000 0.075000 0.075000
3 0.175000 0.660000 0.075000 0.075000
4 0.250000 0.657500 0.075000 0.075000
4 0.542500 0.642500 0.075000 0.075000
2 0.690000 0.635000 0.075000 0.075000
2 0.762500 0.630000 0.075000 0.075000
1 0.910000 0.622500 0.075000 0.075000
