0 0.271250 0.278750 0.087500 0.087500
2 0.448750 0.276250 0.087500 0.087500
2 0.538750 0.273750 0.087500 0.087500
1 0.716250 0.271250 0.087500 0.087500
4 0.803750 0.268750 0.087500 0.087500
4 0.893750 0.266250 0.087500 0.087500
1 0.096250 0.371250 0.087500 0.087500
4 0.183750 0.368750 0.087500 0.087500
1 0.628750 0.361250 0.087500 0.087500
4 0.718750 0.358750 0.087500 0.087500
2 0.096250 0.458750 0.087500 0.087500
1 0.363750 0.453750 0.087500 0.087500
1 0.541250 0.451250 0.087500 0.087500
1 0.808750 0.446250 0.087500 0.087500
1 0.896250 0.443750 0.087500 0.087500
2 0.098750 0.548750 0.087500 0.087500
3 0.453750 0.541250 0.087500 0.087500
1 0.278750 0.633750 0.087500 0.087500
1 0.543750 0.628750 0.087500 0.087500
1 0.633750 0.628750 0.087500 0.087500
1 0.723750 0.626250 0.087500 0.087500
4 0.901250 0.623750 0.087500 0.087500
