4 0.117500 0.257500 0.090000 0.090000
4 0.205000 0.262500 0.090000 0.090000
1 0.292500 0.267500 0.090000 0.090000
4 0.552500 0.282500 0.090000 0.090000
4 0.640000 0.287500 0.090000 0.090000
1 0.815000 0.297500 0.090000 0.090000
1 0.112500 0.345000 0.090000 0.090000
4 0.200000 0.350000 0.090000 0.090000
1 0.460000 0.365000 0.090000 0.090000
1 0.282500 0.442500 0.090000 0.090000
2 0.370000 0.447500 0.090000 0.090000
4 0.542500 0.455000 0.090000 0.090000
1 0.892500 0.475000 0.090000 0.090000
4 0.190000 0.525000 0.090000 0.090000
4 0.452500 0.537500 0.090000 0.090000
3 0.712500 0.552500 0.090000 0.090000
4 0.887500 0.562500 0.090000 0.090000
4 0.097500 0.607500 0.090000 0.090000
1 0.272500 0.615000 0.090000 0.090000
1 0.360000 0.620000 0.090000 0.090000
1 0.620000 0.635000 0.090000 0.090000
2 0.092500 0.692500 0.090000 0.090000
1 0.180000 0.697500 0.090000 0.090000
2 0.267500 0.702500 0.090000 0.090000
4 0.355000 0.707500 0.090000 0.090000
2 0.442500 0.712500 0.090000 0.090000
1 0.530000 0.717500 0.090000 0.090000
0 0.615000 0.722500 0.090000 0.090000
4 0.877500 0.737500 0.090000 0.090000
