0 0.300000 0.265000 0.090000 0.090000
4 0.387500 0.272500 0.090000 0.090000
3 0.730000 0.300000 0.090000 0.090000
1 0.815000 0.305000 0.090000 0.090000
1 0.295000 0.352500 0.090000 0.090000
1 0.465000 0.365000 0.090000 0.090000
4 0.552500 0.372500 0.090000 0.090000
2 0.637500 0.377500 0.090000 0.090000
4 0.287500 0.437500 0.090000 0.090000
4 0.372500 0.445000 0.090000 0.090000
2 0.457500 0.450000 0.090000 0.090000
4 0.545000 0.457500 0.090000 0.090000
2 0.802500 0.477500 0.090000 0.090000
4 0.365000 0.530000 0.090000 0.090000
4 0.452500 0.537500 0.090000 0.090000
4 0.537500 0.542500 0.090000 0.090000
4 0.622500 0.550000 0.090000 0.090000
4 0.880000 0.570000 0.090000 0.090000
4 0.102500 0.595000 0.090000 0.090000
4 0.272500 0.610000 0.090000 0.090000
2 0.445000 0.622500 0.090000 0.090000
4 0.530000 0.630000 0.090000 0.090000
0 0.787500 0.650000 0.090000 0.090000
4 0.437500 0.707500 0.090000 0.090000
1 0.695000 0.727500 0.090000 0.090000
3 0.867500 0.742500 0.090000 0.090000
