0 0.400000 0.242500 0.100000 0.100000
3 0.472500 0.272500 0.100000 0.100000
4 0.542500 0.305000 0.100000 0.100000
4 0.755000 0.400000 0.100000 0.100000
4 0.825000 0.432500 0.100000 0.100000
2 0.227500 0.250000 0.100000 0.100000
3 0.297500 0.280000 0.100000 0.100000
0 0.440000 0.345000 0.100000 0.100000
4 0.510000 0.375000 0.100000 0.100000
4 0.582500 0.407500 0.100000 0.100000
4 0.652500 0.440000 0.100000 0.100000
1 0.722500 0.472500 0.100000 0.100000
2 0.267500 0.352500 0.100000 0.100000
1 0.337500 0.382500 0.100000 0.100000
2 0.407500 0.415000 0.100000 0.100000
1 0.480000 0.447500 0.100000 0.100000
4 0.550000 0.480000 0.100000 0.100000
4 0.762500 0.575000 0.100000 0.100000
0 0.832500 0.605000 0.100000 0.100000
0 0.587500 0.582500 0.100000 0.100000
2 0.660000 0.612500 0.100000 0.100000
1 0.800000 0.677500 0.100000 0.100000
1 0.132500 0.460000 0.100000 0.100000
4 0.202500 0.492500 0.100000 0.100000
1 0.415000 0.587500 0.100000 0.100000
1 0.627500 0.685000 0.100000 0.100000
1 0.770000 0.747500 0.100000 0.100000
2 0.100000 0.532500 0.100000 0.100000
3 0.170000 0.565000 0.100000 0.100000
2 0.382500 0.660000 0.100000 0.100000
4 0.525000 0.722500 0.100000 0.100000
2 0.667500 0.787500 0.100000 0.100000
1 0.737500 0.817500 0.100000 0.100000
