1 0.085000 0.532500 0.070000 0.070000
4 0.140000 0.515000 0.070000 0.070000
0 0.195000 0.497500 0.070000 0.070000
1 0.307500 0.465000 0.070000 0.070000
1 0.362500 0.447500 0.070000 0.070000
2 0.417500 0.430000 0.070000 0.070000
4 0.582500 0.380000 0.070000 0.070000
1 0.750000 0.330000 0.070000 0.070000
1 0.157500 0.570000 0.070000 0.070000
1 0.322500 0.520000 0.070000 0.070000
4 0.380000 0.502500 0.070000 0.070000
2 0.600000 0.435000 0.070000 0.070000
4 0.767500 0.385000 0.070000 0.070000
3 0.822500 0.367500 0.070000 0.070000
4 0.877500 0.350000 0.070000 0.070000
4 0.175000 0.625000 0.070000 0.070000
1 0.340000 0.575000 0.070000 0.070000
2 0.507500 0.525000 0.070000 0.070000
4 0.562500 0.507500 0.070000 0.070000
1 0.672500 0.475000 0.070000 0.070000
1 0.840000 0.422500 0.070000 0.070000
1 0.135000 0.697500 0.070000 0.070000
2 0.247500 0.665000 0.070000 0.070000
2 0.357500 0.630000 0.070000 0.070000
1 0.467500 0.597500 0.070000 0.070000
0 0.522500 0.580000 0.070000 0.070000
4 0.635000 0.545000 0.070000 0.070000
1 0.855000 0.477500 0.070000 0.070000
