4 0.168750 0.231250 0.092500 0.092500
4 0.573750 0.301250 0.092500 0.092500
1 0.656250 0.316250 0.092500 0.092500
4 0.818750 0.343750 0.092500 0.092500
4 0.153750 0.311250 0.092500 0.092500
3 0.478750 0.368750 0.092500 0.092500
1 0.723750 0.411250 0.092500 0.092500
2 0.886250 0.441250 0.092500 0.092500
4 0.138750 0.393750 0.092500 0.092500
4 0.301250 0.421250 0.092500 0.092500
1 0.463750 0.451250 0.092500 0.092500
4 0.546250 0.463750 0.092500 0.092500
1 0.626250 0.478750 0.092500 0.092500
4 0.708750 0.493750 0.092500 0.092500
4 0.788750 0.506250 0.092500 0.092500
1 0.871250 0.521250 0.092500 0.092500
1 0.206250 0.488750 0.092500 0.092500
2 0.288750 0.503750 0.092500 0.092500
0 0.451250 0.531250 0.092500 0.092500
4 0.531250 0.546250 0.092500 0.092500
1 0.776250 0.588750 0.092500 0.092500
4 0.856250 0.603750 0.092500 0.092500
2 0.436250 0.613750 0.092500 0.092500
0 0.516250 0.626250 0.092500 0.092500
2 0.598750 0.641250 0.092500 0.092500
1 0.678750 0.656250 0.092500 0.092500
1 0.096250 0.636250 0.092500 0.092500
1 0.178750 0.651250 0.092500 0.092500
3 0.258750 0.666250 0.092500 0.092500
4 0.746250 0.751250 0.092500 0.092500
2 0.828750 0.766250 0.092500 0.092500
