4 0.331250 0.393750 0.062500 0.062500
2 0.506250 0.411250 0.062500 0.062500
4 0.623750 0.421250 0.062500 0.062500
3 0.681250 0.426250 0.062500 0.062500
0 0.741250 0.431250 0.062500 0.062500
1 0.091250 0.431250 0.062500 0.062500
1 0.151250 0.436250 0.062500 0.062500
2 0.208750 0.443750 0.062500 0.062500
4 0.266250 0.448750 0.062500 0.062500
4 0.443750 0.463750 0.062500 0.062500
2 0.501250 0.468750 0.062500 0.062500
0 0.736250 0.491250 0.062500 0.062500
2 0.793750 0.496250 0.062500 0.062500
2 0.203750 0.501250 0.062500 0.062500
1 0.378750 0.516250 0.062500 0.062500
2 0.436250 0.521250 0.062500 0.062500
4 0.496250 0.528750 0.062500 0.062500
3 0.613750 0.538750 0.062500 0.062500
1 0.671250 0.543750 0.062500 0.062500
1 0.846250 0.561250 0.062500 0.062500
4 0.906250 0.566250 0.062500 0.062500
4 0.138750 0.553750 0.062500 0.062500
0 0.198750 0.558750 0.062500 0.062500
4 0.313750 0.571250 0.062500 0.062500
4 0.373750 0.576250 0.062500 0.062500
4 0.548750 0.591250 0.062500 0.062500
4 0.841250 0.618750 0.062500 0.062500
