4 0.140000 0.517500 0.070000 0.070000
0 0.195000 0.500000 0.070000 0.070000
4 0.362500 0.447500 0.070000 0.070000
4 0.472500 0.415000 0.070000 0.070000
1 0.527500 0.397500 0.070000 0.070000
0 0.692500 0.345000 0.070000 0.070000
0 0.747500 0.327500 0.070000 0.070000
2 0.805000 0.310000 0.070000 0.070000
1 0.860000 0.292500 0.070000 0.070000
4 0.102500 0.590000 0.070000 0.070000
4 0.435000 0.487500 0.070000 0.070000
1 0.490000 0.470000 0.070000 0.070000
1 0.600000 0.435000 0.070000 0.070000
3 0.655000 0.417500 0.070000 0.070000
3 0.710000 0.400000 0.070000 0.070000
4 0.765000 0.382500 0.070000 0.070000
4 0.877500 0.347500 0.070000 0.070000
1 0.120000 0.645000 0.070000 0.070000
2 0.175000 0.627500 0.070000 0.070000
1 0.562500 0.507500 0.070000 0.070000
1 0.672500 0.472500 0.070000 0.070000
4 0.727500 0.455000 0.070000 0.070000
2 0.837500 0.420000 0.070000 0.070000
4 0.895000 0.402500 0.070000 0.070000
3 0.137500 0.700000 0.070000 0.070000
2 0.192500 0.682500 0.070000 0.070000
1 0.247500 0.665000 0.070000 0.070000
0 0.412500 0.615000 0.070000 0.070000
4 0.580000 0.562500 0.070000 0.070000
4 0.635000 0.545000 0.070000 0.070000
4 0.745000 0.510000 0.070000 0.070000
