4 0.378750 0.338750 0.077500 0.077500
0 0.588750 0.446250 0.077500 0.077500
1 0.696250 0.498750 0.077500 0.077500
4 0.748750 0.526250 0.077500 0.077500
4 0.801250 0.551250 0.077500 0.077500
4 0.853750 0.578750 0.077500 0.077500
4 0.906250 0.603750 0.077500 0.077500
1 0.193750 0.313750 0.077500 0.077500
4 0.458750 0.446250 0.077500 0.077500
1 0.511250 0.471250 0.077500 0.077500
1 0.881250 0.658750 0.077500 0.077500
3 0.218750 0.391250 0.077500 0.077500
2 0.326250 0.446250 0.077500 0.077500
4 0.378750 0.471250 0.077500 0.077500
4 0.483750 0.523750 0.077500 0.077500
4 0.536250 0.551250 0.077500 0.077500
2 0.748750 0.658750 0.077500 0.077500
0 0.086250 0.391250 0.077500 0.077500
1 0.246250 0.471250 0.077500 0.077500
4 0.351250 0.523750 0.077500 0.077500
1 0.668750 0.683750 0.077500 0.077500
0 0.773750 0.736250 0.077500 0.077500
0 0.826250 0.763750 0.077500 0.077500
