0 0.236250 0.248750 0.092500 0.092500
0 0.318750 0.261250 0.092500 0.092500
4 0.401250 0.273750 0.092500 0.092500
1 0.568750 0.296250 0.092500 0.092500
1 0.651250 0.306250 0.092500 0.092500
1 0.733750 0.318750 0.092500 0.092500
4 0.141250 0.321250 0.092500 0.092500
1 0.391250 0.356250 0.092500 0.092500
2 0.473750 0.366250 0.092500 0.092500
0 0.803750 0.413750 0.092500 0.092500
1 0.296250 0.426250 0.092500 0.092500
4 0.378750 0.438750 0.092500 0.092500
1 0.461250 0.451250 0.092500 0.092500
4 0.543750 0.461250 0.092500 0.092500
4 0.711250 0.483750 0.092500 0.092500
1 0.118750 0.486250 0.092500 0.092500
4 0.781250 0.578750 0.092500 0.092500
1 0.863750 0.591250 0.092500 0.092500
1 0.106250 0.571250 0.092500 0.092500
4 0.356250 0.603750 0.092500 0.092500
0 0.438750 0.616250 0.092500 0.092500
4 0.521250 0.626250 0.092500 0.092500
1 0.771250 0.661250 0.092500 0.092500
4 0.853750 0.673750 0.092500 0.092500
2 0.343750 0.686250 0.092500 0.092500
0 0.426250 0.698750 0.092500 0.092500
4 0.511250 0.711250 0.092500 0.092500
4 0.676250 0.733750 0.092500 0.092500
2 0.758750 0.743750 0.092500 0.092500
