1 0.081250 0.451250 0.062500 0.062500
0 0.138750 0.443750 0.062500 0.062500
4 0.198750 0.438750 0.062500 0.062500
1 0.373750 0.421250 0.062500 0.062500
4 0.431250 0.416250 0.062500 0.062500
2 0.781250 0.383750 0.062500 0.062500
4 0.841250 0.376250 0.062500 0.062500
3 0.321250 0.486250 0.062500 0.062500
4 0.553750 0.463750 0.062500 0.062500
0 0.671250 0.451250 0.062500 0.062500
1 0.903750 0.428750 0.062500 0.062500
1 0.326250 0.543750 0.062500 0.062500
4 0.383750 0.538750 0.062500 0.062500
4 0.618750 0.516250 0.062500 0.062500
4 0.911250 0.488750 0.062500 0.062500
4 0.098750 0.626250 0.062500 0.062500
3 0.273750 0.608750 0.062500 0.062500
4 0.331250 0.603750 0.062500 0.062500
4 0.506250 0.586250 0.062500 0.062500
4 0.623750 0.573750 0.062500 0.062500
3 0.798750 0.558750 0.062500 0.062500
