4 0.168750 0.228750 0.092500 0.092500
1 0.251250 0.243750 0.092500 0.092500
0 0.331250 0.258750 0.092500 0.092500
0 0.493750 0.288750 0.092500 0.092500
1 0.573750 0.301250 0.092500 0.092500
2 0.736250 0.331250 0.092500 0.092500
0 0.898750 0.361250 0.092500 0.092500
0 0.236250 0.326250 0.092500 0.092500
2 0.398750 0.353750 0.092500 0.092500
2 0.478750 0.368750 0.092500 0.092500
1 0.561250 0.383750 0.092500 0.092500
4 0.723750 0.413750 0.092500 0.092500
4 0.463750 0.451250 0.092500 0.092500
4 0.626250 0.478750 0.092500 0.092500
1 0.708750 0.493750 0.092500 0.092500
2 0.788750 0.508750 0.092500 0.092500
1 0.871250 0.523750 0.092500 0.092500
1 0.126250 0.473750 0.092500 0.092500
2 0.451250 0.531250 0.092500 0.092500
1 0.611250 0.561250 0.092500 0.092500
4 0.773750 0.588750 0.092500 0.092500
1 0.856250 0.603750 0.092500 0.092500
4 0.111250 0.553750 0.092500 0.092500
4 0.353750 0.598750 0.092500 0.092500
4 0.436250 0.611250 0.092500 0.092500
4 0.516250 0.626250 0.092500 0.092500
2 0.678750 0.656250 0.092500 0.092500
4 0.841250 0.686250 0.092500 0.092500
2 0.096250 0.636250 0.092500 0.092500
1 0.583750 0.723750 0.092500 0.092500
4 0.663750 0.736250 0.092500 0.092500
