4 0.263750 0.328750 0.077500 0.077500
0 0.336250 0.336250 0.077500 0.077500
4 0.406250 0.343750 0.077500 0.077500
1 0.548750 0.358750 0.077500 0.077500
2 0.621250 0.366250 0.077500 0.077500
4 0.693750 0.373750 0.077500 0.077500
1 0.763750 0.383750 0.077500 0.077500
1 0.256250 0.398750 0.077500 0.077500
1 0.398750 0.416250 0.077500 0.077500
1 0.471250 0.423750 0.077500 0.077500
3 0.686250 0.446250 0.077500 0.077500
1 0.828750 0.461250 0.077500 0.077500
0 0.176250 0.463750 0.077500 0.077500
4 0.391250 0.486250 0.077500 0.077500
1 0.533750 0.501250 0.077500 0.077500
1 0.606250 0.511250 0.077500 0.077500
4 0.748750 0.526250 0.077500 0.077500
1 0.891250 0.541250 0.077500 0.077500
4 0.238750 0.543750 0.077500 0.077500
4 0.311250 0.551250 0.077500 0.077500
3 0.383750 0.558750 0.077500 0.077500
1 0.526250 0.573750 0.077500 0.077500
4 0.668750 0.588750 0.077500 0.077500
3 0.231250 0.613750 0.077500 0.077500
1 0.376250 0.628750 0.077500 0.077500
4 0.591250 0.653750 0.077500 0.077500
1 0.733750 0.668750 0.077500 0.077500
3 0.806250 0.676250 0.077500 0.077500
