2 0.207500 0.205000 0.095000 0.095000
2 0.360000 0.250000 0.095000 0.095000
0 0.437500 0.272500 0.095000 0.095000
4 0.515000 0.295000 0.095000 0.095000
1 0.590000 0.315000 0.095000 0.095000
1 0.667500 0.337500 0.095000 0.095000
1 0.742500 0.360000 0.095000 0.095000
1 0.820000 0.382500 0.095000 0.095000
4 0.897500 0.405000 0.095000 0.095000
4 0.185000 0.282500 0.095000 0.095000
2 0.262500 0.305000 0.095000 0.095000
2 0.337500 0.325000 0.095000 0.095000
0 0.415000 0.347500 0.095000 0.095000
4 0.567500 0.392500 0.095000 0.095000
2 0.875000 0.482500 0.095000 0.095000
4 0.240000 0.380000 0.095000 0.095000
4 0.315000 0.402500 0.095000 0.095000
0 0.470000 0.447500 0.095000 0.095000
3 0.700000 0.515000 0.095000 0.095000
1 0.217500 0.457500 0.095000 0.095000
2 0.370000 0.502500 0.095000 0.095000
4 0.447500 0.522500 0.095000 0.095000
4 0.522500 0.545000 0.095000 0.095000
4 0.830000 0.635000 0.095000 0.095000
1 0.272500 0.555000 0.095000 0.095000
4 0.347500 0.577500 0.095000 0.095000
4 0.425000 0.600000 0.095000 0.095000
4 0.577500 0.645000 0.095000 0.095000
0 0.807500 0.712500 0.095000 0.095000
4 0.250000 0.632500 0.095000 0.095000
1 0.402500 0.677500 0.095000 0.095000
4 0.555000 0.720000 0.095000 0.095000
