3 0.217500 0.487500 0.090000 0.090000
2 0.277500 0.455000 0.090000 0.090000
4 0.400000 0.390000 0.090000 0.090000
2 0.462500 0.357500 0.090000 0.090000
2 0.585000 0.292500 0.090000 0.090000
2 0.310000 0.517500 0.090000 0.090000
1 0.372500 0.485000 0.090000 0.090000
4 0.495000 0.417500 0.090000 0.090000
4 0.800000 0.255000 0.090000 0.090000
4 0.160000 0.677500 0.090000 0.090000
2 0.282500 0.610000 0.090000 0.090000
2 0.465000 0.512500 0.090000 0.090000
4 0.587500 0.447500 0.090000 0.090000
2 0.252500 0.705000 0.090000 0.090000
1 0.375000 0.640000 0.090000 0.090000
4 0.437500 0.607500 0.090000 0.090000
4 0.742500 0.442500 0.090000 0.090000
1 0.805000 0.410000 0.090000 0.090000
2 0.865000 0.377500 0.090000 0.090000
4 0.285000 0.765000 0.090000 0.090000
3 0.407500 0.700000 0.090000 0.090000
1 0.470000 0.667500 0.090000 0.090000
1 0.715000 0.537500 0.090000 0.090000
4 0.775000 0.505000 0.090000 0.090000
4 0.837500 0.472500 0.090000 0.090000
