1 0.086250 0.401250 0.077500 0.077500
0 0.231250 0.386250 0.077500 0.077500
4 0.443750 0.358750 0.077500 0.077500
1 0.516250 0.351250 0.077500 0.077500
1 0.801250 0.316250 0.077500 0.077500
3 0.166250 0.466250 0.077500 0.077500
4 0.311250 0.448750 0.077500 0.077500
1 0.596250 0.413750 0.077500 0.077500
1 0.666250 0.406250 0.077500 0.077500
2 0.808750 0.388750 0.077500 0.077500
1 0.176250 0.536250 0.077500 0.077500
3 0.318750 0.518750 0.077500 0.077500
2 0.388750 0.511250 0.077500 0.077500
1 0.533750 0.493750 0.077500 0.077500
1 0.746250 0.468750 0.077500 0.077500
4 0.818750 0.461250 0.077500 0.077500
0 0.888750 0.451250 0.077500 0.077500
1 0.326250 0.591250 0.077500 0.077500
3 0.398750 0.581250 0.077500 0.077500
4 0.468750 0.573750 0.077500 0.077500
1 0.541250 0.566250 0.077500 0.077500
4 0.613750 0.556250 0.077500 0.077500
1 0.898750 0.523750 0.077500 0.077500
1 0.193750 0.678750 0.077500 0.077500
1 0.406250 0.653750 0.077500 0.077500
1 0.836250 0.603750 0.077500 0.077500
2 0.906250 0.593750 0.077500 0.077500
