1 0.223750 0.251250 0.077500 0.077500
4 0.433750 0.363750 0.077500 0.077500
1 0.696250 0.501250 0.077500 0.077500
4 0.748750 0.528750 0.077500 0.077500
4 0.906250 0.611250 0.077500 0.077500
4 0.196250 0.303750 0.077500 0.077500
1 0.248750 0.331250 0.077500 0.077500
0 0.406250 0.416250 0.077500 0.077500
4 0.458750 0.443750 0.077500 0.077500
0 0.616250 0.526250 0.077500 0.077500
4 0.878750 0.663750 0.077500 0.077500
4 0.273750 0.411250 0.077500 0.077500
3 0.483750 0.523750 0.077500 0.077500
1 0.641250 0.606250 0.077500 0.077500
2 0.693750 0.633750 0.077500 0.077500
4 0.746250 0.661250 0.077500 0.077500
4 0.193750 0.436250 0.077500 0.077500
0 0.246250 0.463750 0.077500 0.077500
4 0.351250 0.521250 0.077500 0.077500
2 0.403750 0.548750 0.077500 0.077500
2 0.456250 0.576250 0.077500 0.077500
2 0.561250 0.631250 0.077500 0.077500
3 0.718750 0.713750 0.077500 0.077500
