3 0.407500 0.240000 0.100000 0.100000
4 0.477500 0.272500 0.100000 0.100000
4 0.687500 0.375000 0.100000 0.100000
3 0.305000 0.275000 0.100000 0.100000
0 0.512500 0.377500 0.100000 0.100000
3 0.582500 0.410000 0.100000 0.100000
4 0.200000 0.312500 0.100000 0.100000
1 0.827500 0.612500 0.100000 0.100000
4 0.307500 0.450000 0.100000 0.100000
1 0.377500 0.482500 0.100000 0.100000
1 0.585000 0.582500 0.100000 0.100000
2 0.202500 0.485000 0.100000 0.100000
1 0.342500 0.552500 0.100000 0.100000
4 0.552500 0.652500 0.100000 0.100000
1 0.622500 0.687500 0.100000 0.100000
4 0.762500 0.752500 0.100000 0.100000
4 0.100000 0.522500 0.100000 0.100000
2 0.170000 0.555000 0.100000 0.100000
1 0.310000 0.622500 0.100000 0.100000
3 0.450000 0.690000 0.100000 0.100000
3 0.520000 0.722500 0.100000 0.100000
