1 0.086250 0.616250 0.077500 0.077500
4 0.138750 0.586250 0.077500 0.077500
1 0.243750 0.531250 0.077500 0.077500
1 0.296250 0.501250 0.077500 0.077500
0 0.348750 0.473750 0.077500 0.077500
1 0.768750 0.248750 0.077500 0.077500
0 0.168750 0.638750 0.077500 0.077500
1 0.326250 0.553750 0.077500 0.077500
0 0.378750 0.526250 0.077500 0.077500
4 0.431250 0.498750 0.077500 0.077500
4 0.533750 0.441250 0.077500 0.077500
2 0.196250 0.691250 0.077500 0.077500
4 0.353750 0.606250 0.077500 0.077500
3 0.406250 0.578750 0.077500 0.077500
1 0.511250 0.523750 0.077500 0.077500
1 0.616250 0.466250 0.077500 0.077500
1 0.668750 0.438750 0.077500 0.077500
1 0.826250 0.353750 0.077500 0.077500
4 0.171250 0.771250 0.077500 0.077500
0 0.223750 0.743750 0.077500 0.077500
4 0.276250 0.716250 0.077500 0.077500
4 0.381250 0.658750 0.077500 0.077500
1 0.486250 0.603750 0.077500 0.077500
0 0.538750 0.576250 0.077500 0.077500
1 0.853750 0.406250 0.077500 0.077500
1 0.906250 0.378750 0.077500 0.077500
