3 0.090000 0.625000 0.080000 0.080000
1 0.195000 0.565000 0.080000 0.080000
1 0.247500 0.535000 0.080000 0.080000
3 0.350000 0.477500 0.080000 0.080000
3 0.662500 0.302500 0.080000 0.080000
4 0.715000 0.272500 0.080000 0.080000
1 0.767500 0.245000 0.080000 0.080000
4 0.120000 0.675000 0.080000 0.080000
3 0.275000 0.587500 0.080000 0.080000
4 0.327500 0.560000 0.080000 0.080000
1 0.380000 0.530000 0.080000 0.080000
3 0.432500 0.500000 0.080000 0.080000
4 0.587500 0.412500 0.080000 0.080000
1 0.640000 0.382500 0.080000 0.080000
1 0.797500 0.295000 0.080000 0.080000
1 0.147500 0.727500 0.080000 0.080000
1 0.200000 0.700000 0.080000 0.080000
3 0.305000 0.640000 0.080000 0.080000
3 0.357500 0.612500 0.080000 0.080000
0 0.617500 0.465000 0.080000 0.080000
1 0.722500 0.407500 0.080000 0.080000
3 0.825000 0.347500 0.080000 0.080000
1 0.877500 0.320000 0.080000 0.080000
2 0.177500 0.780000 0.080000 0.080000
4 0.335000 0.692500 0.080000 0.080000
4 0.385000 0.662500 0.080000 0.080000
1 0.542500 0.575000 0.080000 0.080000
3 0.595000 0.547500 0.080000 0.080000
