4 0.081250 0.453750 0.062500 0.062500
4 0.198750 0.441250 0.062500 0.062500
2 0.373750 0.423750 0.062500 0.062500
4 0.488750 0.411250 0.062500 0.062500
4 0.663750 0.393750 0.062500 0.062500
4 0.723750 0.386250 0.062500 0.062500
2 0.838750 0.376250 0.062500 0.062500
3 0.898750 0.368750 0.062500 0.062500
2 0.146250 0.503750 0.062500 0.062500
1 0.203750 0.498750 0.062500 0.062500
1 0.496250 0.468750 0.062500 0.062500
4 0.611250 0.456250 0.062500 0.062500
3 0.671250 0.451250 0.062500 0.062500
1 0.903750 0.426250 0.062500 0.062500
3 0.093750 0.568750 0.062500 0.062500
4 0.151250 0.563750 0.062500 0.062500
1 0.208750 0.556250 0.062500 0.062500
1 0.676250 0.508750 0.062500 0.062500
4 0.908750 0.486250 0.062500 0.062500
1 0.156250 0.621250 0.062500 0.062500
1 0.331250 0.603750 0.062500 0.062500
1 0.506250 0.586250 0.062500 0.062500
1 0.623750 0.573750 0.062500 0.062500
4 0.856250 0.551250 0.062500 0.062500
