1 0.177500 0.317500 0.090000 0.090000
0 0.602500 0.272500 0.090000 0.090000
0 0.772500 0.255000 0.090000 0.090000
4 0.855000 0.247500 0.090000 0.090000
1 0.102500 0.410000 0.090000 0.090000
4 0.187500 0.400000 0.090000 0.090000
2 0.525000 0.367500 0.090000 0.090000
0 0.695000 0.350000 0.090000 0.090000
0 0.780000 0.340000 0.090000 0.090000
1 0.280000 0.477500 0.090000 0.090000
4 0.535000 0.450000 0.090000 0.090000
4 0.120000 0.580000 0.090000 0.090000
1 0.205000 0.570000 0.090000 0.090000
2 0.290000 0.562500 0.090000 0.090000
4 0.457500 0.545000 0.090000 0.090000
1 0.712500 0.517500 0.090000 0.090000
0 0.212500 0.655000 0.090000 0.090000
2 0.382500 0.637500 0.090000 0.090000
0 0.552500 0.620000 0.090000 0.090000
1 0.890000 0.585000 0.090000 0.090000
4 0.307500 0.730000 0.090000 0.090000
2 0.390000 0.722500 0.090000 0.090000
2 0.730000 0.687500 0.090000 0.090000
1 0.900000 0.670000 0.090000 0.090000
