4 0.305000 0.470000 0.070000 0.070000
1 0.470000 0.415000 0.070000 0.070000
1 0.525000 0.395000 0.070000 0.070000
1 0.580000 0.377500 0.070000 0.070000
2 0.635000 0.357500 0.070000 0.070000
1 0.745000 0.320000 0.070000 0.070000
1 0.212500 0.562500 0.070000 0.070000
2 0.322500 0.525000 0.070000 0.070000
1 0.487500 0.470000 0.070000 0.070000
0 0.762500 0.375000 0.070000 0.070000
1 0.817500 0.357500 0.070000 0.070000
4 0.872500 0.340000 0.070000 0.070000
2 0.287500 0.597500 0.070000 0.070000
1 0.452500 0.542500 0.070000 0.070000
1 0.617500 0.487500 0.070000 0.070000
1 0.672500 0.467500 0.070000 0.070000
2 0.892500 0.395000 0.070000 0.070000
0 0.140000 0.707500 0.070000 0.070000
4 0.250000 0.672500 0.070000 0.070000
4 0.525000 0.580000 0.070000 0.070000
4 0.580000 0.560000 0.070000 0.070000
0 0.745000 0.505000 0.070000 0.070000
4 0.855000 0.467500 0.070000 0.070000
