3 0.088750 0.601250 0.077500 0.077500
1 0.141250 0.573750 0.077500 0.077500
4 0.301250 0.496250 0.077500 0.077500
1 0.566250 0.366250 0.077500 0.077500
1 0.671250 0.316250 0.077500 0.077500
3 0.831250 0.238750 0.077500 0.077500
1 0.168750 0.628750 0.077500 0.077500
4 0.221250 0.601250 0.077500 0.077500
1 0.326250 0.548750 0.077500 0.077500
1 0.378750 0.523750 0.077500 0.077500
1 0.591250 0.421250 0.077500 0.077500
0 0.643750 0.393750 0.077500 0.077500
4 0.698750 0.368750 0.077500 0.077500
1 0.856250 0.291250 0.077500 0.077500
1 0.141250 0.706250 0.077500 0.077500
2 0.353750 0.603750 0.077500 0.077500
1 0.406250 0.576250 0.077500 0.077500
4 0.511250 0.526250 0.077500 0.077500
1 0.563750 0.498750 0.077500 0.077500
4 0.776250 0.396250 0.077500 0.077500
0 0.828750 0.368750 0.077500 0.077500
4 0.166250 0.758750 0.077500 0.077500
3 0.271250 0.708750 0.077500 0.077500
4 0.378750 0.656250 0.077500 0.077500
1 0.483750 0.603750 0.077500 0.077500
1 0.538750 0.578750 0.077500 0.077500
4 0.748750 0.473750 0.077500 0.077500
4 0.908750 0.396250 0.077500 0.077500
