4 0.195000 0.492500 0.070000 0.070000
2 0.250000 0.475000 0.070000 0.070000
3 0.307500 0.460000 0.070000 0.070000
4 0.417500 0.430000 0.070000 0.070000
1 0.530000 0.397500 0.070000 0.070000
4 0.697500 0.352500 0.070000 0.070000
2 0.807500 0.320000 0.070000 0.070000
1 0.155000 0.562500 0.070000 0.070000
4 0.267500 0.532500 0.070000 0.070000
4 0.490000 0.470000 0.070000 0.070000
2 0.657500 0.422500 0.070000 0.070000
1 0.712500 0.407500 0.070000 0.070000
2 0.767500 0.392500 0.070000 0.070000
1 0.880000 0.360000 0.070000 0.070000
2 0.505000 0.525000 0.070000 0.070000
4 0.560000 0.510000 0.070000 0.070000
4 0.617500 0.495000 0.070000 0.070000
1 0.672500 0.477500 0.070000 0.070000
4 0.727500 0.462500 0.070000 0.070000
1 0.840000 0.432500 0.070000 0.070000
4 0.895000 0.415000 0.070000 0.070000
1 0.185000 0.675000 0.070000 0.070000
1 0.465000 0.597500 0.070000 0.070000
4 0.577500 0.565000 0.070000 0.070000
1 0.632500 0.550000 0.070000 0.070000
1 0.855000 0.487500 0.070000 0.070000
