3 0.297500 0.507500 0.080000 0.080000
0 0.610000 0.332500 0.080000 0.080000
4 0.715000 0.272500 0.080000 0.080000
0 0.765000 0.245000 0.080000 0.080000
4 0.170000 0.650000 0.080000 0.080000
4 0.275000 0.590000 0.080000 0.080000
3 0.327500 0.560000 0.080000 0.080000
1 0.377500 0.532500 0.080000 0.080000
1 0.430000 0.502500 0.080000 0.080000
4 0.535000 0.442500 0.080000 0.080000
4 0.587500 0.415000 0.080000 0.080000
1 0.640000 0.385000 0.080000 0.080000
1 0.690000 0.355000 0.080000 0.080000
1 0.742500 0.325000 0.080000 0.080000
0 0.147500 0.730000 0.080000 0.080000
1 0.355000 0.612500 0.080000 0.080000
3 0.617500 0.465000 0.080000 0.080000
3 0.720000 0.407500 0.080000 0.080000
0 0.772500 0.377500 0.080000 0.080000
4 0.825000 0.347500 0.080000 0.080000
2 0.877500 0.320000 0.080000 0.080000
2 0.177500 0.782500 0.080000 0.080000
4 0.490000 0.605000 0.080000 0.080000
0 0.542500 0.577500 0.080000 0.080000
4 0.645000 0.517500 0.080000 0.080000
2 0.697500 0.487500 0.080000 0.080000
1 0.750000 0.460000 0.080000 0.080000
