1 0.265000 0.175000 0.100000 0.100000
1 0.335000 0.207500 0.100000 0.100000
1 0.615000 0.340000 0.100000 0.100000
0 0.685000 0.372500 0.100000 0.100000
4 0.895000 0.470000 0.100000 0.100000
2 0.232500 0.245000 0.100000 0.100000
1 0.372500 0.310000 0.100000 0.100000
4 0.442500 0.342500 0.100000 0.100000
4 0.270000 0.347500 0.100000 0.100000
1 0.480000 0.447500 0.100000 0.100000
0 0.550000 0.480000 0.100000 0.100000
4 0.690000 0.545000 0.100000 0.100000
2 0.760000 0.577500 0.100000 0.100000
1 0.237500 0.417500 0.100000 0.100000
3 0.307500 0.450000 0.100000 0.100000
2 0.587500 0.582500 0.100000 0.100000
3 0.657500 0.615000 0.100000 0.100000
4 0.727500 0.647500 0.100000 0.100000
0 0.202500 0.487500 0.100000 0.100000
4 0.482500 0.620000 0.100000 0.100000
0 0.625000 0.685000 0.100000 0.100000
2 0.695000 0.717500 0.100000 0.100000
2 0.100000 0.525000 0.100000 0.100000
4 0.240000 0.590000 0.100000 0.100000
4 0.310000 0.625000 0.100000 0.100000
2 0.590000 0.755000 0.100000 0.100000
