4 0.368750 0.251250 0.097500 0.097500
4 0.443750 0.273750 0.097500 0.097500
1 0.518750 0.298750 0.097500 0.097500
0 0.746250 0.368750 0.097500 0.097500
4 0.821250 0.393750 0.097500 0.097500
4 0.896250 0.416250 0.097500 0.097500
1 0.193750 0.278750 0.097500 0.097500
2 0.646250 0.421250 0.097500 0.097500
1 0.798750 0.468750 0.097500 0.097500
4 0.321250 0.401250 0.097500 0.097500
0 0.396250 0.426250 0.097500 0.097500
2 0.698750 0.521250 0.097500 0.097500
2 0.221250 0.453750 0.097500 0.097500
4 0.296250 0.476250 0.097500 0.097500
1 0.371250 0.501250 0.097500 0.097500
1 0.448750 0.523750 0.097500 0.097500
4 0.523750 0.548750 0.097500 0.097500
1 0.598750 0.571250 0.097500 0.097500
1 0.673750 0.596250 0.097500 0.097500
2 0.348750 0.576250 0.097500 0.097500
0 0.423750 0.598750 0.097500 0.097500
1 0.248750 0.628750 0.097500 0.097500
0 0.398750 0.676250 0.097500 0.097500
