1 0.316250 0.411250 0.057500 0.057500
4 0.433750 0.408750 0.057500 0.057500
1 0.493750 0.406250 0.057500 0.057500
4 0.613750 0.403750 0.057500 0.057500
2 0.673750 0.403750 0.057500 0.057500
4 0.138750 0.473750 0.057500 0.057500
1 0.376250 0.468750 0.057500 0.057500
1 0.496250 0.466250 0.057500 0.057500
4 0.613750 0.463750 0.057500 0.057500
1 0.673750 0.461250 0.057500 0.057500
4 0.853750 0.458750 0.057500 0.057500
1 0.078750 0.536250 0.057500 0.057500
0 0.198750 0.533750 0.057500 0.057500
1 0.258750 0.531250 0.057500 0.057500
0 0.378750 0.528750 0.057500 0.057500
4 0.496250 0.526250 0.057500 0.057500
4 0.556250 0.523750 0.057500 0.057500
0 0.793750 0.518750 0.057500 0.057500
2 0.853750 0.518750 0.057500 0.057500
4 0.201250 0.591250 0.057500 0.057500
2 0.261250 0.591250 0.057500 0.057500
4 0.318750 0.588750 0.057500 0.057500
0 0.498750 0.586250 0.057500 0.057500
4 0.558750 0.583750 0.057500 0.057500
2 0.676250 0.581250 0.057500 0.057500
4 0.856250 0.576250 0.057500 0.057500
