3 0.096250 0.373750 0.062500 0.062500
2 0.156250 0.378750 0.062500 0.062500
1 0.388750 0.401250 0.062500 0.062500
4 0.506250 0.411250 0.062500 0.062500
4 0.566250 0.416250 0.062500 0.062500
4 0.681250 0.426250 0.062500 0.062500
1 0.741250 0.431250 0.062500 0.062500
1 0.798750 0.436250 0.062500 0.062500
1 0.443750 0.463750 0.062500 0.062500
2 0.618750 0.478750 0.062500 0.062500
1 0.676250 0.486250 0.062500 0.062500
1 0.793750 0.496250 0.062500 0.062500
1 0.143750 0.496250 0.062500 0.062500
3 0.613750 0.538750 0.062500 0.062500
1 0.671250 0.543750 0.062500 0.062500
2 0.731250 0.548750 0.062500 0.062500
4 0.846250 0.558750 0.062500 0.062500
4 0.198750 0.558750 0.062500 0.062500
4 0.491250 0.586250 0.062500 0.062500
4 0.548750 0.591250 0.062500 0.062500
4 0.608750 0.596250 0.062500 0.062500
4 0.666250 0.601250 0.062500 0.062500
