4 0.792500 0.397500 0.060000 0.060000
4 0.852500 0.395000 0.060000 0.060000
2 0.082500 0.482500 0.060000 0.060000
1 0.140000 0.480000 0.060000 0.060000
0 0.200000 0.477500 0.060000 0.060000
2 0.260000 0.475000 0.060000 0.060000
0 0.735000 0.460000 0.060000 0.060000
1 0.912500 0.452500 0.060000 0.060000
4 0.085000 0.542500 0.060000 0.060000
4 0.202500 0.537500 0.060000 0.060000
2 0.262500 0.535000 0.060000 0.060000
2 0.380000 0.530000 0.060000 0.060000
4 0.440000 0.530000 0.060000 0.060000
1 0.797500 0.517500 0.060000 0.060000
2 0.915000 0.512500 0.060000 0.060000
4 0.085000 0.602500 0.060000 0.060000
4 0.322500 0.592500 0.060000 0.060000
4 0.442500 0.587500 0.060000 0.060000
4 0.620000 0.582500 0.060000 0.060000
0 0.680000 0.580000 0.060000 0.060000
