0 0.095000 0.535000 0.090000 0.090000
4 0.220000 0.475000 0.090000 0.090000
2 0.282500 0.447500 0.090000 0.090000
4 0.407500 0.387500 0.090000 0.090000
2 0.597500 0.300000 0.090000 0.090000
4 0.660000 0.270000 0.090000 0.090000
1 0.187500 0.567500 0.090000 0.090000
1 0.437500 0.450000 0.090000 0.090000
1 0.500000 0.420000 0.090000 0.090000
4 0.687500 0.332500 0.090000 0.090000
1 0.152500 0.660000 0.090000 0.090000
4 0.280000 0.600000 0.090000 0.090000
1 0.342500 0.572500 0.090000 0.090000
2 0.592500 0.455000 0.090000 0.090000
1 0.780000 0.367500 0.090000 0.090000
2 0.370000 0.635000 0.090000 0.090000
4 0.622500 0.517500 0.090000 0.090000
2 0.337500 0.727500 0.090000 0.090000
4 0.400000 0.697500 0.090000 0.090000
0 0.587500 0.610000 0.090000 0.090000
1 0.902500 0.462500 0.090000 0.090000
