1 0.095000 0.535000 0.090000 0.090000
1 0.220000 0.477500 0.090000 0.090000
1 0.282500 0.447500 0.090000 0.090000
4 0.345000 0.417500 0.090000 0.090000
0 0.595000 0.300000 0.090000 0.090000
2 0.657500 0.270000 0.090000 0.090000
0 0.720000 0.240000 0.090000 0.090000
1 0.187500 0.570000 0.090000 0.090000
0 0.250000 0.540000 0.090000 0.090000
4 0.312500 0.510000 0.090000 0.090000
0 0.500000 0.420000 0.090000 0.090000
1 0.625000 0.362500 0.090000 0.090000
2 0.155000 0.660000 0.090000 0.090000
3 0.342500 0.572500 0.090000 0.090000
4 0.467500 0.512500 0.090000 0.090000
4 0.780000 0.365000 0.090000 0.090000
0 0.842500 0.335000 0.090000 0.090000
1 0.497500 0.575000 0.090000 0.090000
4 0.560000 0.545000 0.090000 0.090000
0 0.685000 0.487500 0.090000 0.090000
1 0.747500 0.457500 0.090000 0.090000
1 0.212500 0.785000 0.090000 0.090000
0 0.275000 0.757500 0.090000 0.090000
0 0.337500 0.727500 0.090000 0.090000
2 0.400000 0.697500 0.090000 0.090000
0 0.462500 0.667500 0.090000 0.090000
1 0.652500 0.580000 0.090000 0.090000
4 0.840000 0.490000 0.090000 0.090000
2 0.902500 0.460000 0.090000 0.090000
