2 0.097500 0.375000 0.095000 0.095000
1 0.257500 0.342500 0.095000 0.095000
2 0.575000 0.272500 0.095000 0.095000
2 0.195000 0.437500 0.095000 0.095000
4 0.592500 0.352500 0.095000 0.095000
0 0.672500 0.335000 0.095000 0.095000
1 0.212500 0.517500 0.095000 0.095000
1 0.370000 0.482500 0.095000 0.095000
4 0.450000 0.465000 0.095000 0.095000
4 0.530000 0.450000 0.095000 0.095000
3 0.230000 0.597500 0.095000 0.095000
2 0.467500 0.545000 0.095000 0.095000
1 0.705000 0.495000 0.095000 0.095000
4 0.167500 0.695000 0.095000 0.095000
4 0.405000 0.642500 0.095000 0.095000
0 0.485000 0.625000 0.095000 0.095000
1 0.565000 0.607500 0.095000 0.095000
2 0.722500 0.575000 0.095000 0.095000
4 0.882500 0.540000 0.095000 0.095000
1 0.262500 0.757500 0.095000 0.095000
4 0.582500 0.687500 0.095000 0.095000
4 0.740000 0.652500 0.095000 0.095000
