4 0.268750 0.243750 0.087500 0.087500
4 0.458750 0.328750 0.087500 0.087500
1 0.521250 0.356250 0.087500 0.087500
2 0.586250 0.386250 0.087500 0.087500
1 0.776250 0.471250 0.087500 0.087500
1 0.901250 0.526250 0.087500 0.087500
0 0.303750 0.336250 0.087500 0.087500
4 0.431250 0.391250 0.087500 0.087500
1 0.493750 0.421250 0.087500 0.087500
4 0.621250 0.476250 0.087500 0.087500
4 0.151250 0.341250 0.087500 0.087500
4 0.213750 0.371250 0.087500 0.087500
4 0.276250 0.398750 0.087500 0.087500
0 0.338750 0.426250 0.087500 0.087500
1 0.466250 0.483750 0.087500 0.087500
1 0.528750 0.511250 0.087500 0.087500
3 0.843750 0.653750 0.087500 0.087500
2 0.186250 0.433750 0.087500 0.087500
1 0.563750 0.603750 0.087500 0.087500
2 0.626250 0.631250 0.087500 0.087500
3 0.816250 0.716250 0.087500 0.087500
1 0.408750 0.608750 0.087500 0.087500
2 0.473750 0.638750 0.087500 0.087500
1 0.598750 0.693750 0.087500 0.087500
1 0.726250 0.751250 0.087500 0.087500
4 0.788750 0.778750 0.087500 0.087500
