1 0.157500 0.512500 0.090000 0.090000
1 0.220000 0.482500 0.090000 0.090000
4 0.530000 0.327500 0.090000 0.090000
0 0.777500 0.205000 0.090000 0.090000
4 0.125000 0.605000 0.090000 0.090000
3 0.250000 0.545000 0.090000 0.090000
4 0.312500 0.512500 0.090000 0.090000
3 0.437500 0.452500 0.090000 0.090000
1 0.685000 0.327500 0.090000 0.090000
1 0.747500 0.297500 0.090000 0.090000
3 0.467500 0.512500 0.090000 0.090000
1 0.652500 0.420000 0.090000 0.090000
4 0.777500 0.360000 0.090000 0.090000
3 0.187500 0.730000 0.090000 0.090000
1 0.312500 0.667500 0.090000 0.090000
1 0.745000 0.452500 0.090000 0.090000
4 0.870000 0.390000 0.090000 0.090000
1 0.280000 0.760000 0.090000 0.090000
4 0.342500 0.730000 0.090000 0.090000
2 0.405000 0.700000 0.090000 0.090000
1 0.467500 0.667500 0.090000 0.090000
1 0.527500 0.637500 0.090000 0.090000
2 0.590000 0.607500 0.090000 0.090000
4 0.652500 0.575000 0.090000 0.090000
2 0.777500 0.515000 0.090000 0.090000
2 0.900000 0.452500 0.090000 0.090000
