4 0.121250 0.308750 0.077500 0.077500
4 0.263750 0.326250 0.077500 0.077500
1 0.333750 0.333750 0.077500 0.077500
1 0.406250 0.343750 0.077500 0.077500
1 0.691250 0.376250 0.077500 0.077500
4 0.256250 0.398750 0.077500 0.077500
2 0.326250 0.406250 0.077500 0.077500
1 0.613750 0.438750 0.077500 0.077500
2 0.683750 0.448750 0.077500 0.077500
2 0.756250 0.456250 0.077500 0.077500
0 0.103750 0.453750 0.077500 0.077500
1 0.176250 0.461250 0.077500 0.077500
0 0.246250 0.468750 0.077500 0.077500
0 0.388750 0.486250 0.077500 0.077500
4 0.461250 0.493750 0.077500 0.077500
4 0.533750 0.501250 0.077500 0.077500
4 0.603750 0.511250 0.077500 0.077500
4 0.676250 0.518750 0.077500 0.077500
1 0.891250 0.543750 0.077500 0.077500
4 0.096250 0.523750 0.077500 0.077500
4 0.453750 0.566250 0.077500 0.077500
2 0.596250 0.581250 0.077500 0.077500
1 0.666250 0.591250 0.077500 0.077500
4 0.738750 0.598750 0.077500 0.077500
1 0.158750 0.603750 0.077500 0.077500
4 0.301250 0.621250 0.077500 0.077500
4 0.443750 0.636250 0.077500 0.077500
4 0.516250 0.646250 0.077500 0.077500
0 0.731250 0.671250 0.077500 0.077500
3 0.801250 0.678750 0.077500 0.077500
