4 0.081250 0.463750 0.062500 0.062500
2 0.196250 0.448750 0.062500 0.062500
4 0.253750 0.441250 0.062500 0.062500
2 0.311250 0.433750 0.062500 0.062500
1 0.658750 0.386250 0.062500 0.062500
4 0.891250 0.356250 0.062500 0.062500
2 0.261250 0.498750 0.062500 0.062500
1 0.321250 0.491250 0.062500 0.062500
1 0.493750 0.468750 0.062500 0.062500
2 0.608750 0.451250 0.062500 0.062500
4 0.841250 0.421250 0.062500 0.062500
2 0.153750 0.571250 0.062500 0.062500
4 0.271250 0.556250 0.062500 0.062500
0 0.501250 0.526250 0.062500 0.062500
2 0.733750 0.493750 0.062500 0.062500
4 0.791250 0.486250 0.062500 0.062500
3 0.848750 0.478750 0.062500 0.062500
1 0.161250 0.628750 0.062500 0.062500
4 0.393750 0.598750 0.062500 0.062500
1 0.451250 0.591250 0.062500 0.062500
2 0.566250 0.576250 0.062500 0.062500
2 0.798750 0.543750 0.062500 0.062500
