1 0.170000 0.340000 0.075000 0.075000
2 0.392500 0.347500 0.075000 0.075000
4 0.612500 0.355000 0.075000 0.075000
0 0.835000 0.362500 0.075000 0.075000
4 0.910000 0.365000 0.075000 0.075000
4 0.757500 0.432500 0.075000 0.075000
1 0.832500 0.435000 0.075000 0.075000
1 0.165000 0.487500 0.075000 0.075000
3 0.387500 0.495000 0.075000 0.075000
3 0.755000 0.507500 0.075000 0.075000
1 0.237500 0.565000 0.075000 0.075000
1 0.532500 0.575000 0.075000 0.075000
4 0.605000 0.577500 0.075000 0.075000
3 0.680000 0.580000 0.075000 0.075000
3 0.902500 0.587500 0.075000 0.075000
4 0.160000 0.635000 0.075000 0.075000
4 0.307500 0.640000 0.075000 0.075000
4 0.530000 0.647500 0.075000 0.075000
1 0.602500 0.650000 0.075000 0.075000
1 0.825000 0.657500 0.075000 0.075000
1 0.900000 0.660000 0.075000 0.075000
