2 0.147500 0.280000 0.080000 0.080000
3 0.215000 0.295000 0.080000 0.080000
4 0.422500 0.337500 0.080000 0.080000
4 0.630000 0.380000 0.080000 0.080000
4 0.767500 0.407500 0.080000 0.080000
2 0.407500 0.405000 0.080000 0.080000
4 0.477500 0.420000 0.080000 0.080000
1 0.685000 0.462500 0.080000 0.080000
2 0.892500 0.505000 0.080000 0.080000
2 0.187500 0.432500 0.080000 0.080000
0 0.325000 0.460000 0.080000 0.080000
1 0.532500 0.502500 0.080000 0.080000
4 0.740000 0.547500 0.080000 0.080000
4 0.172500 0.502500 0.080000 0.080000
4 0.310000 0.530000 0.080000 0.080000
4 0.380000 0.545000 0.080000 0.080000
1 0.655000 0.600000 0.080000 0.080000
3 0.795000 0.630000 0.080000 0.080000
1 0.862500 0.645000 0.080000 0.080000
0 0.160000 0.570000 0.080000 0.080000
4 0.227500 0.585000 0.080000 0.080000
1 0.505000 0.642500 0.080000 0.080000
0 0.572500 0.655000 0.080000 0.080000
4 0.642500 0.670000 0.080000 0.080000
1 0.710000 0.685000 0.080000 0.080000
1 0.780000 0.697500 0.080000 0.080000
