2 0.157500 0.455000 0.085000 0.085000
1 0.225000 0.435000 0.085000 0.085000
0 0.290000 0.415000 0.085000 0.085000
1 0.422500 0.375000 0.085000 0.085000
2 0.557500 0.335000 0.085000 0.085000
2 0.622500 0.312500 0.085000 0.085000
4 0.822500 0.252500 0.085000 0.085000
4 0.112500 0.542500 0.085000 0.085000
3 0.177500 0.522500 0.085000 0.085000
1 0.310000 0.482500 0.085000 0.085000
4 0.577500 0.400000 0.085000 0.085000
4 0.642500 0.380000 0.085000 0.085000
1 0.710000 0.360000 0.085000 0.085000
4 0.842500 0.320000 0.085000 0.085000
4 0.197500 0.587500 0.085000 0.085000
4 0.397500 0.527500 0.085000 0.085000
4 0.465000 0.507500 0.085000 0.085000
1 0.730000 0.427500 0.085000 0.085000
1 0.862500 0.385000 0.085000 0.085000
1 0.285000 0.635000 0.085000 0.085000
1 0.352500 0.615000 0.085000 0.085000
2 0.417500 0.595000 0.085000 0.085000
1 0.617500 0.532500 0.085000 0.085000
4 0.372500 0.680000 0.085000 0.085000
2 0.770000 0.560000 0.085000 0.085000
0 0.902500 0.517500 0.085000 0.085000
