1 0.132500 0.250000 0.090000 0.090000
2 0.302500 0.265000 0.090000 0.090000
1 0.387500 0.272500 0.090000 0.090000
0 0.472500 0.280000 0.090000 0.090000
0 0.557500 0.287500 0.090000 0.090000
4 0.900000 0.317500 0.090000 0.090000
4 0.125000 0.335000 0.090000 0.090000
4 0.295000 0.350000 0.090000 0.090000
1 0.380000 0.357500 0.090000 0.090000
4 0.635000 0.380000 0.090000 0.090000
4 0.722500 0.387500 0.090000 0.090000
2 0.807500 0.395000 0.090000 0.090000
1 0.892500 0.402500 0.090000 0.090000
1 0.202500 0.430000 0.090000 0.090000
0 0.287500 0.437500 0.090000 0.090000
1 0.372500 0.445000 0.090000 0.090000
4 0.457500 0.452500 0.090000 0.090000
4 0.627500 0.467500 0.090000 0.090000
2 0.715000 0.475000 0.090000 0.090000
4 0.800000 0.482500 0.090000 0.090000
4 0.535000 0.545000 0.090000 0.090000
1 0.792500 0.567500 0.090000 0.090000
4 0.102500 0.592500 0.090000 0.090000
2 0.187500 0.600000 0.090000 0.090000
0 0.357500 0.615000 0.090000 0.090000
4 0.442500 0.622500 0.090000 0.090000
0 0.527500 0.630000 0.090000 0.090000
4 0.700000 0.645000 0.090000 0.090000
4 0.785000 0.652500 0.090000 0.090000
1 0.870000 0.660000 0.090000 0.090000
2 0.095000 0.677500 0.090000 0.090000
0 0.180000 0.685000 0.090000 0.090000
1 0.265000 0.692500 0.090000 0.090000
1 0.350000 0.700000 0.090000 0.090000
4 0.435000 0.707500 0.090000 0.090000
4 0.605000 0.722500 0.090000 0.090000
