4 0.088750 0.606250 0.077500 0.077500
4 0.246250 0.526250 0.077500 0.077500
1 0.351250 0.471250 0.077500 0.077500
1 0.403750 0.443750 0.077500 0.077500
4 0.508750 0.391250 0.077500 0.077500
4 0.666250 0.308750 0.077500 0.077500
4 0.113750 0.658750 0.077500 0.077500
4 0.166250 0.633750 0.077500 0.077500
4 0.218750 0.606250 0.077500 0.077500
1 0.326250 0.551250 0.077500 0.077500
4 0.746250 0.336250 0.077500 0.077500
4 0.798750 0.308750 0.077500 0.077500
4 0.853750 0.281250 0.077500 0.077500
4 0.141250 0.713750 0.077500 0.077500
1 0.193750 0.686250 0.077500 0.077500
1 0.351250 0.603750 0.077500 0.077500
4 0.406250 0.576250 0.077500 0.077500
1 0.563750 0.496250 0.077500 0.077500
2 0.668750 0.441250 0.077500 0.077500
2 0.773750 0.388750 0.077500 0.077500
4 0.168750 0.766250 0.077500 0.077500
2 0.378750 0.656250 0.077500 0.077500
4 0.538750 0.576250 0.077500 0.077500
1 0.591250 0.548750 0.077500 0.077500
2 0.748750 0.468750 0.077500 0.077500
4 0.801250 0.441250 0.077500 0.077500
4 0.853750 0.413750 0.077500 0.077500
