4 0.171250 0.416250 0.097500 0.097500
4 0.243750 0.388750 0.097500 0.097500
4 0.316250 0.358750 0.097500 0.097500
1 0.461250 0.301250 0.097500 0.097500
4 0.678750 0.213750 0.097500 0.097500
1 0.128750 0.518750 0.097500 0.097500
2 0.201250 0.488750 0.097500 0.097500
1 0.273750 0.461250 0.097500 0.097500
4 0.346250 0.431250 0.097500 0.097500
4 0.418750 0.401250 0.097500 0.097500
2 0.491250 0.373750 0.097500 0.097500
4 0.706250 0.286250 0.097500 0.097500
2 0.778750 0.256250 0.097500 0.097500
4 0.228750 0.561250 0.097500 0.097500
4 0.301250 0.533750 0.097500 0.097500
2 0.331250 0.606250 0.097500 0.097500
1 0.403750 0.576250 0.097500 0.097500
0 0.548750 0.518750 0.097500 0.097500
4 0.766250 0.431250 0.097500 0.097500
2 0.216250 0.736250 0.097500 0.097500
4 0.361250 0.678750 0.097500 0.097500
0 0.648750 0.561250 0.097500 0.097500
1 0.721250 0.531250 0.097500 0.097500
4 0.316250 0.778750 0.097500 0.097500
4 0.606250 0.663750 0.097500 0.097500
