0 0.143750 0.278750 0.072500 0.072500
1 0.253750 0.316250 0.072500 0.072500
4 0.528750 0.416250 0.072500 0.072500
1 0.583750 0.433750 0.072500 0.072500
2 0.691250 0.473750 0.072500 0.072500
2 0.801250 0.513750 0.072500 0.072500
0 0.911250 0.551250 0.072500 0.072500
2 0.233750 0.371250 0.072500 0.072500
1 0.453750 0.451250 0.072500 0.072500
4 0.508750 0.468750 0.072500 0.072500
1 0.618750 0.508750 0.072500 0.072500
1 0.671250 0.528750 0.072500 0.072500
1 0.726250 0.548750 0.072500 0.072500
1 0.891250 0.606250 0.072500 0.072500
4 0.106250 0.388750 0.072500 0.072500
1 0.378750 0.486250 0.072500 0.072500
4 0.543750 0.543750 0.072500 0.072500
1 0.598750 0.563750 0.072500 0.072500
1 0.653750 0.583750 0.072500 0.072500
1 0.708750 0.603750 0.072500 0.072500
3 0.816250 0.641250 0.072500 0.072500
4 0.871250 0.661250 0.072500 0.072500
4 0.086250 0.443750 0.072500 0.072500
1 0.196250 0.481250 0.072500 0.072500
4 0.358750 0.541250 0.072500 0.072500
1 0.413750 0.558750 0.072500 0.072500
1 0.578750 0.618750 0.072500 0.072500
3 0.633750 0.638750 0.072500 0.072500
0 0.796250 0.696250 0.072500 0.072500
