4 0.287500 0.227500 0.095000 0.095000
4 0.440000 0.272500 0.095000 0.095000
2 0.667500 0.340000 0.095000 0.095000
4 0.820000 0.385000 0.095000 0.095000
3 0.897500 0.407500 0.095000 0.095000
4 0.492500 0.370000 0.095000 0.095000
0 0.570000 0.392500 0.095000 0.095000
4 0.645000 0.415000 0.095000 0.095000
1 0.722500 0.437500 0.095000 0.095000
4 0.165000 0.357500 0.095000 0.095000
2 0.470000 0.447500 0.095000 0.095000
0 0.142500 0.432500 0.095000 0.095000
2 0.295000 0.477500 0.095000 0.095000
1 0.677500 0.590000 0.095000 0.095000
2 0.197500 0.532500 0.095000 0.095000
1 0.272500 0.555000 0.095000 0.095000
4 0.350000 0.577500 0.095000 0.095000
4 0.425000 0.600000 0.095000 0.095000
1 0.502500 0.622500 0.095000 0.095000
1 0.730000 0.690000 0.095000 0.095000
4 0.097500 0.585000 0.095000 0.095000
0 0.402500 0.675000 0.095000 0.095000
4 0.480000 0.697500 0.095000 0.095000
4 0.707500 0.767500 0.095000 0.095000
