1 0.652500 0.420000 0.090000 0.090000
4 0.900000 0.545000 0.090000 0.090000
4 0.312500 0.325000 0.090000 0.090000
1 0.682500 0.512500 0.090000 0.090000
0 0.745000 0.545000 0.090000 0.090000
0 0.867500 0.607500 0.090000 0.090000
4 0.217500 0.355000 0.090000 0.090000
2 0.280000 0.387500 0.090000 0.090000
4 0.465000 0.480000 0.090000 0.090000
1 0.590000 0.542500 0.090000 0.090000
2 0.125000 0.387500 0.090000 0.090000
1 0.250000 0.450000 0.090000 0.090000
4 0.310000 0.480000 0.090000 0.090000
0 0.682500 0.667500 0.090000 0.090000
1 0.745000 0.700000 0.090000 0.090000
4 0.155000 0.480000 0.090000 0.090000
4 0.342500 0.572500 0.090000 0.090000
4 0.402500 0.605000 0.090000 0.090000
0 0.465000 0.635000 0.090000 0.090000
4 0.527500 0.667500 0.090000 0.090000
2 0.650000 0.730000 0.090000 0.090000
2 0.712500 0.760000 0.090000 0.090000
0 0.775000 0.792500 0.090000 0.090000
