1 0.090000 0.432500 0.080000 0.080000
3 0.505000 0.352500 0.080000 0.080000
3 0.712500 0.310000 0.080000 0.080000
2 0.102500 0.502500 0.080000 0.080000
4 0.447500 0.435000 0.080000 0.080000
4 0.657500 0.395000 0.080000 0.080000
2 0.725000 0.380000 0.080000 0.080000
4 0.115000 0.570000 0.080000 0.080000
3 0.255000 0.545000 0.080000 0.080000
4 0.322500 0.530000 0.080000 0.080000
1 0.462500 0.502500 0.080000 0.080000
1 0.807500 0.437500 0.080000 0.080000
3 0.877500 0.422500 0.080000 0.080000
4 0.197500 0.627500 0.080000 0.080000
3 0.615000 0.545000 0.080000 0.080000
2 0.752500 0.520000 0.080000 0.080000
2 0.822500 0.505000 0.080000 0.080000
2 0.892500 0.492500 0.080000 0.080000
1 0.142500 0.710000 0.080000 0.080000
4 0.280000 0.682500 0.080000 0.080000
4 0.557500 0.627500 0.080000 0.080000
4 0.627500 0.615000 0.080000 0.080000
3 0.697500 0.602500 0.080000 0.080000
3 0.765000 0.587500 0.080000 0.080000
1 0.835000 0.575000 0.080000 0.080000
