0 0.302500 0.490000 0.075000 0.075000
1 0.407500 0.442500 0.075000 0.075000
1 0.515000 0.395000 0.075000 0.075000
2 0.622500 0.345000 0.075000 0.075000
1 0.837500 0.250000 0.075000 0.075000
1 0.272500 0.567500 0.075000 0.075000
0 0.592500 0.422500 0.075000 0.075000
4 0.860000 0.302500 0.075000 0.075000
0 0.190000 0.667500 0.075000 0.075000
3 0.242500 0.645000 0.075000 0.075000
1 0.295000 0.620000 0.075000 0.075000
1 0.350000 0.597500 0.075000 0.075000
0 0.402500 0.572500 0.075000 0.075000
4 0.457500 0.550000 0.075000 0.075000
2 0.777500 0.405000 0.075000 0.075000
4 0.320000 0.675000 0.075000 0.075000
2 0.480000 0.602500 0.075000 0.075000
3 0.910000 0.410000 0.075000 0.075000
