4 0.176250 0.346250 0.092500 0.092500
1 0.338750 0.316250 0.092500 0.092500
4 0.418750 0.301250 0.092500 0.092500
4 0.741250 0.241250 0.092500 0.092500
4 0.823750 0.226250 0.092500 0.092500
4 0.271250 0.413750 0.092500 0.092500
0 0.353750 0.398750 0.092500 0.092500
1 0.513750 0.368750 0.092500 0.092500
4 0.596250 0.353750 0.092500 0.092500
1 0.286250 0.493750 0.092500 0.092500
1 0.448750 0.463750 0.092500 0.092500
1 0.528750 0.448750 0.092500 0.092500
1 0.691250 0.418750 0.092500 0.092500
0 0.853750 0.388750 0.092500 0.092500
4 0.141250 0.603750 0.092500 0.092500
4 0.221250 0.588750 0.092500 0.092500
1 0.383750 0.558750 0.092500 0.092500
0 0.463750 0.543750 0.092500 0.092500
3 0.543750 0.528750 0.092500 0.092500
4 0.236250 0.671250 0.092500 0.092500
1 0.316250 0.656250 0.092500 0.092500
0 0.478750 0.626250 0.092500 0.092500
0 0.721250 0.581250 0.092500 0.092500
1 0.883750 0.551250 0.092500 0.092500
2 0.171250 0.766250 0.092500 0.092500
1 0.331250 0.736250 0.092500 0.092500
1 0.413750 0.721250 0.092500 0.092500
1 0.493750 0.706250 0.092500 0.092500
4 0.573750 0.691250 0.092500 0.092500
4 0.736250 0.661250 0.092500 0.092500
2 0.816250 0.646250 0.092500 0.092500
