4 0.140000 0.462500 0.065000 0.065000
2 0.427500 0.420000 0.065000 0.065000
2 0.660000 0.385000 0.065000 0.065000
3 0.205000 0.510000 0.065000 0.065000
2 0.322500 0.495000 0.065000 0.065000
0 0.437500 0.477500 0.065000 0.065000
4 0.552500 0.460000 0.065000 0.065000
1 0.610000 0.452500 0.065000 0.065000
2 0.667500 0.442500 0.065000 0.065000
1 0.782500 0.427500 0.065000 0.065000
4 0.840000 0.417500 0.065000 0.065000
4 0.897500 0.410000 0.065000 0.065000
1 0.100000 0.585000 0.065000 0.065000
1 0.157500 0.577500 0.065000 0.065000
4 0.215000 0.567500 0.065000 0.065000
1 0.272500 0.560000 0.065000 0.065000
0 0.387500 0.542500 0.065000 0.065000
1 0.445000 0.535000 0.065000 0.065000
2 0.502500 0.527500 0.065000 0.065000
4 0.907500 0.467500 0.065000 0.065000
2 0.107500 0.642500 0.065000 0.065000
1 0.395000 0.600000 0.065000 0.065000
4 0.512500 0.585000 0.065000 0.065000
2 0.570000 0.575000 0.065000 0.065000
0 0.627500 0.567500 0.065000 0.065000
0 0.685000 0.560000 0.065000 0.065000
1 0.800000 0.542500 0.065000 0.065000
