1 0.096250 0.363750 0.092500 0.092500
4 0.338750 0.316250 0.092500 0.092500
4 0.578750 0.271250 0.092500 0.092500
4 0.741250 0.241250 0.092500 0.092500
2 0.821250 0.226250 0.092500 0.092500
4 0.433750 0.383750 0.092500 0.092500
0 0.596250 0.353750 0.092500 0.092500
2 0.676250 0.338750 0.092500 0.092500
4 0.126250 0.523750 0.092500 0.092500
2 0.611250 0.433750 0.092500 0.092500
4 0.771250 0.403750 0.092500 0.092500
4 0.853750 0.388750 0.092500 0.092500
1 0.383750 0.558750 0.092500 0.092500
0 0.463750 0.543750 0.092500 0.092500
1 0.626250 0.513750 0.092500 0.092500
1 0.868750 0.468750 0.092500 0.092500
1 0.236250 0.671250 0.092500 0.092500
1 0.316250 0.656250 0.092500 0.092500
1 0.641250 0.596250 0.092500 0.092500
4 0.721250 0.578750 0.092500 0.092500
0 0.331250 0.736250 0.092500 0.092500
0 0.413750 0.721250 0.092500 0.092500
2 0.493750 0.706250 0.092500 0.092500
1 0.898750 0.631250 0.092500 0.092500
