1 0.178750 0.328750 0.092500 0.092500
3 0.263750 0.318750 0.092500 0.092500
4 0.428750 0.296250 0.092500 0.092500
1 0.596250 0.273750 0.092500 0.092500
2 0.678750 0.263750 0.092500 0.092500
2 0.846250 0.241250 0.092500 0.092500
1 0.106250 0.423750 0.092500 0.092500
1 0.606250 0.356250 0.092500 0.092500
4 0.691250 0.346250 0.092500 0.092500
3 0.118750 0.506250 0.092500 0.092500
3 0.201250 0.496250 0.092500 0.092500
0 0.368750 0.473750 0.092500 0.092500
4 0.701250 0.428750 0.092500 0.092500
2 0.128750 0.591250 0.092500 0.092500
1 0.213750 0.578750 0.092500 0.092500
3 0.463750 0.546250 0.092500 0.092500
4 0.546250 0.533750 0.092500 0.092500
4 0.711250 0.513750 0.092500 0.092500
1 0.141250 0.673750 0.092500 0.092500
4 0.391250 0.641250 0.092500 0.092500
1 0.473750 0.628750 0.092500 0.092500
2 0.723750 0.596250 0.092500 0.092500
4 0.806250 0.583750 0.092500 0.092500
3 0.888750 0.573750 0.092500 0.092500
1 0.151250 0.756250 0.092500 0.092500
4 0.318750 0.733750 0.092500 0.092500
1 0.401250 0.723750 0.092500 0.092500
1 0.901250 0.656250 0.092500 0.092500
