4 0.093750 0.336250 0.092500 0.092500
3 0.346250 0.306250 0.092500 0.092500
2 0.596250 0.273750 0.092500 0.092500
4 0.763750 0.253750 0.092500 0.092500
3 0.848750 0.241250 0.092500 0.092500
2 0.356250 0.388750 0.092500 0.092500
4 0.606250 0.358750 0.092500 0.092500
4 0.691250 0.346250 0.092500 0.092500
4 0.116250 0.503750 0.092500 0.092500
3 0.198750 0.493750 0.092500 0.092500
4 0.366250 0.473750 0.092500 0.092500
4 0.618750 0.441250 0.092500 0.092500
4 0.701250 0.431250 0.092500 0.092500
1 0.783750 0.421250 0.092500 0.092500
0 0.868750 0.408750 0.092500 0.092500
1 0.126250 0.588750 0.092500 0.092500
1 0.461250 0.546250 0.092500 0.092500
2 0.136250 0.671250 0.092500 0.092500
4 0.221250 0.661250 0.092500 0.092500
0 0.303750 0.651250 0.092500 0.092500
1 0.638750 0.608750 0.092500 0.092500
4 0.806250 0.586250 0.092500 0.092500
3 0.888750 0.576250 0.092500 0.092500
1 0.146250 0.753750 0.092500 0.092500
4 0.231250 0.743750 0.092500 0.092500
1 0.398750 0.723750 0.092500 0.092500
4 0.898750 0.661250 0.092500 0.092500
