1 0.140000 0.515000 0.070000 0.070000
1 0.195000 0.497500 0.070000 0.070000
4 0.305000 0.465000 0.070000 0.070000
4 0.415000 0.430000 0.070000 0.070000
1 0.472500 0.415000 0.070000 0.070000
4 0.637500 0.362500 0.070000 0.070000
1 0.750000 0.330000 0.070000 0.070000
1 0.100000 0.587500 0.070000 0.070000
1 0.155000 0.570000 0.070000 0.070000
2 0.212500 0.552500 0.070000 0.070000
3 0.267500 0.537500 0.070000 0.070000
2 0.322500 0.520000 0.070000 0.070000
4 0.600000 0.435000 0.070000 0.070000
4 0.765000 0.385000 0.070000 0.070000
1 0.877500 0.352500 0.070000 0.070000
4 0.227500 0.610000 0.070000 0.070000
3 0.282500 0.592500 0.070000 0.070000
1 0.395000 0.557500 0.070000 0.070000
1 0.450000 0.542500 0.070000 0.070000
4 0.505000 0.525000 0.070000 0.070000
1 0.560000 0.507500 0.070000 0.070000
4 0.672500 0.475000 0.070000 0.070000
1 0.837500 0.422500 0.070000 0.070000
2 0.892500 0.407500 0.070000 0.070000
4 0.190000 0.680000 0.070000 0.070000
4 0.355000 0.630000 0.070000 0.070000
0 0.412500 0.615000 0.070000 0.070000
3 0.467500 0.597500 0.070000 0.070000
2 0.577500 0.562500 0.070000 0.070000
1 0.632500 0.547500 0.070000 0.070000
1 0.800000 0.495000 0.070000 0.070000
0 0.855000 0.480000 0.070000 0.070000
