0 0.560000 0.412500 0.060000 0.060000
4 0.620000 0.415000 0.060000 0.060000
1 0.855000 0.430000 0.060000 0.060000
1 0.915000 0.432500 0.060000 0.060000
1 0.145000 0.447500 0.060000 0.060000
1 0.322500 0.457500 0.060000 0.060000
2 0.380000 0.462500 0.060000 0.060000
1 0.440000 0.465000 0.060000 0.060000
1 0.497500 0.467500 0.060000 0.060000
4 0.675000 0.477500 0.060000 0.060000
4 0.377500 0.520000 0.060000 0.060000
4 0.555000 0.530000 0.060000 0.060000
0 0.612500 0.535000 0.060000 0.060000
1 0.732500 0.540000 0.060000 0.060000
2 0.850000 0.547500 0.060000 0.060000
4 0.137500 0.567500 0.060000 0.060000
0 0.492500 0.587500 0.060000 0.060000
2 0.550000 0.590000 0.060000 0.060000
4 0.610000 0.592500 0.060000 0.060000
4 0.727500 0.600000 0.060000 0.060000
4 0.787500 0.602500 0.060000 0.060000
1 0.845000 0.607500 0.060000 0.060000
