2 0.171250 0.418750 0.097500 0.097500
4 0.316250 0.358750 0.097500 0.097500
4 0.461250 0.301250 0.097500 0.097500
1 0.606250 0.241250 0.097500 0.097500
1 0.751250 0.183750 0.097500 0.097500
4 0.128750 0.518750 0.097500 0.097500
1 0.488750 0.373750 0.097500 0.097500
1 0.561250 0.343750 0.097500 0.097500
1 0.301250 0.533750 0.097500 0.097500
1 0.518750 0.446250 0.097500 0.097500
4 0.591250 0.416250 0.097500 0.097500
2 0.808750 0.328750 0.097500 0.097500
4 0.331250 0.606250 0.097500 0.097500
2 0.476250 0.546250 0.097500 0.097500
2 0.548750 0.518750 0.097500 0.097500
1 0.621250 0.488750 0.097500 0.097500
1 0.766250 0.431250 0.097500 0.097500
4 0.288750 0.706250 0.097500 0.097500
1 0.361250 0.678750 0.097500 0.097500
0 0.721250 0.531250 0.097500 0.097500
2 0.866250 0.473750 0.097500 0.097500
1 0.246250 0.808750 0.097500 0.097500
0 0.388750 0.751250 0.097500 0.097500
2 0.678750 0.633750 0.097500 0.097500
4 0.751250 0.603750 0.097500 0.097500
2 0.823750 0.573750 0.097500 0.097500
