4 0.301250 0.481250 0.072500 0.072500
4 0.356250 0.458750 0.072500 0.072500
3 0.411250 0.436250 0.072500 0.072500
2 0.518750 0.393750 0.072500 0.072500
2 0.626250 0.348750 0.072500 0.072500
2 0.733750 0.303750 0.072500 0.072500
4 0.843750 0.261250 0.072500 0.072500
1 0.108750 0.623750 0.072500 0.072500
4 0.216250 0.581250 0.072500 0.072500
2 0.271250 0.558750 0.072500 0.072500
4 0.431250 0.491250 0.072500 0.072500
4 0.811250 0.336250 0.072500 0.072500
4 0.863750 0.313750 0.072500 0.072500
0 0.238750 0.633750 0.072500 0.072500
4 0.291250 0.611250 0.072500 0.072500
3 0.346250 0.588750 0.072500 0.072500
0 0.401250 0.568750 0.072500 0.072500
1 0.616250 0.478750 0.072500 0.072500
4 0.671250 0.456250 0.072500 0.072500
2 0.153750 0.731250 0.072500 0.072500
3 0.206250 0.711250 0.072500 0.072500
4 0.531250 0.576250 0.072500 0.072500
0 0.583750 0.556250 0.072500 0.072500
2 0.693750 0.511250 0.072500 0.072500
2 0.746250 0.488750 0.072500 0.072500
4 0.853750 0.443750 0.072500 0.072500
1 0.908750 0.421250 0.072500 0.072500
