1 0.198750 0.296250 0.072500 0.072500
1 0.253750 0.316250 0.072500 0.072500
1 0.363750 0.356250 0.072500 0.072500
2 0.581250 0.433750 0.072500 0.072500
2 0.801250 0.513750 0.072500 0.072500
3 0.853750 0.533750 0.072500 0.072500
4 0.123750 0.331250 0.072500 0.072500
1 0.451250 0.451250 0.072500 0.072500
2 0.671250 0.528750 0.072500 0.072500
1 0.888750 0.606250 0.072500 0.072500
4 0.103750 0.386250 0.072500 0.072500
4 0.213750 0.426250 0.072500 0.072500
0 0.323750 0.466250 0.072500 0.072500
0 0.486250 0.523750 0.072500 0.072500
4 0.541250 0.543750 0.072500 0.072500
3 0.651250 0.583750 0.072500 0.072500
2 0.706250 0.603750 0.072500 0.072500
3 0.871250 0.661250 0.072500 0.072500
1 0.083750 0.441250 0.072500 0.072500
1 0.138750 0.461250 0.072500 0.072500
1 0.193750 0.481250 0.072500 0.072500
1 0.358750 0.538750 0.072500 0.072500
4 0.468750 0.578750 0.072500 0.072500
4 0.631250 0.638750 0.072500 0.072500
4 0.686250 0.658750 0.072500 0.072500
