1 0.153750 0.273750 0.082500 0.082500
4 0.223750 0.291250 0.082500 0.082500
1 0.291250 0.306250 0.082500 0.082500
4 0.428750 0.338750 0.082500 0.082500
0 0.496250 0.353750 0.082500 0.082500
2 0.563750 0.371250 0.082500 0.082500
4 0.838750 0.433750 0.082500 0.082500
0 0.206250 0.358750 0.082500 0.082500
1 0.343750 0.391250 0.082500 0.082500
2 0.616250 0.453750 0.082500 0.082500
1 0.686250 0.471250 0.082500 0.082500
0 0.753750 0.486250 0.082500 0.082500
1 0.821250 0.501250 0.082500 0.082500
1 0.123750 0.411250 0.082500 0.082500
0 0.738750 0.553750 0.082500 0.082500
2 0.806250 0.571250 0.082500 0.082500
4 0.176250 0.496250 0.082500 0.082500
1 0.311250 0.526250 0.082500 0.082500
2 0.721250 0.623750 0.082500 0.082500
4 0.788750 0.638750 0.082500 0.082500
4 0.858750 0.653750 0.082500 0.082500
3 0.296250 0.596250 0.082500 0.082500
4 0.433750 0.626250 0.082500 0.082500
1 0.636250 0.676250 0.082500 0.082500
1 0.706250 0.691250 0.082500 0.082500
4 0.841250 0.723750 0.082500 0.082500
