3 0.171250 0.226250 0.077500 0.077500
3 0.223750 0.253750 0.077500 0.077500
1 0.433750 0.363750 0.077500 0.077500
4 0.486250 0.391250 0.077500 0.077500
4 0.538750 0.418750 0.077500 0.077500
1 0.643750 0.473750 0.077500 0.077500
1 0.748750 0.528750 0.077500 0.077500
4 0.801250 0.556250 0.077500 0.077500
4 0.908750 0.611250 0.077500 0.077500
4 0.196250 0.306250 0.077500 0.077500
2 0.248750 0.333750 0.077500 0.077500
4 0.301250 0.361250 0.077500 0.077500
1 0.406250 0.416250 0.077500 0.077500
3 0.458750 0.443750 0.077500 0.077500
4 0.563750 0.498750 0.077500 0.077500
1 0.721250 0.581250 0.077500 0.077500
1 0.826250 0.636250 0.077500 0.077500
4 0.378750 0.468750 0.077500 0.077500
1 0.431250 0.496250 0.077500 0.077500
4 0.641250 0.606250 0.077500 0.077500
3 0.693750 0.633750 0.077500 0.077500
4 0.798750 0.688750 0.077500 0.077500
3 0.141250 0.411250 0.077500 0.077500
1 0.193750 0.438750 0.077500 0.077500
1 0.246250 0.466250 0.077500 0.077500
4 0.403750 0.548750 0.077500 0.077500
1 0.561250 0.631250 0.077500 0.077500
1 0.771250 0.741250 0.077500 0.077500
