2 0.085000 0.370000 0.075000 0.075000
1 0.160000 0.365000 0.075000 0.075000
2 0.380000 0.355000 0.075000 0.075000
1 0.600000 0.345000 0.075000 0.075000
0 0.675000 0.342500 0.075000 0.075000
4 0.822500 0.335000 0.075000 0.075000
1 0.895000 0.332500 0.075000 0.075000
4 0.090000 0.442500 0.075000 0.075000
1 0.310000 0.432500 0.075000 0.075000
1 0.382500 0.427500 0.075000 0.075000
4 0.530000 0.422500 0.075000 0.075000
1 0.605000 0.417500 0.075000 0.075000
1 0.677500 0.415000 0.075000 0.075000
4 0.825000 0.407500 0.075000 0.075000
4 0.897500 0.405000 0.075000 0.075000
1 0.092500 0.515000 0.075000 0.075000
0 0.902500 0.477500 0.075000 0.075000
4 0.095000 0.590000 0.075000 0.075000
4 0.170000 0.585000 0.075000 0.075000
1 0.242500 0.582500 0.075000 0.075000
1 0.537500 0.570000 0.075000 0.075000
0 0.610000 0.565000 0.075000 0.075000
4 0.320000 0.652500 0.075000 0.075000
1 0.392500 0.650000 0.075000 0.075000
1 0.467500 0.645000 0.075000 0.075000
4 0.615000 0.640000 0.075000 0.075000
4 0.835000 0.630000 0.075000 0.075000
