2 0.332500 0.210000 0.100000 0.100000
2 0.402500 0.242500 0.100000 0.100000
1 0.472500 0.272500 0.100000 0.100000
2 0.542500 0.305000 0.100000 0.100000
2 0.755000 0.402500 0.100000 0.100000
4 0.825000 0.435000 0.100000 0.100000
1 0.895000 0.467500 0.100000 0.100000
4 0.230000 0.247500 0.100000 0.100000
4 0.440000 0.345000 0.100000 0.100000
0 0.582500 0.407500 0.100000 0.100000
1 0.722500 0.472500 0.100000 0.100000
2 0.865000 0.537500 0.100000 0.100000
4 0.197500 0.317500 0.100000 0.100000
4 0.267500 0.350000 0.100000 0.100000
2 0.407500 0.415000 0.100000 0.100000
2 0.550000 0.480000 0.100000 0.100000
0 0.620000 0.512500 0.100000 0.100000
1 0.165000 0.387500 0.100000 0.100000
4 0.235000 0.420000 0.100000 0.100000
1 0.305000 0.452500 0.100000 0.100000
4 0.587500 0.582500 0.100000 0.100000
4 0.132500 0.457500 0.100000 0.100000
4 0.202500 0.490000 0.100000 0.100000
3 0.272500 0.522500 0.100000 0.100000
4 0.625000 0.685000 0.100000 0.100000
4 0.697500 0.717500 0.100000 0.100000
4 0.767500 0.750000 0.100000 0.100000
2 0.100000 0.530000 0.100000 0.100000
4 0.170000 0.562500 0.100000 0.100000
4 0.382500 0.657500 0.100000 0.100000
3 0.592500 0.755000 0.100000 0.100000
