4 0.318750 0.261250 0.092500 0.092500
1 0.486250 0.283750 0.092500 0.092500
1 0.568750 0.296250 0.092500 0.092500
1 0.651250 0.308750 0.092500 0.092500
0 0.816250 0.331250 0.092500 0.092500
0 0.898750 0.343750 0.092500 0.092500
2 0.308750 0.343750 0.092500 0.092500
4 0.391250 0.356250 0.092500 0.092500
4 0.556250 0.378750 0.092500 0.092500
1 0.888750 0.426250 0.092500 0.092500
1 0.131250 0.403750 0.092500 0.092500
1 0.213750 0.413750 0.092500 0.092500
3 0.378750 0.438750 0.092500 0.092500
4 0.461250 0.448750 0.092500 0.092500
0 0.626250 0.473750 0.092500 0.092500
1 0.876250 0.508750 0.092500 0.092500
1 0.201250 0.496250 0.092500 0.092500
4 0.283750 0.508750 0.092500 0.092500
0 0.366250 0.521250 0.092500 0.092500
1 0.698750 0.568750 0.092500 0.092500
2 0.863750 0.591250 0.092500 0.092500
1 0.106250 0.568750 0.092500 0.092500
4 0.438750 0.616250 0.092500 0.092500
3 0.521250 0.626250 0.092500 0.092500
0 0.603750 0.638750 0.092500 0.092500
4 0.686250 0.651250 0.092500 0.092500
0 0.673750 0.733750 0.092500 0.092500
