2 0.093750 0.503750 0.087500 0.087500
2 0.288750 0.428750 0.087500 0.087500
2 0.353750 0.406250 0.087500 0.087500
2 0.418750 0.381250 0.087500 0.087500
0 0.483750 0.356250 0.087500 0.087500
1 0.546250 0.333750 0.087500 0.087500
0 0.741250 0.258750 0.087500 0.087500
2 0.376250 0.471250 0.087500 0.087500
3 0.441250 0.446250 0.087500 0.087500
1 0.506250 0.421250 0.087500 0.087500
4 0.636250 0.373750 0.087500 0.087500
3 0.206250 0.608750 0.087500 0.087500
4 0.401250 0.536250 0.087500 0.087500
4 0.531250 0.486250 0.087500 0.087500
1 0.596250 0.461250 0.087500 0.087500
2 0.661250 0.438750 0.087500 0.087500
1 0.791250 0.388750 0.087500 0.087500
1 0.361250 0.623750 0.087500 0.087500
3 0.426250 0.598750 0.087500 0.087500
1 0.621250 0.526250 0.087500 0.087500
1 0.191250 0.761250 0.087500 0.087500
1 0.386250 0.688750 0.087500 0.087500
1 0.451250 0.663750 0.087500 0.087500
2 0.578750 0.616250 0.087500 0.087500
4 0.773750 0.543750 0.087500 0.087500
4 0.838750 0.518750 0.087500 0.087500
0 0.903750 0.493750 0.087500 0.087500
