4 0.555000 0.285000 0.090000 0.090000
4 0.640000 0.290000 0.090000 0.090000
1 0.727500 0.297500 0.090000 0.090000
1 0.375000 0.360000 0.090000 0.090000
1 0.462500 0.365000 0.090000 0.090000
2 0.635000 0.377500 0.090000 0.090000
3 0.807500 0.387500 0.090000 0.090000
4 0.895000 0.395000 0.090000 0.090000
4 0.110000 0.430000 0.090000 0.090000
1 0.542500 0.457500 0.090000 0.090000
2 0.802500 0.475000 0.090000 0.090000
1 0.105000 0.517500 0.090000 0.090000
1 0.450000 0.540000 0.090000 0.090000
1 0.625000 0.550000 0.090000 0.090000
2 0.705000 0.642500 0.090000 0.090000
1 0.180000 0.695000 0.090000 0.090000
0 0.352500 0.705000 0.090000 0.090000
1 0.527500 0.717500 0.090000 0.090000
1 0.785000 0.735000 0.090000 0.090000
