4 0.120000 0.257500 0.090000 0.090000
1 0.380000 0.272500 0.090000 0.090000
1 0.555000 0.282500 0.090000 0.090000
1 0.727500 0.292500 0.090000 0.090000
2 0.902500 0.302500 0.090000 0.090000
2 0.462500 0.365000 0.090000 0.090000
1 0.637500 0.375000 0.090000 0.090000
3 0.722500 0.380000 0.090000 0.090000
1 0.810000 0.385000 0.090000 0.090000
1 0.197500 0.435000 0.090000 0.090000
0 0.717500 0.467500 0.090000 0.090000
4 0.805000 0.472500 0.090000 0.090000
2 0.452500 0.537500 0.090000 0.090000
1 0.540000 0.542500 0.090000 0.090000
1 0.187500 0.610000 0.090000 0.090000
1 0.795000 0.645000 0.090000 0.090000
4 0.882500 0.650000 0.090000 0.090000
1 0.270000 0.702500 0.090000 0.090000
4 0.530000 0.717500 0.090000 0.090000
2 0.615000 0.722500 0.090000 0.090000
2 0.702500 0.727500 0.090000 0.090000
