3 0.522500 0.280000 0.090000 0.090000
4 0.610000 0.272500 0.090000 0.090000
4 0.695000 0.267500 0.090000 0.090000
4 0.867500 0.252500 0.090000 0.090000
4 0.102500 0.400000 0.090000 0.090000
2 0.187500 0.395000 0.090000 0.090000
0 0.530000 0.365000 0.090000 0.090000
4 0.702500 0.352500 0.090000 0.090000
0 0.872500 0.337500 0.090000 0.090000
1 0.110000 0.487500 0.090000 0.090000
2 0.365000 0.465000 0.090000 0.090000
4 0.452500 0.460000 0.090000 0.090000
0 0.622500 0.445000 0.090000 0.090000
1 0.795000 0.430000 0.090000 0.090000
2 0.880000 0.425000 0.090000 0.090000
4 0.202500 0.565000 0.090000 0.090000
4 0.545000 0.537500 0.090000 0.090000
2 0.715000 0.522500 0.090000 0.090000
4 0.122500 0.657500 0.090000 0.090000
1 0.380000 0.637500 0.090000 0.090000
2 0.895000 0.595000 0.090000 0.090000
4 0.557500 0.710000 0.090000 0.090000
0 0.645000 0.702500 0.090000 0.090000
