0 0.258750 0.328750 0.077500 0.077500
2 0.476250 0.351250 0.077500 0.077500
4 0.548750 0.358750 0.077500 0.077500
4 0.691250 0.373750 0.077500 0.077500
3 0.906250 0.393750 0.077500 0.077500
4 0.323750 0.408750 0.077500 0.077500
1 0.468750 0.423750 0.077500 0.077500
4 0.541250 0.431250 0.077500 0.077500
3 0.611250 0.436250 0.077500 0.077500
3 0.683750 0.443750 0.077500 0.077500
1 0.828750 0.458750 0.077500 0.077500
1 0.101250 0.458750 0.077500 0.077500
1 0.246250 0.473750 0.077500 0.077500
1 0.388750 0.488750 0.077500 0.077500
1 0.461250 0.496250 0.077500 0.077500
0 0.533750 0.501250 0.077500 0.077500
1 0.821250 0.531250 0.077500 0.077500
0 0.893750 0.538750 0.077500 0.077500
4 0.238750 0.546250 0.077500 0.077500
4 0.311250 0.553750 0.077500 0.077500
1 0.381250 0.558750 0.077500 0.077500
3 0.453750 0.566250 0.077500 0.077500
1 0.598750 0.581250 0.077500 0.077500
1 0.086250 0.603750 0.077500 0.077500
2 0.231250 0.616250 0.077500 0.077500
3 0.376250 0.631250 0.077500 0.077500
3 0.446250 0.638750 0.077500 0.077500
4 0.878750 0.681250 0.077500 0.077500
