2 0.227500 0.357500 0.065000 0.065000
4 0.285000 0.367500 0.065000 0.065000
1 0.342500 0.380000 0.065000 0.065000
0 0.400000 0.390000 0.065000 0.065000
1 0.627500 0.432500 0.065000 0.065000
3 0.800000 0.465000 0.065000 0.065000
3 0.912500 0.485000 0.065000 0.065000
2 0.217500 0.415000 0.065000 0.065000
1 0.332500 0.435000 0.065000 0.065000
4 0.445000 0.457500 0.065000 0.065000
4 0.560000 0.480000 0.065000 0.065000
2 0.675000 0.500000 0.065000 0.065000
1 0.787500 0.522500 0.065000 0.065000
3 0.092500 0.450000 0.065000 0.065000
2 0.265000 0.482500 0.065000 0.065000
3 0.550000 0.535000 0.065000 0.065000
2 0.607500 0.547500 0.065000 0.065000
2 0.665000 0.557500 0.065000 0.065000
0 0.720000 0.567500 0.065000 0.065000
4 0.835000 0.590000 0.065000 0.065000
1 0.140000 0.517500 0.065000 0.065000
4 0.197500 0.527500 0.065000 0.065000
2 0.425000 0.572500 0.065000 0.065000
3 0.482500 0.582500 0.065000 0.065000
0 0.595000 0.602500 0.065000 0.065000
