4 0.085000 0.537500 0.070000 0.070000
4 0.195000 0.502500 0.070000 0.070000
1 0.250000 0.485000 0.070000 0.070000
4 0.360000 0.450000 0.070000 0.070000
2 0.692500 0.342500 0.070000 0.070000
1 0.747500 0.325000 0.070000 0.070000
2 0.157500 0.575000 0.070000 0.070000
4 0.377500 0.505000 0.070000 0.070000
1 0.490000 0.470000 0.070000 0.070000
4 0.820000 0.362500 0.070000 0.070000
2 0.875000 0.345000 0.070000 0.070000
1 0.120000 0.647500 0.070000 0.070000
0 0.340000 0.577500 0.070000 0.070000
2 0.452500 0.542500 0.070000 0.070000
1 0.617500 0.487500 0.070000 0.070000
4 0.672500 0.470000 0.070000 0.070000
0 0.782500 0.435000 0.070000 0.070000
1 0.837500 0.417500 0.070000 0.070000
1 0.892500 0.400000 0.070000 0.070000
2 0.305000 0.650000 0.070000 0.070000
4 0.360000 0.632500 0.070000 0.070000
0 0.470000 0.597500 0.070000 0.070000
0 0.580000 0.562500 0.070000 0.070000
1 0.745000 0.507500 0.070000 0.070000
1 0.910000 0.455000 0.070000 0.070000
