3 0.168750 0.338750 0.072500 0.072500
1 0.833750 0.358750 0.072500 0.072500
4 0.908750 0.361250 0.072500 0.072500
0 0.463750 0.421250 0.072500 0.072500
1 0.238750 0.491250 0.072500 0.072500
4 0.386250 0.493750 0.072500 0.072500
3 0.461250 0.496250 0.072500 0.072500
1 0.533750 0.498750 0.072500 0.072500
1 0.683750 0.503750 0.072500 0.072500
0 0.458750 0.571250 0.072500 0.072500
1 0.161250 0.636250 0.072500 0.072500
4 0.233750 0.638750 0.072500 0.072500
4 0.381250 0.641250 0.072500 0.072500
4 0.456250 0.643750 0.072500 0.072500
2 0.531250 0.646250 0.072500 0.072500
2 0.678750 0.651250 0.072500 0.072500
