1 0.206250 0.216250 0.087500 0.087500
4 0.331250 0.273750 0.087500 0.087500
1 0.586250 0.386250 0.087500 0.087500
1 0.648750 0.413750 0.087500 0.087500
3 0.838750 0.496250 0.087500 0.087500
4 0.901250 0.523750 0.087500 0.087500
1 0.241250 0.308750 0.087500 0.087500
4 0.493750 0.421250 0.087500 0.087500
1 0.621250 0.476250 0.087500 0.087500
3 0.746250 0.531250 0.087500 0.087500
2 0.148750 0.343750 0.087500 0.087500
3 0.276250 0.398750 0.087500 0.087500
4 0.338750 0.428750 0.087500 0.087500
4 0.403750 0.456250 0.087500 0.087500
1 0.781250 0.623750 0.087500 0.087500
0 0.846250 0.651250 0.087500 0.087500
1 0.121250 0.406250 0.087500 0.087500
0 0.248750 0.463750 0.087500 0.087500
2 0.373750 0.518750 0.087500 0.087500
4 0.628750 0.631250 0.087500 0.087500
0 0.753750 0.686250 0.087500 0.087500
1 0.156250 0.498750 0.087500 0.087500
0 0.221250 0.526250 0.087500 0.087500
0 0.346250 0.581250 0.087500 0.087500
1 0.663750 0.721250 0.087500 0.087500
0 0.788750 0.778750 0.087500 0.087500
