1 0.146250 0.268750 0.072500 0.072500
1 0.201250 0.291250 0.072500 0.072500
1 0.311250 0.331250 0.072500 0.072500
3 0.363750 0.353750 0.072500 0.072500
2 0.418750 0.373750 0.072500 0.072500
0 0.473750 0.393750 0.072500 0.072500
1 0.581250 0.436250 0.072500 0.072500
3 0.691250 0.478750 0.072500 0.072500
3 0.798750 0.518750 0.072500 0.072500
1 0.126250 0.323750 0.072500 0.072500
2 0.236250 0.366250 0.072500 0.072500
3 0.288750 0.386250 0.072500 0.072500
1 0.398750 0.428750 0.072500 0.072500
1 0.453750 0.448750 0.072500 0.072500
3 0.506250 0.468750 0.072500 0.072500
4 0.833750 0.593750 0.072500 0.072500
4 0.106250 0.378750 0.072500 0.072500
3 0.268750 0.441250 0.072500 0.072500
4 0.541250 0.543750 0.072500 0.072500
0 0.703750 0.606250 0.072500 0.072500
3 0.758750 0.628750 0.072500 0.072500
4 0.866250 0.668750 0.072500 0.072500
2 0.083750 0.433750 0.072500 0.072500
4 0.138750 0.453750 0.072500 0.072500
1 0.193750 0.473750 0.072500 0.072500
1 0.301250 0.516250 0.072500 0.072500
4 0.356250 0.536250 0.072500 0.072500
1 0.791250 0.703750 0.072500 0.072500
