2 0.240000 0.405000 0.100000 0.100000
4 0.310000 0.372500 0.100000 0.100000
0 0.450000 0.305000 0.100000 0.100000
1 0.662500 0.207500 0.100000 0.100000
4 0.732500 0.175000 0.100000 0.100000
1 0.555000 0.342500 0.100000 0.100000
1 0.625000 0.310000 0.100000 0.100000
4 0.235000 0.577500 0.100000 0.100000
4 0.587500 0.415000 0.100000 0.100000
4 0.727500 0.347500 0.100000 0.100000
4 0.340000 0.615000 0.100000 0.100000
1 0.410000 0.582500 0.100000 0.100000
1 0.550000 0.517500 0.100000 0.100000
1 0.620000 0.485000 0.100000 0.100000
0 0.760000 0.417500 0.100000 0.100000
3 0.830000 0.385000 0.100000 0.100000
4 0.302500 0.717500 0.100000 0.100000
2 0.582500 0.587500 0.100000 0.100000
4 0.862500 0.455000 0.100000 0.100000
4 0.405000 0.755000 0.100000 0.100000
4 0.545000 0.690000 0.100000 0.100000
2 0.895000 0.525000 0.100000 0.100000
