3 0.241250 0.186250 0.097500 0.097500
4 0.386250 0.243750 0.097500 0.097500
3 0.748750 0.386250 0.097500 0.097500
0 0.896250 0.443750 0.097500 0.097500
4 0.431250 0.343750 0.097500 0.097500
4 0.503750 0.373750 0.097500 0.097500
0 0.721250 0.458750 0.097500 0.097500
1 0.793750 0.486250 0.097500 0.097500
4 0.183750 0.331250 0.097500 0.097500
4 0.256250 0.361250 0.097500 0.097500
4 0.328750 0.388750 0.097500 0.097500
1 0.618750 0.503750 0.097500 0.097500
4 0.693750 0.531250 0.097500 0.097500
1 0.301250 0.461250 0.097500 0.097500
3 0.591250 0.576250 0.097500 0.097500
1 0.198750 0.506250 0.097500 0.097500
1 0.271250 0.533750 0.097500 0.097500
4 0.636250 0.676250 0.097500 0.097500
4 0.781250 0.733750 0.097500 0.097500
4 0.316250 0.636250 0.097500 0.097500
4 0.388750 0.663750 0.097500 0.097500
1 0.461250 0.693750 0.097500 0.097500
4 0.678750 0.778750 0.097500 0.097500
