1 0.090000 0.435000 0.080000 0.080000
1 0.297500 0.395000 0.080000 0.080000
2 0.435000 0.365000 0.080000 0.080000
2 0.505000 0.352500 0.080000 0.080000
2 0.572500 0.337500 0.080000 0.080000
1 0.712500 0.310000 0.080000 0.080000
4 0.780000 0.295000 0.080000 0.080000
1 0.242500 0.477500 0.080000 0.080000
1 0.587500 0.407500 0.080000 0.080000
1 0.725000 0.377500 0.080000 0.080000
4 0.862500 0.350000 0.080000 0.080000
0 0.255000 0.545000 0.080000 0.080000
4 0.325000 0.532500 0.080000 0.080000
2 0.670000 0.462500 0.080000 0.080000
4 0.740000 0.447500 0.080000 0.080000
2 0.132500 0.642500 0.080000 0.080000
4 0.270000 0.615000 0.080000 0.080000
4 0.340000 0.600000 0.080000 0.080000
4 0.685000 0.530000 0.080000 0.080000
3 0.892500 0.487500 0.080000 0.080000
4 0.285000 0.685000 0.080000 0.080000
0 0.352500 0.670000 0.080000 0.080000
2 0.492500 0.642500 0.080000 0.080000
4 0.630000 0.612500 0.080000 0.080000
4 0.837500 0.570000 0.080000 0.080000
