4 0.326250 0.316250 0.077500 0.077500
1 0.483750 0.393750 0.077500 0.077500
0 0.536250 0.418750 0.077500 0.077500
2 0.591250 0.443750 0.077500 0.077500
4 0.643750 0.471250 0.077500 0.077500
2 0.696250 0.496250 0.077500 0.077500
1 0.803750 0.548750 0.077500 0.077500
0 0.856250 0.573750 0.077500 0.077500
0 0.141250 0.291250 0.077500 0.077500
1 0.351250 0.393750 0.077500 0.077500
0 0.458750 0.446250 0.077500 0.077500
0 0.511250 0.471250 0.077500 0.077500
0 0.563750 0.498750 0.077500 0.077500
2 0.618750 0.523750 0.077500 0.077500
2 0.671250 0.548750 0.077500 0.077500
4 0.776250 0.601250 0.077500 0.077500
3 0.828750 0.626250 0.077500 0.077500
2 0.883750 0.653750 0.077500 0.077500
1 0.113750 0.343750 0.077500 0.077500
4 0.221250 0.396250 0.077500 0.077500
1 0.326250 0.448750 0.077500 0.077500
1 0.433750 0.498750 0.077500 0.077500
4 0.486250 0.526250 0.077500 0.077500
0 0.538750 0.551250 0.077500 0.077500
2 0.751250 0.653750 0.077500 0.077500
1 0.856250 0.706250 0.077500 0.077500
4 0.141250 0.423750 0.077500 0.077500
1 0.248750 0.473750 0.077500 0.077500
3 0.353750 0.526250 0.077500 0.077500
2 0.458750 0.578750 0.077500 0.077500
0 0.513750 0.603750 0.077500 0.077500
1 0.618750 0.656250 0.077500 0.077500
1 0.831250 0.758750 0.077500 0.077500
