2 0.441250 0.361250 0.077500 0.077500
2 0.581250 0.341250 0.077500 0.077500
2 0.721250 0.318750 0.077500 0.077500
4 0.863750 0.296250 0.077500 0.077500
4 0.098750 0.486250 0.077500 0.077500
4 0.241250 0.466250 0.077500 0.077500
4 0.591250 0.411250 0.077500 0.077500
0 0.663750 0.398750 0.077500 0.077500
4 0.803750 0.378750 0.077500 0.077500
2 0.873750 0.366250 0.077500 0.077500
1 0.181250 0.546250 0.077500 0.077500
4 0.321250 0.523750 0.077500 0.077500
1 0.461250 0.503750 0.077500 0.077500
4 0.603750 0.481250 0.077500 0.077500
4 0.673750 0.471250 0.077500 0.077500
4 0.883750 0.436250 0.077500 0.077500
0 0.333750 0.596250 0.077500 0.077500
4 0.543750 0.561250 0.077500 0.077500
1 0.131250 0.698750 0.077500 0.077500
1 0.203750 0.686250 0.077500 0.077500
0 0.273750 0.676250 0.077500 0.077500
1 0.766250 0.598750 0.077500 0.077500
