1 0.097500 0.375000 0.095000 0.095000
1 0.257500 0.342500 0.095000 0.095000
4 0.497500 0.290000 0.095000 0.095000
4 0.655000 0.257500 0.095000 0.095000
3 0.815000 0.222500 0.095000 0.095000
4 0.275000 0.420000 0.095000 0.095000
4 0.352500 0.405000 0.095000 0.095000
2 0.432500 0.387500 0.095000 0.095000
1 0.512500 0.370000 0.095000 0.095000
3 0.832500 0.302500 0.095000 0.095000
0 0.130000 0.535000 0.095000 0.095000
1 0.290000 0.500000 0.095000 0.095000
2 0.530000 0.450000 0.095000 0.095000
1 0.850000 0.382500 0.095000 0.095000
0 0.387500 0.565000 0.095000 0.095000
1 0.467500 0.547500 0.095000 0.095000
1 0.707500 0.497500 0.095000 0.095000
1 0.865000 0.462500 0.095000 0.095000
3 0.325000 0.660000 0.095000 0.095000
1 0.485000 0.627500 0.095000 0.095000
1 0.565000 0.610000 0.095000 0.095000
4 0.642500 0.592500 0.095000 0.095000
4 0.342500 0.740000 0.095000 0.095000
0 0.420000 0.722500 0.095000 0.095000
4 0.500000 0.707500 0.095000 0.095000
4 0.660000 0.672500 0.095000 0.095000
3 0.740000 0.655000 0.095000 0.095000
4 0.820000 0.640000 0.095000 0.095000
