1 0.140000 0.512500 0.070000 0.070000
4 0.195000 0.497500 0.070000 0.070000
1 0.362500 0.447500 0.070000 0.070000
1 0.417500 0.432500 0.070000 0.070000
2 0.640000 0.365000 0.070000 0.070000
1 0.750000 0.332500 0.070000 0.070000
1 0.807500 0.317500 0.070000 0.070000
0 0.100000 0.585000 0.070000 0.070000
0 0.322500 0.520000 0.070000 0.070000
1 0.490000 0.470000 0.070000 0.070000
4 0.545000 0.455000 0.070000 0.070000
4 0.655000 0.422500 0.070000 0.070000
4 0.712500 0.405000 0.070000 0.070000
3 0.822500 0.372500 0.070000 0.070000
4 0.877500 0.357500 0.070000 0.070000
2 0.172500 0.625000 0.070000 0.070000
3 0.450000 0.542500 0.070000 0.070000
2 0.840000 0.427500 0.070000 0.070000
2 0.132500 0.695000 0.070000 0.070000
2 0.187500 0.680000 0.070000 0.070000
1 0.355000 0.630000 0.070000 0.070000
3 0.410000 0.615000 0.070000 0.070000
1 0.745000 0.517500 0.070000 0.070000
2 0.855000 0.485000 0.070000 0.070000
