0 0.081250 0.508750 0.067500 0.067500
0 0.306250 0.453750 0.067500 0.067500
4 0.418750 0.426250 0.067500 0.067500
4 0.476250 0.411250 0.067500 0.067500
1 0.588750 0.383750 0.067500 0.067500
1 0.701250 0.356250 0.067500 0.067500
0 0.756250 0.343750 0.067500 0.067500
2 0.868750 0.316250 0.067500 0.067500
1 0.096250 0.566250 0.067500 0.067500
0 0.151250 0.551250 0.067500 0.067500
3 0.263750 0.523750 0.067500 0.067500
3 0.488750 0.468750 0.067500 0.067500
0 0.658750 0.426250 0.067500 0.067500
3 0.771250 0.398750 0.067500 0.067500
4 0.826250 0.386250 0.067500 0.067500
2 0.883750 0.371250 0.067500 0.067500
1 0.111250 0.621250 0.067500 0.067500
3 0.223750 0.593750 0.067500 0.067500
4 0.336250 0.566250 0.067500 0.067500
3 0.616250 0.496250 0.067500 0.067500
4 0.728750 0.468750 0.067500 0.067500
1 0.841250 0.441250 0.067500 0.067500
3 0.896250 0.428750 0.067500 0.067500
1 0.406250 0.608750 0.067500 0.067500
1 0.518750 0.581250 0.067500 0.067500
4 0.686250 0.538750 0.067500 0.067500
4 0.798750 0.511250 0.067500 0.067500
1 0.853750 0.498750 0.067500 0.067500
3 0.911250 0.483750 0.067500 0.067500
