4 0.087500 0.387500 0.075000 0.075000
4 0.232500 0.375000 0.075000 0.075000
4 0.305000 0.367500 0.075000 0.075000
1 0.447500 0.355000 0.075000 0.075000
1 0.665000 0.335000 0.075000 0.075000
0 0.810000 0.322500 0.075000 0.075000
4 0.237500 0.447500 0.075000 0.075000
1 0.455000 0.427500 0.075000 0.075000
2 0.672500 0.407500 0.075000 0.075000
3 0.815000 0.395000 0.075000 0.075000
1 0.887500 0.387500 0.075000 0.075000
1 0.100000 0.532500 0.075000 0.075000
4 0.172500 0.525000 0.075000 0.075000
2 0.462500 0.500000 0.075000 0.075000
2 0.605000 0.487500 0.075000 0.075000
0 0.677500 0.480000 0.075000 0.075000
3 0.750000 0.472500 0.075000 0.075000
0 0.822500 0.467500 0.075000 0.075000
1 0.107500 0.605000 0.075000 0.075000
1 0.322500 0.585000 0.075000 0.075000
2 0.395000 0.577500 0.075000 0.075000
1 0.757500 0.545000 0.075000 0.075000
3 0.902500 0.532500 0.075000 0.075000
4 0.185000 0.670000 0.075000 0.075000
4 0.257500 0.662500 0.075000 0.075000
2 0.330000 0.657500 0.075000 0.075000
1 0.402500 0.650000 0.075000 0.075000
4 0.475000 0.645000 0.075000 0.075000
4 0.907500 0.605000 0.075000 0.075000
