3 0.420000 0.375000 0.085000 0.085000
2 0.487500 0.355000 0.085000 0.085000
1 0.620000 0.312500 0.085000 0.085000
4 0.817500 0.247500 0.085000 0.085000
4 0.310000 0.485000 0.085000 0.085000
4 0.772500 0.335000 0.085000 0.085000
1 0.135000 0.615000 0.085000 0.085000
3 0.397500 0.530000 0.085000 0.085000
1 0.860000 0.380000 0.085000 0.085000
1 0.155000 0.680000 0.085000 0.085000
4 0.222500 0.660000 0.085000 0.085000
4 0.352500 0.617500 0.085000 0.085000
1 0.617500 0.530000 0.085000 0.085000
4 0.682500 0.510000 0.085000 0.085000
1 0.750000 0.487500 0.085000 0.085000
1 0.177500 0.747500 0.085000 0.085000
2 0.242500 0.725000 0.085000 0.085000
0 0.572500 0.617500 0.085000 0.085000
1 0.640000 0.597500 0.085000 0.085000
1 0.837500 0.532500 0.085000 0.085000
