1 0.296250 0.298750 0.082500 0.082500
1 0.701250 0.406250 0.082500 0.082500
2 0.836250 0.443750 0.082500 0.082500
1 0.903750 0.461250 0.082500 0.082500
1 0.143750 0.328750 0.082500 0.082500
4 0.278750 0.366250 0.082500 0.082500
0 0.346250 0.383750 0.082500 0.082500
3 0.413750 0.401250 0.082500 0.082500
1 0.481250 0.421250 0.082500 0.082500
4 0.548750 0.438750 0.082500 0.082500
2 0.616250 0.456250 0.082500 0.082500
2 0.751250 0.493750 0.082500 0.082500
4 0.396250 0.468750 0.082500 0.082500
1 0.463750 0.488750 0.082500 0.082500
2 0.531250 0.506250 0.082500 0.082500
4 0.598750 0.523750 0.082500 0.082500
1 0.731250 0.561250 0.082500 0.082500
2 0.866250 0.596250 0.082500 0.082500
0 0.176250 0.481250 0.082500 0.082500
4 0.443750 0.553750 0.082500 0.082500
4 0.578750 0.591250 0.082500 0.082500
2 0.646250 0.608750 0.082500 0.082500
3 0.848750 0.663750 0.082500 0.082500
0 0.088750 0.531250 0.082500 0.082500
1 0.223750 0.568750 0.082500 0.082500
4 0.291250 0.586250 0.082500 0.082500
4 0.358750 0.603750 0.082500 0.082500
3 0.426250 0.621250 0.082500 0.082500
1 0.493750 0.641250 0.082500 0.082500
3 0.696250 0.693750 0.082500 0.082500
