4 0.837500 0.462500 0.085000 0.085000
2 0.287500 0.355000 0.085000 0.085000
3 0.352500 0.377500 0.085000 0.085000
1 0.552500 0.442500 0.085000 0.085000
4 0.682500 0.485000 0.085000 0.085000
4 0.750000 0.505000 0.085000 0.085000
0 0.815000 0.527500 0.085000 0.085000
4 0.882500 0.550000 0.085000 0.085000
4 0.265000 0.422500 0.085000 0.085000
1 0.397500 0.465000 0.085000 0.085000
1 0.530000 0.507500 0.085000 0.085000
2 0.662500 0.550000 0.085000 0.085000
1 0.860000 0.615000 0.085000 0.085000
1 0.112500 0.445000 0.085000 0.085000
1 0.245000 0.487500 0.085000 0.085000
4 0.310000 0.510000 0.085000 0.085000
2 0.377500 0.530000 0.085000 0.085000
0 0.507500 0.572500 0.085000 0.085000
3 0.640000 0.617500 0.085000 0.085000
0 0.772500 0.660000 0.085000 0.085000
4 0.290000 0.575000 0.085000 0.085000
4 0.620000 0.682500 0.085000 0.085000
4 0.750000 0.725000 0.085000 0.085000
