2 0.251250 0.243750 0.092500 0.092500
4 0.331250 0.258750 0.092500 0.092500
3 0.573750 0.303750 0.092500 0.092500
0 0.736250 0.331250 0.092500 0.092500
1 0.816250 0.346250 0.092500 0.092500
4 0.898750 0.361250 0.092500 0.092500
2 0.153750 0.308750 0.092500 0.092500
3 0.316250 0.338750 0.092500 0.092500
3 0.558750 0.383750 0.092500 0.092500
0 0.641250 0.398750 0.092500 0.092500
0 0.721250 0.413750 0.092500 0.092500
4 0.883750 0.443750 0.092500 0.092500
4 0.221250 0.406250 0.092500 0.092500
1 0.463750 0.451250 0.092500 0.092500
3 0.626250 0.478750 0.092500 0.092500
4 0.706250 0.493750 0.092500 0.092500
4 0.868750 0.523750 0.092500 0.092500
4 0.206250 0.486250 0.092500 0.092500
0 0.368750 0.516250 0.092500 0.092500
2 0.528750 0.546250 0.092500 0.092500
4 0.611250 0.561250 0.092500 0.092500
1 0.691250 0.576250 0.092500 0.092500
4 0.191250 0.568750 0.092500 0.092500
1 0.271250 0.581250 0.092500 0.092500
1 0.433750 0.611250 0.092500 0.092500
4 0.513750 0.626250 0.092500 0.092500
1 0.596250 0.641250 0.092500 0.092500
1 0.676250 0.656250 0.092500 0.092500
2 0.838750 0.686250 0.092500 0.092500
3 0.096250 0.633750 0.092500 0.092500
1 0.338750 0.678750 0.092500 0.092500
2 0.418750 0.693750 0.092500 0.092500
1 0.581250 0.723750 0.092500 0.092500
4 0.823750 0.766250 0.092500 0.092500
