1 0.217500 0.292500 0.080000 0.080000
4 0.355000 0.322500 0.080000 0.080000
1 0.560000 0.367500 0.080000 0.080000
2 0.132500 0.345000 0.080000 0.080000
4 0.340000 0.390000 0.080000 0.080000
3 0.545000 0.435000 0.080000 0.080000
1 0.682500 0.465000 0.080000 0.080000
3 0.752500 0.480000 0.080000 0.080000
4 0.392500 0.475000 0.080000 0.080000
0 0.462500 0.490000 0.080000 0.080000
4 0.102500 0.482500 0.080000 0.080000
4 0.172500 0.497500 0.080000 0.080000
1 0.377500 0.542500 0.080000 0.080000
2 0.447500 0.557500 0.080000 0.080000
1 0.722500 0.617500 0.080000 0.080000
2 0.790000 0.632500 0.080000 0.080000
1 0.860000 0.647500 0.080000 0.080000
2 0.295000 0.597500 0.080000 0.080000
2 0.707500 0.685000 0.080000 0.080000
