4 0.156250 0.273750 0.082500 0.082500
0 0.291250 0.306250 0.082500 0.082500
1 0.428750 0.338750 0.082500 0.082500
4 0.768750 0.418750 0.082500 0.082500
4 0.838750 0.433750 0.082500 0.082500
3 0.906250 0.451250 0.082500 0.082500
4 0.138750 0.341250 0.082500 0.082500
4 0.411250 0.406250 0.082500 0.082500
1 0.888750 0.518750 0.082500 0.082500
2 0.191250 0.426250 0.082500 0.082500
3 0.258750 0.441250 0.082500 0.082500
1 0.396250 0.473750 0.082500 0.082500
1 0.736250 0.553750 0.082500 0.082500
1 0.806250 0.571250 0.082500 0.082500
4 0.106250 0.478750 0.082500 0.082500
3 0.176250 0.493750 0.082500 0.082500
0 0.448750 0.558750 0.082500 0.082500
1 0.516250 0.573750 0.082500 0.082500
1 0.583750 0.591250 0.082500 0.082500
1 0.788750 0.638750 0.082500 0.082500
0 0.091250 0.546250 0.082500 0.082500
0 0.228750 0.578750 0.082500 0.082500
0 0.296250 0.593750 0.082500 0.082500
1 0.363750 0.611250 0.082500 0.082500
0 0.568750 0.658750 0.082500 0.082500
3 0.706250 0.691250 0.082500 0.082500
