1 0.363750 0.358750 0.072500 0.072500
0 0.526250 0.416250 0.072500 0.072500
1 0.636250 0.453750 0.072500 0.072500
2 0.746250 0.491250 0.072500 0.072500
2 0.856250 0.528750 0.072500 0.072500
1 0.398750 0.431250 0.072500 0.072500
2 0.453750 0.451250 0.072500 0.072500
1 0.563750 0.488750 0.072500 0.072500
2 0.618750 0.508750 0.072500 0.072500
4 0.673750 0.526250 0.072500 0.072500
0 0.781250 0.566250 0.072500 0.072500
4 0.836250 0.583750 0.072500 0.072500
4 0.106250 0.391250 0.072500 0.072500
1 0.213750 0.428750 0.072500 0.072500
0 0.323750 0.468750 0.072500 0.072500
2 0.378750 0.486250 0.072500 0.072500
4 0.598750 0.563750 0.072500 0.072500
4 0.818750 0.638750 0.072500 0.072500
0 0.086250 0.446250 0.072500 0.072500
2 0.196250 0.483750 0.072500 0.072500
4 0.416250 0.561250 0.072500 0.072500
4 0.743750 0.676250 0.072500 0.072500
