3 0.226250 0.283750 0.082500 0.082500
4 0.293750 0.301250 0.082500 0.082500
4 0.363750 0.318750 0.082500 0.082500
4 0.431250 0.336250 0.082500 0.082500
4 0.498750 0.353750 0.082500 0.082500
1 0.566250 0.371250 0.082500 0.082500
4 0.701250 0.406250 0.082500 0.082500
4 0.276250 0.368750 0.082500 0.082500
3 0.346250 0.386250 0.082500 0.082500
1 0.413750 0.403750 0.082500 0.082500
1 0.683750 0.473750 0.082500 0.082500
1 0.818750 0.508750 0.082500 0.082500
4 0.191250 0.418750 0.082500 0.082500
1 0.396250 0.471250 0.082500 0.082500
2 0.463750 0.488750 0.082500 0.082500
0 0.598750 0.523750 0.082500 0.082500
1 0.801250 0.576250 0.082500 0.082500
2 0.868750 0.593750 0.082500 0.082500
4 0.243750 0.506250 0.082500 0.082500
0 0.311250 0.521250 0.082500 0.082500
4 0.446250 0.556250 0.082500 0.082500
2 0.088750 0.538750 0.082500 0.082500
2 0.631250 0.676250 0.082500 0.082500
3 0.698750 0.693750 0.082500 0.082500
