4 0.158750 0.446250 0.082500 0.082500
1 0.226250 0.428750 0.082500 0.082500
2 0.293750 0.408750 0.082500 0.082500
1 0.493750 0.353750 0.082500 0.082500
1 0.561250 0.333750 0.082500 0.082500
0 0.628750 0.316250 0.082500 0.082500
1 0.696250 0.296250 0.082500 0.082500
4 0.446250 0.438750 0.082500 0.082500
0 0.513750 0.421250 0.082500 0.082500
1 0.713750 0.363750 0.082500 0.082500
2 0.781250 0.346250 0.082500 0.082500
4 0.848750 0.326250 0.082500 0.082500
2 0.463750 0.506250 0.082500 0.082500
4 0.531250 0.486250 0.082500 0.082500
4 0.666250 0.448750 0.082500 0.082500
2 0.683750 0.516250 0.082500 0.082500
4 0.818750 0.478750 0.082500 0.082500
4 0.886250 0.461250 0.082500 0.082500
2 0.166250 0.733750 0.082500 0.082500
4 0.366250 0.678750 0.082500 0.082500
2 0.433750 0.658750 0.082500 0.082500
1 0.568750 0.621250 0.082500 0.082500
4 0.636250 0.603750 0.082500 0.082500
1 0.771250 0.566250 0.082500 0.082500
4 0.903750 0.528750 0.082500 0.082500
