1 0.268750 0.243750 0.087500 0.087500
1 0.333750 0.273750 0.087500 0.087500
1 0.458750 0.328750 0.087500 0.087500
4 0.586250 0.386250 0.087500 0.087500
4 0.838750 0.498750 0.087500 0.087500
1 0.368750 0.363750 0.087500 0.087500
1 0.811250 0.561250 0.087500 0.087500
1 0.213750 0.371250 0.087500 0.087500
4 0.276250 0.398750 0.087500 0.087500
1 0.338750 0.426250 0.087500 0.087500
4 0.403750 0.456250 0.087500 0.087500
0 0.591250 0.538750 0.087500 0.087500
2 0.718750 0.596250 0.087500 0.087500
1 0.846250 0.651250 0.087500 0.087500
4 0.501250 0.573750 0.087500 0.087500
3 0.691250 0.658750 0.087500 0.087500
2 0.816250 0.716250 0.087500 0.087500
1 0.156250 0.496250 0.087500 0.087500
1 0.661250 0.721250 0.087500 0.087500
