2 0.290000 0.417500 0.085000 0.085000
4 0.487500 0.355000 0.085000 0.085000
1 0.555000 0.332500 0.085000 0.085000
4 0.177500 0.525000 0.085000 0.085000
2 0.245000 0.505000 0.085000 0.085000
4 0.310000 0.482500 0.085000 0.085000
2 0.442500 0.442500 0.085000 0.085000
4 0.510000 0.420000 0.085000 0.085000
1 0.575000 0.400000 0.085000 0.085000
3 0.642500 0.380000 0.085000 0.085000
4 0.332500 0.550000 0.085000 0.085000
4 0.397500 0.527500 0.085000 0.085000
1 0.530000 0.487500 0.085000 0.085000
1 0.597500 0.465000 0.085000 0.085000
4 0.795000 0.402500 0.085000 0.085000
1 0.862500 0.382500 0.085000 0.085000
2 0.285000 0.637500 0.085000 0.085000
4 0.352500 0.615000 0.085000 0.085000
1 0.485000 0.575000 0.085000 0.085000
1 0.617500 0.532500 0.085000 0.085000
4 0.750000 0.490000 0.085000 0.085000
4 0.815000 0.470000 0.085000 0.085000
0 0.307500 0.702500 0.085000 0.085000
1 0.372500 0.682500 0.085000 0.085000
4 0.440000 0.660000 0.085000 0.085000
2 0.705000 0.577500 0.085000 0.085000
0 0.770000 0.557500 0.085000 0.085000
1 0.837500 0.535000 0.085000 0.085000
2 0.902500 0.515000 0.085000 0.085000
