1 0.096250 0.368750 0.092500 0.092500
4 0.176250 0.353750 0.092500 0.092500
4 0.416250 0.306250 0.092500 0.092500
0 0.496250 0.288750 0.092500 0.092500
4 0.656250 0.256250 0.092500 0.092500
1 0.736250 0.241250 0.092500 0.092500
1 0.816250 0.223750 0.092500 0.092500
4 0.111250 0.448750 0.092500 0.092500
2 0.351250 0.401250 0.092500 0.092500
0 0.511250 0.368750 0.092500 0.092500
1 0.593750 0.353750 0.092500 0.092500
1 0.753750 0.321250 0.092500 0.092500
0 0.833750 0.303750 0.092500 0.092500
1 0.288750 0.498750 0.092500 0.092500
4 0.448750 0.466250 0.092500 0.092500
2 0.608750 0.433750 0.092500 0.092500
1 0.688750 0.416250 0.092500 0.092500
4 0.848750 0.383750 0.092500 0.092500
0 0.223750 0.593750 0.092500 0.092500
1 0.303750 0.578750 0.092500 0.092500
0 0.543750 0.528750 0.092500 0.092500
4 0.786250 0.481250 0.092500 0.092500
1 0.401250 0.641250 0.092500 0.092500
4 0.481250 0.626250 0.092500 0.092500
1 0.721250 0.578750 0.092500 0.092500
2 0.256250 0.753750 0.092500 0.092500
2 0.416250 0.721250 0.092500 0.092500
1 0.576250 0.691250 0.092500 0.092500
1 0.816250 0.641250 0.092500 0.092500
2 0.898750 0.626250 0.092500 0.092500
