4 0.156250 0.271250 0.082500 0.082500
0 0.293750 0.306250 0.082500 0.082500
4 0.361250 0.321250 0.082500 0.082500
4 0.428750 0.338750 0.082500 0.082500
2 0.496250 0.353750 0.082500 0.082500
1 0.566250 0.371250 0.082500 0.082500
4 0.768750 0.418750 0.082500 0.082500
1 0.838750 0.436250 0.082500 0.082500
2 0.276250 0.373750 0.082500 0.082500
0 0.481250 0.421250 0.082500 0.082500
1 0.548750 0.438750 0.082500 0.082500
0 0.616250 0.453750 0.082500 0.082500
1 0.686250 0.471250 0.082500 0.082500
1 0.753750 0.488750 0.082500 0.082500
0 0.888750 0.521250 0.082500 0.082500
1 0.191250 0.423750 0.082500 0.082500
4 0.328750 0.458750 0.082500 0.082500
4 0.396250 0.473750 0.082500 0.082500
2 0.533750 0.506250 0.082500 0.082500
4 0.668750 0.538750 0.082500 0.082500
1 0.736250 0.556250 0.082500 0.082500
4 0.803750 0.571250 0.082500 0.082500
1 0.243750 0.508750 0.082500 0.082500
0 0.788750 0.641250 0.082500 0.082500
0 0.856250 0.656250 0.082500 0.082500
1 0.091250 0.543750 0.082500 0.082500
4 0.363750 0.611250 0.082500 0.082500
4 0.498750 0.643750 0.082500 0.082500
1 0.636250 0.676250 0.082500 0.082500
2 0.703750 0.691250 0.082500 0.082500
