2 0.182500 0.225000 0.095000 0.095000
3 0.420000 0.275000 0.095000 0.095000
4 0.660000 0.325000 0.095000 0.095000
1 0.740000 0.340000 0.095000 0.095000
1 0.405000 0.355000 0.095000 0.095000
4 0.485000 0.370000 0.095000 0.095000
2 0.642500 0.405000 0.095000 0.095000
1 0.802500 0.437500 0.095000 0.095000
1 0.882500 0.455000 0.095000 0.095000
1 0.147500 0.382500 0.095000 0.095000
4 0.227500 0.400000 0.095000 0.095000
0 0.307500 0.417500 0.095000 0.095000
4 0.547500 0.467500 0.095000 0.095000
1 0.707500 0.500000 0.095000 0.095000
2 0.867500 0.535000 0.095000 0.095000
2 0.290000 0.497500 0.095000 0.095000
1 0.370000 0.512500 0.095000 0.095000
0 0.450000 0.530000 0.095000 0.095000
1 0.530000 0.547500 0.095000 0.095000
1 0.770000 0.597500 0.095000 0.095000
1 0.850000 0.615000 0.095000 0.095000
1 0.275000 0.577500 0.095000 0.095000
2 0.592500 0.642500 0.095000 0.095000
1 0.752500 0.677500 0.095000 0.095000
1 0.832500 0.695000 0.095000 0.095000
4 0.097500 0.622500 0.095000 0.095000
2 0.337500 0.672500 0.095000 0.095000
1 0.497500 0.707500 0.095000 0.095000
4 0.577500 0.722500 0.095000 0.095000
1 0.815000 0.772500 0.095000 0.095000
