1 0.158750 0.271250 0.082500 0.082500
4 0.293750 0.303750 0.082500 0.082500
4 0.428750 0.336250 0.082500 0.082500
2 0.498750 0.353750 0.082500 0.082500
4 0.633750 0.386250 0.082500 0.082500
1 0.768750 0.421250 0.082500 0.082500
2 0.838750 0.436250 0.082500 0.082500
4 0.906250 0.453750 0.082500 0.082500
1 0.548750 0.438750 0.082500 0.082500
4 0.686250 0.471250 0.082500 0.082500
1 0.753750 0.488750 0.082500 0.082500
4 0.888750 0.521250 0.082500 0.082500
1 0.123750 0.406250 0.082500 0.082500
4 0.261250 0.441250 0.082500 0.082500
0 0.668750 0.538750 0.082500 0.082500
4 0.736250 0.556250 0.082500 0.082500
2 0.803750 0.573750 0.082500 0.082500
1 0.583750 0.591250 0.082500 0.082500
0 0.651250 0.608750 0.082500 0.082500
0 0.788750 0.641250 0.082500 0.082500
1 0.296250 0.593750 0.082500 0.082500
4 0.431250 0.626250 0.082500 0.082500
4 0.566250 0.658750 0.082500 0.082500
4 0.771250 0.708750 0.082500 0.082500
2 0.838750 0.726250 0.082500 0.082500
