1 0.246250 0.246250 0.092500 0.092500
1 0.653750 0.316250 0.092500 0.092500
4 0.736250 0.328750 0.092500 0.092500
1 0.313750 0.341250 0.092500 0.092500
1 0.396250 0.353750 0.092500 0.092500
1 0.476250 0.368750 0.092500 0.092500
2 0.803750 0.423750 0.092500 0.092500
1 0.301250 0.421250 0.092500 0.092500
4 0.626250 0.478750 0.092500 0.092500
1 0.708750 0.491250 0.092500 0.092500
1 0.788750 0.506250 0.092500 0.092500
4 0.871250 0.521250 0.092500 0.092500
1 0.286250 0.503750 0.092500 0.092500
3 0.611250 0.558750 0.092500 0.092500
4 0.856250 0.601250 0.092500 0.092500
4 0.108750 0.556250 0.092500 0.092500
0 0.191250 0.571250 0.092500 0.092500
2 0.271250 0.586250 0.092500 0.092500
1 0.353750 0.598750 0.092500 0.092500
4 0.598750 0.641250 0.092500 0.092500
1 0.843750 0.683750 0.092500 0.092500
4 0.096250 0.638750 0.092500 0.092500
3 0.258750 0.666250 0.092500 0.092500
1 0.583750 0.723750 0.092500 0.092500
0 0.666250 0.736250 0.092500 0.092500
