4 0.123750 0.313750 0.067500 0.067500
1 0.236250 0.343750 0.067500 0.067500
2 0.293750 0.356250 0.067500 0.067500
4 0.518750 0.411250 0.067500 0.067500
2 0.573750 0.426250 0.067500 0.067500
4 0.631250 0.441250 0.067500 0.067500
4 0.798750 0.481250 0.067500 0.067500
4 0.853750 0.496250 0.067500 0.067500
1 0.166250 0.383750 0.067500 0.067500
2 0.278750 0.413750 0.067500 0.067500
4 0.336250 0.426250 0.067500 0.067500
4 0.448750 0.453750 0.067500 0.067500
3 0.671250 0.511250 0.067500 0.067500
1 0.841250 0.551250 0.067500 0.067500
4 0.896250 0.566250 0.067500 0.067500
1 0.153750 0.441250 0.067500 0.067500
1 0.208750 0.453750 0.067500 0.067500
1 0.376250 0.496250 0.067500 0.067500
1 0.433750 0.511250 0.067500 0.067500
4 0.488750 0.523750 0.067500 0.067500
2 0.771250 0.593750 0.067500 0.067500
4 0.081250 0.483750 0.067500 0.067500
2 0.138750 0.496250 0.067500 0.067500
3 0.251250 0.526250 0.067500 0.067500
4 0.363750 0.553750 0.067500 0.067500
1 0.531250 0.596250 0.067500 0.067500
2 0.643750 0.623750 0.067500 0.067500
4 0.701250 0.636250 0.067500 0.067500
4 0.756250 0.651250 0.067500 0.067500
