1 0.138750 0.541250 0.072500 0.072500
1 0.248750 0.498750 0.072500 0.072500
1 0.356250 0.456250 0.072500 0.072500
4 0.846250 0.268750 0.072500 0.072500
1 0.106250 0.616250 0.072500 0.072500
4 0.268750 0.553750 0.072500 0.072500
1 0.376250 0.511250 0.072500 0.072500
4 0.593750 0.426250 0.072500 0.072500
1 0.648750 0.406250 0.072500 0.072500
2 0.703750 0.386250 0.072500 0.072500
2 0.866250 0.321250 0.072500 0.072500
2 0.126250 0.671250 0.072500 0.072500
3 0.343750 0.586250 0.072500 0.072500
4 0.398750 0.566250 0.072500 0.072500
3 0.506250 0.523750 0.072500 0.072500
4 0.561250 0.503750 0.072500 0.072500
4 0.616250 0.481250 0.072500 0.072500
1 0.671250 0.461250 0.072500 0.072500
4 0.886250 0.376250 0.072500 0.072500
2 0.311250 0.661250 0.072500 0.072500
3 0.366250 0.641250 0.072500 0.072500
1 0.418750 0.621250 0.072500 0.072500
1 0.473750 0.598750 0.072500 0.072500
4 0.691250 0.516250 0.072500 0.072500
2 0.746250 0.493750 0.072500 0.072500
2 0.853750 0.451250 0.072500 0.072500
1 0.908750 0.431250 0.072500 0.072500
