1 0.282500 0.447500 0.090000 0.090000
3 0.345000 0.417500 0.090000 0.090000
4 0.500000 0.420000 0.090000 0.090000
1 0.750000 0.302500 0.090000 0.090000
1 0.812500 0.272500 0.090000 0.090000
3 0.155000 0.660000 0.090000 0.090000
4 0.217500 0.632500 0.090000 0.090000
1 0.280000 0.602500 0.090000 0.090000
3 0.405000 0.542500 0.090000 0.090000
1 0.530000 0.482500 0.090000 0.090000
4 0.780000 0.365000 0.090000 0.090000
1 0.842500 0.335000 0.090000 0.090000
0 0.247500 0.695000 0.090000 0.090000
1 0.435000 0.605000 0.090000 0.090000
1 0.497500 0.575000 0.090000 0.090000
4 0.560000 0.545000 0.090000 0.090000
4 0.622500 0.517500 0.090000 0.090000
1 0.810000 0.427500 0.090000 0.090000
4 0.275000 0.757500 0.090000 0.090000
0 0.400000 0.697500 0.090000 0.090000
1 0.652500 0.580000 0.090000 0.090000
2 0.715000 0.550000 0.090000 0.090000
2 0.777500 0.520000 0.090000 0.090000
