4 0.157500 0.430000 0.080000 0.080000
1 0.295000 0.397500 0.080000 0.080000
2 0.567500 0.337500 0.080000 0.080000
4 0.637500 0.322500 0.080000 0.080000
2 0.705000 0.307500 0.080000 0.080000
4 0.775000 0.292500 0.080000 0.080000
4 0.842500 0.277500 0.080000 0.080000
1 0.447500 0.437500 0.080000 0.080000
1 0.585000 0.405000 0.080000 0.080000
4 0.652500 0.390000 0.080000 0.080000
1 0.720000 0.375000 0.080000 0.080000
4 0.257500 0.550000 0.080000 0.080000
4 0.325000 0.535000 0.080000 0.080000
4 0.392500 0.520000 0.080000 0.080000
2 0.600000 0.475000 0.080000 0.080000
4 0.667500 0.460000 0.080000 0.080000
0 0.735000 0.445000 0.080000 0.080000
4 0.872500 0.415000 0.080000 0.080000
1 0.135000 0.650000 0.080000 0.080000
4 0.477500 0.572500 0.080000 0.080000
0 0.752500 0.512500 0.080000 0.080000
1 0.820000 0.497500 0.080000 0.080000
1 0.287500 0.687500 0.080000 0.080000
1 0.492500 0.642500 0.080000 0.080000
0 0.560000 0.627500 0.080000 0.080000
0 0.630000 0.612500 0.080000 0.080000
4 0.905000 0.550000 0.080000 0.080000
