1 0.238750 0.188750 0.097500 0.097500
4 0.311250 0.216250 0.097500 0.097500
1 0.456250 0.273750 0.097500 0.097500
1 0.531250 0.301250 0.097500 0.097500
2 0.821250 0.413750 0.097500 0.097500
1 0.896250 0.441250 0.097500 0.097500
1 0.208750 0.261250 0.097500 0.097500
4 0.356250 0.318750 0.097500 0.097500
4 0.428750 0.346250 0.097500 0.097500
1 0.501250 0.373750 0.097500 0.097500
2 0.721250 0.458750 0.097500 0.097500
0 0.793750 0.486250 0.097500 0.097500
1 0.866250 0.513750 0.097500 0.097500
4 0.546250 0.476250 0.097500 0.097500
2 0.838750 0.588750 0.097500 0.097500
4 0.226250 0.436250 0.097500 0.097500
4 0.373750 0.491250 0.097500 0.097500
1 0.666250 0.603750 0.097500 0.097500
1 0.198750 0.508750 0.097500 0.097500
3 0.491250 0.621250 0.097500 0.097500
2 0.563750 0.648750 0.097500 0.097500
0 0.098750 0.553750 0.097500 0.097500
4 0.171250 0.581250 0.097500 0.097500
4 0.388750 0.666250 0.097500 0.097500
1 0.681250 0.778750 0.097500 0.097500
4 0.753750 0.806250 0.097500 0.097500
