1 0.170000 0.425000 0.100000 0.100000
2 0.315000 0.362500 0.100000 0.100000
4 0.457500 0.302500 0.100000 0.100000
3 0.530000 0.272500 0.100000 0.100000
1 0.672500 0.212500 0.100000 0.100000
4 0.272500 0.465000 0.100000 0.100000
4 0.415000 0.405000 0.100000 0.100000
1 0.630000 0.315000 0.100000 0.100000
4 0.160000 0.597500 0.100000 0.100000
1 0.302500 0.537500 0.100000 0.100000
4 0.662500 0.385000 0.100000 0.100000
4 0.190000 0.670000 0.100000 0.100000
2 0.262500 0.640000 0.100000 0.100000
4 0.332500 0.610000 0.100000 0.100000
4 0.477500 0.547500 0.100000 0.100000
4 0.835000 0.397500 0.100000 0.100000
1 0.220000 0.740000 0.100000 0.100000
1 0.292500 0.710000 0.100000 0.100000
0 0.362500 0.680000 0.100000 0.100000
1 0.507500 0.620000 0.100000 0.100000
2 0.250000 0.812500 0.100000 0.100000
0 0.395000 0.752500 0.100000 0.100000
4 0.537500 0.692500 0.100000 0.100000
1 0.752500 0.600000 0.100000 0.100000
4 0.825000 0.570000 0.100000 0.100000
4 0.895000 0.540000 0.100000 0.100000
