0 0.248750 0.243750 0.092500 0.092500
0 0.411250 0.273750 0.092500 0.092500
2 0.573750 0.301250 0.092500 0.092500
4 0.656250 0.316250 0.092500 0.092500
4 0.736250 0.331250 0.092500 0.092500
4 0.898750 0.358750 0.092500 0.092500
1 0.153750 0.311250 0.092500 0.092500
4 0.236250 0.326250 0.092500 0.092500
0 0.398750 0.353750 0.092500 0.092500
3 0.561250 0.383750 0.092500 0.092500
1 0.641250 0.398750 0.092500 0.092500
1 0.723750 0.411250 0.092500 0.092500
4 0.886250 0.441250 0.092500 0.092500
0 0.221250 0.406250 0.092500 0.092500
2 0.301250 0.421250 0.092500 0.092500
1 0.383750 0.436250 0.092500 0.092500
1 0.708750 0.493750 0.092500 0.092500
4 0.871250 0.521250 0.092500 0.092500
4 0.288750 0.503750 0.092500 0.092500
4 0.368750 0.516250 0.092500 0.092500
0 0.531250 0.546250 0.092500 0.092500
2 0.613750 0.561250 0.092500 0.092500
1 0.693750 0.573750 0.092500 0.092500
1 0.856250 0.603750 0.092500 0.092500
4 0.191250 0.568750 0.092500 0.092500
0 0.516250 0.626250 0.092500 0.092500
4 0.598750 0.641250 0.092500 0.092500
1 0.841250 0.683750 0.092500 0.092500
1 0.258750 0.666250 0.092500 0.092500
4 0.341250 0.678750 0.092500 0.092500
4 0.421250 0.693750 0.092500 0.092500
1 0.503750 0.708750 0.092500 0.092500
