1 0.090000 0.427500 0.080000 0.080000
4 0.230000 0.402500 0.080000 0.080000
1 0.367500 0.377500 0.080000 0.080000
2 0.577500 0.337500 0.080000 0.080000
4 0.647500 0.325000 0.080000 0.080000
3 0.717500 0.312500 0.080000 0.080000
4 0.102500 0.497500 0.080000 0.080000
4 0.450000 0.432500 0.080000 0.080000
1 0.590000 0.407500 0.080000 0.080000
2 0.660000 0.395000 0.080000 0.080000
1 0.730000 0.382500 0.080000 0.080000
3 0.800000 0.370000 0.080000 0.080000
4 0.867500 0.357500 0.080000 0.080000
0 0.185000 0.555000 0.080000 0.080000
4 0.325000 0.530000 0.080000 0.080000
1 0.395000 0.515000 0.080000 0.080000
3 0.532500 0.490000 0.080000 0.080000
4 0.742500 0.452500 0.080000 0.080000
4 0.880000 0.427500 0.080000 0.080000
1 0.127500 0.637500 0.080000 0.080000
1 0.407500 0.585000 0.080000 0.080000
0 0.545000 0.560000 0.080000 0.080000
1 0.685000 0.535000 0.080000 0.080000
3 0.755000 0.522500 0.080000 0.080000
2 0.825000 0.510000 0.080000 0.080000
0 0.210000 0.692500 0.080000 0.080000
1 0.280000 0.680000 0.080000 0.080000
4 0.350000 0.667500 0.080000 0.080000
4 0.420000 0.655000 0.080000 0.080000
1 0.490000 0.642500 0.080000 0.080000
4 0.767500 0.592500 0.080000 0.080000
4 0.907500 0.567500 0.080000 0.080000
