4 0.397500 0.242500 0.100000 0.100000
4 0.752500 0.397500 0.100000 0.100000
4 0.825000 0.430000 0.100000 0.100000
1 0.507500 0.375000 0.100000 0.100000
1 0.865000 0.532500 0.100000 0.100000
4 0.262500 0.355000 0.100000 0.100000
0 0.335000 0.385000 0.100000 0.100000
3 0.620000 0.510000 0.100000 0.100000
1 0.762500 0.572500 0.100000 0.100000
1 0.160000 0.395000 0.100000 0.100000
3 0.232500 0.425000 0.100000 0.100000
1 0.517500 0.550000 0.100000 0.100000
1 0.587500 0.580000 0.100000 0.100000
3 0.660000 0.612500 0.100000 0.100000
4 0.730000 0.642500 0.100000 0.100000
2 0.130000 0.465000 0.100000 0.100000
1 0.202500 0.495000 0.100000 0.100000
2 0.272500 0.527500 0.100000 0.100000
1 0.342500 0.557500 0.100000 0.100000
1 0.557500 0.652500 0.100000 0.100000
1 0.100000 0.537500 0.100000 0.100000
4 0.170000 0.567500 0.100000 0.100000
4 0.382500 0.660000 0.100000 0.100000
1 0.455000 0.692500 0.100000 0.100000
