0 0.083750 0.558750 0.072500 0.072500
4 0.138750 0.538750 0.072500 0.072500
1 0.193750 0.518750 0.072500 0.072500
0 0.248750 0.498750 0.072500 0.072500
4 0.303750 0.476250 0.072500 0.072500
0 0.356250 0.456250 0.072500 0.072500
4 0.466250 0.416250 0.072500 0.072500
4 0.628750 0.353750 0.072500 0.072500
0 0.738750 0.311250 0.072500 0.072500
1 0.846250 0.271250 0.072500 0.072500
4 0.158750 0.593750 0.072500 0.072500
4 0.213750 0.573750 0.072500 0.072500
1 0.431250 0.491250 0.072500 0.072500
4 0.596250 0.428750 0.072500 0.072500
0 0.758750 0.366250 0.072500 0.072500
4 0.866250 0.323750 0.072500 0.072500
4 0.126250 0.668750 0.072500 0.072500
1 0.181250 0.648750 0.072500 0.072500
2 0.236250 0.626250 0.072500 0.072500
0 0.453750 0.543750 0.072500 0.072500
4 0.506250 0.523750 0.072500 0.072500
1 0.561250 0.503750 0.072500 0.072500
1 0.671250 0.461250 0.072500 0.072500
0 0.888750 0.378750 0.072500 0.072500
4 0.201250 0.703750 0.072500 0.072500
4 0.256250 0.681250 0.072500 0.072500
4 0.418750 0.618750 0.072500 0.072500
4 0.528750 0.578750 0.072500 0.072500
4 0.691250 0.516250 0.072500 0.072500
1 0.746250 0.496250 0.072500 0.072500
4 0.798750 0.476250 0.072500 0.072500
4 0.908750 0.433750 0.072500 0.072500
