4 0.256250 0.338750 0.092500 0.092500
1 0.336250 0.321250 0.092500 0.092500
1 0.496250 0.288750 0.092500 0.092500
3 0.576250 0.273750 0.092500 0.092500
1 0.656250 0.256250 0.092500 0.092500
2 0.816250 0.223750 0.092500 0.092500
0 0.351250 0.401250 0.092500 0.092500
4 0.751250 0.321250 0.092500 0.092500
2 0.128750 0.531250 0.092500 0.092500
3 0.208750 0.516250 0.092500 0.092500
4 0.448750 0.466250 0.092500 0.092500
4 0.528750 0.448750 0.092500 0.092500
0 0.223750 0.596250 0.092500 0.092500
3 0.303750 0.578750 0.092500 0.092500
1 0.783750 0.481250 0.092500 0.092500
4 0.863750 0.463750 0.092500 0.092500
1 0.321250 0.658750 0.092500 0.092500
1 0.401250 0.641250 0.092500 0.092500
1 0.641250 0.593750 0.092500 0.092500
0 0.881250 0.543750 0.092500 0.092500
4 0.336250 0.738750 0.092500 0.092500
2 0.736250 0.656250 0.092500 0.092500
0 0.816250 0.641250 0.092500 0.092500
3 0.896250 0.623750 0.092500 0.092500
