1 0.901250 0.286250 0.087500 0.087500
1 0.103750 0.353750 0.087500 0.087500
2 0.191250 0.356250 0.087500 0.087500
2 0.633750 0.366250 0.087500 0.087500
4 0.723750 0.368750 0.087500 0.087500
3 0.101250 0.441250 0.087500 0.087500
2 0.276250 0.446250 0.087500 0.087500
4 0.366250 0.448750 0.087500 0.087500
4 0.543750 0.453750 0.087500 0.087500
3 0.721250 0.458750 0.087500 0.087500
4 0.898750 0.461250 0.087500 0.087500
1 0.186250 0.533750 0.087500 0.087500
3 0.451250 0.538750 0.087500 0.087500
1 0.541250 0.541250 0.087500 0.087500
2 0.806250 0.548750 0.087500 0.087500
1 0.896250 0.551250 0.087500 0.087500
3 0.183750 0.621250 0.087500 0.087500
4 0.361250 0.626250 0.087500 0.087500
3 0.181250 0.711250 0.087500 0.087500
1 0.358750 0.713750 0.087500 0.087500
1 0.448750 0.716250 0.087500 0.087500
