1 0.107500 0.347500 0.065000 0.065000
1 0.280000 0.375000 0.065000 0.065000
2 0.452500 0.402500 0.065000 0.065000
4 0.510000 0.410000 0.065000 0.065000
4 0.387500 0.450000 0.065000 0.065000
4 0.502500 0.467500 0.065000 0.065000
4 0.262500 0.490000 0.065000 0.065000
2 0.377500 0.507500 0.065000 0.065000
2 0.435000 0.517500 0.065000 0.065000
0 0.492500 0.525000 0.065000 0.065000
1 0.607500 0.545000 0.065000 0.065000
1 0.780000 0.570000 0.065000 0.065000
1 0.895000 0.587500 0.065000 0.065000
4 0.080000 0.520000 0.065000 0.065000
2 0.137500 0.530000 0.065000 0.065000
4 0.252500 0.547500 0.065000 0.065000
1 0.310000 0.557500 0.065000 0.065000
2 0.370000 0.565000 0.065000 0.065000
4 0.427500 0.575000 0.065000 0.065000
4 0.485000 0.582500 0.065000 0.065000
4 0.772500 0.627500 0.065000 0.065000
