1 0.162500 0.240000 0.075000 0.075000
4 0.270000 0.290000 0.075000 0.075000
4 0.427500 0.367500 0.075000 0.075000
4 0.587500 0.442500 0.075000 0.075000
4 0.800000 0.545000 0.075000 0.075000
1 0.137500 0.292500 0.075000 0.075000
2 0.297500 0.370000 0.075000 0.075000
1 0.510000 0.470000 0.075000 0.075000
2 0.775000 0.597500 0.075000 0.075000
2 0.827500 0.622500 0.075000 0.075000
4 0.165000 0.372500 0.075000 0.075000
0 0.430000 0.497500 0.075000 0.075000
0 0.482500 0.525000 0.075000 0.075000
0 0.590000 0.575000 0.075000 0.075000
1 0.855000 0.702500 0.075000 0.075000
4 0.085000 0.400000 0.075000 0.075000
3 0.140000 0.425000 0.075000 0.075000
3 0.192500 0.450000 0.075000 0.075000
4 0.297500 0.500000 0.075000 0.075000
1 0.457500 0.577500 0.075000 0.075000
4 0.512500 0.602500 0.075000 0.075000
4 0.565000 0.627500 0.075000 0.075000
1 0.777500 0.730000 0.075000 0.075000
