2 0.423750 0.233750 0.102500 0.102500
0 0.558750 0.311250 0.102500 0.102500
1 0.693750 0.386250 0.102500 0.102500
0 0.828750 0.461250 0.102500 0.102500
1 0.896250 0.498750 0.102500 0.102500
1 0.251250 0.226250 0.102500 0.102500
1 0.318750 0.263750 0.102500 0.102500
4 0.386250 0.301250 0.102500 0.102500
4 0.281250 0.331250 0.102500 0.102500
4 0.348750 0.368750 0.102500 0.102500
2 0.618750 0.518750 0.102500 0.102500
1 0.686250 0.556250 0.102500 0.102500
0 0.243750 0.398750 0.102500 0.102500
0 0.648750 0.623750 0.102500 0.102500
1 0.716250 0.661250 0.102500 0.102500
2 0.138750 0.428750 0.102500 0.102500
0 0.206250 0.466250 0.102500 0.102500
1 0.273750 0.503750 0.102500 0.102500
4 0.611250 0.691250 0.102500 0.102500
4 0.168750 0.533750 0.102500 0.102500
4 0.303750 0.608750 0.102500 0.102500
1 0.438750 0.683750 0.102500 0.102500
4 0.506250 0.721250 0.102500 0.102500
1 0.573750 0.758750 0.102500 0.102500
4 0.641250 0.796250 0.102500 0.102500
0 0.708750 0.833750 0.102500 0.102500
