1 0.097500 0.380000 0.095000 0.095000
1 0.255000 0.345000 0.095000 0.095000
1 0.335000 0.327500 0.095000 0.095000
0 0.572500 0.272500 0.095000 0.095000
4 0.730000 0.237500 0.095000 0.095000
4 0.115000 0.460000 0.095000 0.095000
4 0.352500 0.405000 0.095000 0.095000
3 0.590000 0.352500 0.095000 0.095000
2 0.747500 0.315000 0.095000 0.095000
4 0.212500 0.520000 0.095000 0.095000
4 0.530000 0.447500 0.095000 0.095000
0 0.607500 0.430000 0.095000 0.095000
4 0.687500 0.412500 0.095000 0.095000
0 0.765000 0.395000 0.095000 0.095000
0 0.845000 0.377500 0.095000 0.095000
3 0.230000 0.600000 0.095000 0.095000
3 0.390000 0.565000 0.095000 0.095000
0 0.547500 0.527500 0.095000 0.095000
4 0.625000 0.510000 0.095000 0.095000
2 0.170000 0.697500 0.095000 0.095000
0 0.250000 0.680000 0.095000 0.095000
4 0.407500 0.642500 0.095000 0.095000
4 0.485000 0.625000 0.095000 0.095000
1 0.565000 0.607500 0.095000 0.095000
3 0.267500 0.757500 0.095000 0.095000
4 0.662500 0.667500 0.095000 0.095000
3 0.900000 0.615000 0.095000 0.095000
