4 0.083750 0.496250 0.067500 0.067500
0 0.141250 0.483750 0.067500 0.067500
4 0.311250 0.448750 0.067500 0.067500
0 0.366250 0.436250 0.067500 0.067500
2 0.423750 0.423750 0.067500 0.067500
2 0.481250 0.411250 0.067500 0.067500
2 0.708750 0.363750 0.067500 0.067500
4 0.821250 0.341250 0.067500 0.067500
1 0.096250 0.553750 0.067500 0.067500
4 0.151250 0.541250 0.067500 0.067500
4 0.321250 0.506250 0.067500 0.067500
1 0.436250 0.481250 0.067500 0.067500
1 0.606250 0.446250 0.067500 0.067500
4 0.833750 0.396250 0.067500 0.067500
4 0.106250 0.608750 0.067500 0.067500
1 0.163750 0.598750 0.067500 0.067500
2 0.278750 0.573750 0.067500 0.067500
4 0.561250 0.513750 0.067500 0.067500
1 0.673750 0.488750 0.067500 0.067500
1 0.846250 0.453750 0.067500 0.067500
1 0.118750 0.666250 0.067500 0.067500
1 0.458750 0.593750 0.067500 0.067500
4 0.631250 0.558750 0.067500 0.067500
1 0.686250 0.546250 0.067500 0.067500
2 0.743750 0.533750 0.067500 0.067500
