0 0.100000 0.460000 0.100000 0.100000
4 0.670000 0.212500 0.100000 0.100000
3 0.740000 0.180000 0.100000 0.100000
2 0.415000 0.407500 0.100000 0.100000
3 0.485000 0.375000 0.100000 0.100000
1 0.627500 0.315000 0.100000 0.100000
1 0.517500 0.447500 0.100000 0.100000
1 0.587500 0.415000 0.100000 0.100000
2 0.730000 0.355000 0.100000 0.100000
4 0.802500 0.322500 0.100000 0.100000
2 0.192500 0.675000 0.100000 0.100000
3 0.335000 0.612500 0.100000 0.100000
2 0.405000 0.580000 0.100000 0.100000
4 0.477500 0.550000 0.100000 0.100000
1 0.547500 0.517500 0.100000 0.100000
4 0.620000 0.487500 0.100000 0.100000
3 0.222500 0.745000 0.100000 0.100000
1 0.365000 0.682500 0.100000 0.100000
4 0.437500 0.652500 0.100000 0.100000
2 0.580000 0.590000 0.100000 0.100000
1 0.650000 0.557500 0.100000 0.100000
3 0.792500 0.497500 0.100000 0.100000
4 0.397500 0.755000 0.100000 0.100000
0 0.540000 0.692500 0.100000 0.100000
4 0.825000 0.567500 0.100000 0.100000
1 0.895000 0.537500 0.100000 0.100000
