1 0.110000 0.322500 0.075000 0.075000
1 0.182500 0.327500 0.075000 0.075000
2 0.327500 0.340000 0.075000 0.075000
1 0.545000 0.355000 0.075000 0.075000
1 0.762500 0.372500 0.075000 0.075000
2 0.835000 0.377500 0.075000 0.075000
2 0.322500 0.412500 0.075000 0.075000
3 0.395000 0.417500 0.075000 0.075000
3 0.467500 0.422500 0.075000 0.075000
2 0.830000 0.450000 0.075000 0.075000
1 0.317500 0.485000 0.075000 0.075000
1 0.752500 0.517500 0.075000 0.075000
1 0.897500 0.527500 0.075000 0.075000
1 0.455000 0.567500 0.075000 0.075000
2 0.675000 0.585000 0.075000 0.075000
3 0.747500 0.590000 0.075000 0.075000
1 0.232500 0.625000 0.075000 0.075000
4 0.377500 0.635000 0.075000 0.075000
1 0.450000 0.640000 0.075000 0.075000
4 0.815000 0.667500 0.075000 0.075000
0 0.887500 0.672500 0.075000 0.075000
