0 0.137500 0.292500 0.070000 0.070000
4 0.192500 0.310000 0.070000 0.070000
4 0.302500 0.345000 0.070000 0.070000
1 0.357500 0.362500 0.070000 0.070000
4 0.412500 0.380000 0.070000 0.070000
0 0.467500 0.397500 0.070000 0.070000
1 0.635000 0.447500 0.070000 0.070000
1 0.855000 0.517500 0.070000 0.070000
2 0.175000 0.365000 0.070000 0.070000
4 0.230000 0.382500 0.070000 0.070000
2 0.340000 0.417500 0.070000 0.070000
2 0.395000 0.435000 0.070000 0.070000
2 0.507500 0.470000 0.070000 0.070000
4 0.617500 0.502500 0.070000 0.070000
4 0.727500 0.537500 0.070000 0.070000
2 0.782500 0.555000 0.070000 0.070000
4 0.840000 0.572500 0.070000 0.070000
2 0.895000 0.590000 0.070000 0.070000
2 0.157500 0.420000 0.070000 0.070000
4 0.212500 0.437500 0.070000 0.070000
4 0.322500 0.472500 0.070000 0.070000
1 0.490000 0.525000 0.070000 0.070000
2 0.545000 0.542500 0.070000 0.070000
0 0.822500 0.627500 0.070000 0.070000
1 0.877500 0.645000 0.070000 0.070000
0 0.305000 0.527500 0.070000 0.070000
4 0.417500 0.562500 0.070000 0.070000
1 0.472500 0.580000 0.070000 0.070000
4 0.637500 0.632500 0.070000 0.070000
2 0.692500 0.650000 0.070000 0.070000
1 0.750000 0.665000 0.070000 0.070000
4 0.805000 0.682500 0.070000 0.070000
2 0.860000 0.700000 0.070000 0.070000
