1 0.277500 0.317500 0.080000 0.080000
1 0.347500 0.327500 0.080000 0.080000
4 0.557500 0.365000 0.080000 0.080000
4 0.697500 0.387500 0.080000 0.080000
2 0.837500 0.412500 0.080000 0.080000
4 0.755000 0.470000 0.080000 0.080000
1 0.185000 0.445000 0.080000 0.080000
1 0.392500 0.480000 0.080000 0.080000
1 0.462500 0.492500 0.080000 0.080000
4 0.672500 0.527500 0.080000 0.080000
1 0.882500 0.565000 0.080000 0.080000
1 0.172500 0.515000 0.080000 0.080000
3 0.382500 0.550000 0.080000 0.080000
3 0.452500 0.562500 0.080000 0.080000
2 0.662500 0.597500 0.080000 0.080000
1 0.730000 0.610000 0.080000 0.080000
4 0.800000 0.622500 0.080000 0.080000
4 0.090000 0.572500 0.080000 0.080000
3 0.160000 0.585000 0.080000 0.080000
4 0.230000 0.597500 0.080000 0.080000
