1 0.175000 0.380000 0.095000 0.095000
1 0.560000 0.272500 0.095000 0.095000
4 0.712500 0.230000 0.095000 0.095000
2 0.790000 0.207500 0.095000 0.095000
2 0.120000 0.480000 0.095000 0.095000
1 0.505000 0.372500 0.095000 0.095000
4 0.580000 0.350000 0.095000 0.095000
4 0.140000 0.557500 0.095000 0.095000
4 0.217500 0.535000 0.095000 0.095000
2 0.525000 0.447500 0.095000 0.095000
4 0.757500 0.385000 0.095000 0.095000
1 0.315000 0.590000 0.095000 0.095000
4 0.470000 0.547500 0.095000 0.095000
0 0.185000 0.710000 0.095000 0.095000
1 0.260000 0.687500 0.095000 0.095000
1 0.337500 0.667500 0.095000 0.095000
4 0.415000 0.645000 0.095000 0.095000
3 0.492500 0.625000 0.095000 0.095000
2 0.800000 0.537500 0.095000 0.095000
4 0.282500 0.765000 0.095000 0.095000
4 0.360000 0.745000 0.095000 0.095000
2 0.667500 0.657500 0.095000 0.095000
4 0.820000 0.615000 0.095000 0.095000
