3 0.638750 0.323750 0.082500 0.082500
3 0.706250 0.308750 0.082500 0.082500
1 0.773750 0.291250 0.082500 0.082500
1 0.378750 0.453750 0.082500 0.082500
4 0.583750 0.406250 0.082500 0.082500
3 0.721250 0.376250 0.082500 0.082500
1 0.791250 0.361250 0.082500 0.082500
4 0.121250 0.583750 0.082500 0.082500
4 0.531250 0.491250 0.082500 0.082500
1 0.873750 0.413750 0.082500 0.082500
3 0.411250 0.591250 0.082500 0.082500
4 0.546250 0.558750 0.082500 0.082500
1 0.616250 0.543750 0.082500 0.082500
1 0.753750 0.513750 0.082500 0.082500
4 0.821250 0.498750 0.082500 0.082500
1 0.426250 0.658750 0.082500 0.082500
4 0.768750 0.581250 0.082500 0.082500
1 0.836250 0.566250 0.082500 0.082500
1 0.903750 0.551250 0.082500 0.082500
