0 0.123750 0.316250 0.067500 0.067500
3 0.181250 0.328750 0.067500 0.067500
3 0.293750 0.356250 0.067500 0.067500
0 0.406250 0.383750 0.067500 0.067500
1 0.518750 0.411250 0.067500 0.067500
2 0.631250 0.441250 0.067500 0.067500
4 0.743750 0.468750 0.067500 0.067500
2 0.798750 0.481250 0.067500 0.067500
0 0.278750 0.413750 0.067500 0.067500
4 0.336250 0.426250 0.067500 0.067500
2 0.558750 0.483750 0.067500 0.067500
4 0.616250 0.496250 0.067500 0.067500
1 0.783750 0.538750 0.067500 0.067500
2 0.096250 0.428750 0.067500 0.067500
1 0.208750 0.456250 0.067500 0.067500
4 0.321250 0.483750 0.067500 0.067500
3 0.376250 0.496250 0.067500 0.067500
4 0.546250 0.538750 0.067500 0.067500
1 0.601250 0.553750 0.067500 0.067500
4 0.658750 0.566250 0.067500 0.067500
1 0.713750 0.581250 0.067500 0.067500
4 0.081250 0.483750 0.067500 0.067500
1 0.306250 0.538750 0.067500 0.067500
1 0.418750 0.566250 0.067500 0.067500
1 0.476250 0.581250 0.067500 0.067500
0 0.588750 0.608750 0.067500 0.067500
0 0.756250 0.651250 0.067500 0.067500
