4 0.331250 0.393750 0.062500 0.062500
1 0.566250 0.416250 0.062500 0.062500
3 0.681250 0.428750 0.062500 0.062500
1 0.798750 0.438750 0.062500 0.062500
4 0.091250 0.428750 0.062500 0.062500
4 0.151250 0.436250 0.062500 0.062500
1 0.208750 0.441250 0.062500 0.062500
0 0.443750 0.463750 0.062500 0.062500
4 0.558750 0.473750 0.062500 0.062500
1 0.618750 0.481250 0.062500 0.062500
4 0.676250 0.486250 0.062500 0.062500
2 0.736250 0.491250 0.062500 0.062500
0 0.793750 0.496250 0.062500 0.062500
2 0.261250 0.506250 0.062500 0.062500
1 0.378750 0.516250 0.062500 0.062500
4 0.436250 0.521250 0.062500 0.062500
1 0.671250 0.543750 0.062500 0.062500
1 0.788750 0.556250 0.062500 0.062500
1 0.846250 0.561250 0.062500 0.062500
4 0.903750 0.566250 0.062500 0.062500
4 0.081250 0.546250 0.062500 0.062500
1 0.138750 0.551250 0.062500 0.062500
4 0.198750 0.558750 0.062500 0.062500
0 0.313750 0.568750 0.062500 0.062500
1 0.373750 0.573750 0.062500 0.062500
1 0.431250 0.581250 0.062500 0.062500
4 0.666250 0.603750 0.062500 0.062500
4 0.898750 0.626250 0.062500 0.062500
