4 0.355000 0.365000 0.070000 0.070000
1 0.410000 0.382500 0.070000 0.070000
1 0.520000 0.412500 0.070000 0.070000
4 0.337500 0.422500 0.070000 0.070000
4 0.395000 0.437500 0.070000 0.070000
1 0.450000 0.452500 0.070000 0.070000
4 0.505000 0.470000 0.070000 0.070000
4 0.672500 0.517500 0.070000 0.070000
4 0.840000 0.565000 0.070000 0.070000
4 0.267500 0.460000 0.070000 0.070000
1 0.377500 0.492500 0.070000 0.070000
4 0.545000 0.540000 0.070000 0.070000
0 0.712500 0.590000 0.070000 0.070000
3 0.767500 0.605000 0.070000 0.070000
0 0.195000 0.500000 0.070000 0.070000
4 0.305000 0.532500 0.070000 0.070000
4 0.362500 0.550000 0.070000 0.070000
2 0.417500 0.565000 0.070000 0.070000
1 0.530000 0.597500 0.070000 0.070000
4 0.640000 0.627500 0.070000 0.070000
4 0.695000 0.645000 0.070000 0.070000
2 0.862500 0.692500 0.070000 0.070000
