1 0.397500 0.392500 0.065000 0.065000
1 0.625000 0.430000 0.065000 0.065000
1 0.797500 0.457500 0.065000 0.065000
1 0.855000 0.467500 0.065000 0.065000
2 0.157500 0.412500 0.065000 0.065000
1 0.272500 0.430000 0.065000 0.065000
4 0.387500 0.450000 0.065000 0.065000
1 0.617500 0.487500 0.065000 0.065000
4 0.732500 0.505000 0.065000 0.065000
1 0.847500 0.525000 0.065000 0.065000
4 0.147500 0.470000 0.065000 0.065000
4 0.205000 0.480000 0.065000 0.065000
1 0.320000 0.497500 0.065000 0.065000
4 0.550000 0.535000 0.065000 0.065000
1 0.837500 0.582500 0.065000 0.065000
2 0.895000 0.592500 0.065000 0.065000
4 0.080000 0.517500 0.065000 0.065000
4 0.195000 0.537500 0.065000 0.065000
1 0.252500 0.545000 0.065000 0.065000
4 0.310000 0.555000 0.065000 0.065000
1 0.367500 0.565000 0.065000 0.065000
2 0.425000 0.575000 0.065000 0.065000
1 0.597500 0.602500 0.065000 0.065000
0 0.712500 0.620000 0.065000 0.065000
4 0.827500 0.640000 0.065000 0.065000
