3 0.112500 0.337500 0.065000 0.065000
4 0.342500 0.380000 0.065000 0.065000
1 0.570000 0.422500 0.065000 0.065000
2 0.627500 0.432500 0.065000 0.065000
0 0.685000 0.442500 0.065000 0.065000
2 0.742500 0.452500 0.065000 0.065000
1 0.800000 0.462500 0.065000 0.065000
0 0.102500 0.395000 0.065000 0.065000
3 0.217500 0.415000 0.065000 0.065000
1 0.332500 0.437500 0.065000 0.065000
2 0.445000 0.457500 0.065000 0.065000
4 0.502500 0.467500 0.065000 0.065000
3 0.617500 0.490000 0.065000 0.065000
1 0.675000 0.500000 0.065000 0.065000
4 0.845000 0.530000 0.065000 0.065000
3 0.550000 0.535000 0.065000 0.065000
1 0.607500 0.547500 0.065000 0.065000
4 0.722500 0.567500 0.065000 0.065000
3 0.777500 0.577500 0.065000 0.065000
1 0.197500 0.530000 0.065000 0.065000
1 0.310000 0.550000 0.065000 0.065000
2 0.425000 0.572500 0.065000 0.065000
1 0.540000 0.592500 0.065000 0.065000
4 0.597500 0.602500 0.065000 0.065000
