4 0.271250 0.291250 0.077500 0.077500
4 0.326250 0.316250 0.077500 0.077500
4 0.431250 0.368750 0.077500 0.077500
1 0.536250 0.418750 0.077500 0.077500
0 0.696250 0.496250 0.077500 0.077500
0 0.803750 0.548750 0.077500 0.077500
4 0.856250 0.573750 0.077500 0.077500
0 0.908750 0.598750 0.077500 0.077500
1 0.141250 0.291250 0.077500 0.077500
2 0.193750 0.318750 0.077500 0.077500
2 0.406250 0.421250 0.077500 0.077500
0 0.458750 0.446250 0.077500 0.077500
2 0.511250 0.471250 0.077500 0.077500
2 0.563750 0.498750 0.077500 0.077500
4 0.618750 0.523750 0.077500 0.077500
1 0.776250 0.601250 0.077500 0.077500
1 0.831250 0.626250 0.077500 0.077500
4 0.113750 0.346250 0.077500 0.077500
1 0.221250 0.396250 0.077500 0.077500
1 0.326250 0.448750 0.077500 0.077500
4 0.591250 0.576250 0.077500 0.077500
2 0.698750 0.628750 0.077500 0.077500
1 0.141250 0.423750 0.077500 0.077500
2 0.193750 0.448750 0.077500 0.077500
4 0.248750 0.476250 0.077500 0.077500
1 0.566250 0.628750 0.077500 0.077500
2 0.618750 0.656250 0.077500 0.077500
4 0.671250 0.681250 0.077500 0.077500
4 0.726250 0.706250 0.077500 0.077500
