2 0.207500 0.392500 0.060000 0.060000
0 0.327500 0.397500 0.060000 0.060000
4 0.622500 0.417500 0.060000 0.060000
4 0.740000 0.425000 0.060000 0.060000
4 0.797500 0.427500 0.060000 0.060000
3 0.145000 0.447500 0.060000 0.060000
2 0.322500 0.457500 0.060000 0.060000
0 0.382500 0.460000 0.060000 0.060000
4 0.440000 0.465000 0.060000 0.060000
1 0.735000 0.482500 0.060000 0.060000
4 0.795000 0.487500 0.060000 0.060000
4 0.852500 0.490000 0.060000 0.060000
1 0.082500 0.502500 0.060000 0.060000
4 0.202500 0.510000 0.060000 0.060000
0 0.260000 0.512500 0.060000 0.060000
0 0.495000 0.527500 0.060000 0.060000
2 0.850000 0.550000 0.060000 0.060000
2 0.910000 0.552500 0.060000 0.060000
1 0.137500 0.565000 0.060000 0.060000
4 0.197500 0.567500 0.060000 0.060000
1 0.315000 0.575000 0.060000 0.060000
4 0.432500 0.582500 0.060000 0.060000
0 0.670000 0.597500 0.060000 0.060000
1 0.905000 0.612500 0.060000 0.060000
