1 0.418750 0.273750 0.092500 0.092500
2 0.498750 0.288750 0.092500 0.092500
1 0.658750 0.323750 0.092500 0.092500
4 0.738750 0.338750 0.092500 0.092500
2 0.818750 0.356250 0.092500 0.092500
1 0.898750 0.373750 0.092500 0.092500
0 0.163750 0.303750 0.092500 0.092500
4 0.403750 0.353750 0.092500 0.092500
4 0.641250 0.403750 0.092500 0.092500
1 0.721250 0.418750 0.092500 0.092500
1 0.881250 0.453750 0.092500 0.092500
1 0.146250 0.383750 0.092500 0.092500
4 0.306250 0.416250 0.092500 0.092500
4 0.466250 0.448750 0.092500 0.092500
3 0.706250 0.498750 0.092500 0.092500
0 0.128750 0.461250 0.092500 0.092500
0 0.288750 0.496250 0.092500 0.092500
0 0.528750 0.546250 0.092500 0.092500
1 0.848750 0.611250 0.092500 0.092500
4 0.193750 0.558750 0.092500 0.092500
2 0.353750 0.591250 0.092500 0.092500
0 0.511250 0.626250 0.092500 0.092500
1 0.591250 0.641250 0.092500 0.092500
1 0.671250 0.658750 0.092500 0.092500
4 0.096250 0.621250 0.092500 0.092500
4 0.176250 0.638750 0.092500 0.092500
2 0.336250 0.671250 0.092500 0.092500
1 0.496250 0.706250 0.092500 0.092500
1 0.736250 0.756250 0.092500 0.092500
