0 0.380000 0.310000 0.085000 0.085000
0 0.445000 0.332500 0.085000 0.085000
4 0.577500 0.377500 0.085000 0.085000
0 0.227500 0.330000 0.085000 0.085000
1 0.292500 0.352500 0.085000 0.085000
2 0.552500 0.445000 0.085000 0.085000
4 0.880000 0.557500 0.085000 0.085000
0 0.137500 0.372500 0.085000 0.085000
3 0.530000 0.510000 0.085000 0.085000
0 0.595000 0.532500 0.085000 0.085000
1 0.662500 0.555000 0.085000 0.085000
1 0.727500 0.577500 0.085000 0.085000
4 0.857500 0.622500 0.085000 0.085000
4 0.312500 0.505000 0.085000 0.085000
4 0.377500 0.530000 0.085000 0.085000
3 0.572500 0.597500 0.085000 0.085000
4 0.705000 0.642500 0.085000 0.085000
4 0.770000 0.665000 0.085000 0.085000
4 0.092500 0.502500 0.085000 0.085000
4 0.287500 0.572500 0.085000 0.085000
3 0.355000 0.595000 0.085000 0.085000
4 0.485000 0.640000 0.085000 0.085000
1 0.680000 0.707500 0.085000 0.085000
