4 0.096250 0.348750 0.092500 0.092500
0 0.506250 0.286250 0.092500 0.092500
1 0.671250 0.261250 0.092500 0.092500
4 0.836250 0.236250 0.092500 0.092500
1 0.271250 0.406250 0.092500 0.092500
4 0.353750 0.393750 0.092500 0.092500
4 0.436250 0.381250 0.092500 0.092500
4 0.766250 0.331250 0.092500 0.092500
0 0.848750 0.318750 0.092500 0.092500
1 0.203750 0.501250 0.092500 0.092500
4 0.531250 0.451250 0.092500 0.092500
4 0.778750 0.413750 0.092500 0.092500
4 0.861250 0.401250 0.092500 0.092500
1 0.216250 0.583750 0.092500 0.092500
4 0.378750 0.558750 0.092500 0.092500
2 0.543750 0.533750 0.092500 0.092500
4 0.146250 0.678750 0.092500 0.092500
1 0.228750 0.666250 0.092500 0.092500
1 0.311250 0.653750 0.092500 0.092500
1 0.393750 0.641250 0.092500 0.092500
1 0.473750 0.628750 0.092500 0.092500
1 0.556250 0.616250 0.092500 0.092500
2 0.638750 0.603750 0.092500 0.092500
1 0.803750 0.578750 0.092500 0.092500
2 0.158750 0.761250 0.092500 0.092500
2 0.241250 0.748750 0.092500 0.092500
1 0.488750 0.711250 0.092500 0.092500
1 0.898750 0.646250 0.092500 0.092500
