1 0.140000 0.510000 0.070000 0.070000
0 0.195000 0.495000 0.070000 0.070000
4 0.250000 0.477500 0.070000 0.070000
2 0.307500 0.462500 0.070000 0.070000
4 0.362500 0.447500 0.070000 0.070000
1 0.472500 0.415000 0.070000 0.070000
2 0.530000 0.400000 0.070000 0.070000
4 0.697500 0.352500 0.070000 0.070000
1 0.752500 0.335000 0.070000 0.070000
2 0.807500 0.320000 0.070000 0.070000
0 0.865000 0.305000 0.070000 0.070000
4 0.155000 0.565000 0.070000 0.070000
4 0.210000 0.550000 0.070000 0.070000
4 0.377500 0.502500 0.070000 0.070000
2 0.432500 0.487500 0.070000 0.070000
1 0.600000 0.440000 0.070000 0.070000
0 0.657500 0.422500 0.070000 0.070000
4 0.880000 0.360000 0.070000 0.070000
1 0.115000 0.637500 0.070000 0.070000
4 0.170000 0.622500 0.070000 0.070000
2 0.450000 0.542500 0.070000 0.070000
3 0.505000 0.527500 0.070000 0.070000
0 0.560000 0.510000 0.070000 0.070000
0 0.617500 0.495000 0.070000 0.070000
2 0.727500 0.462500 0.070000 0.070000
0 0.785000 0.447500 0.070000 0.070000
1 0.840000 0.432500 0.070000 0.070000
2 0.187500 0.677500 0.070000 0.070000
4 0.242500 0.660000 0.070000 0.070000
4 0.297500 0.645000 0.070000 0.070000
2 0.465000 0.597500 0.070000 0.070000
1 0.800000 0.502500 0.070000 0.070000
4 0.910000 0.472500 0.070000 0.070000
