1 0.176250 0.213750 0.077500 0.077500
4 0.228750 0.243750 0.077500 0.077500
4 0.436250 0.358750 0.077500 0.077500
4 0.646250 0.476250 0.077500 0.077500
1 0.801250 0.563750 0.077500 0.077500
1 0.906250 0.621250 0.077500 0.077500
3 0.251250 0.323750 0.077500 0.077500
1 0.303750 0.353750 0.077500 0.077500
1 0.356250 0.383750 0.077500 0.077500
1 0.408750 0.411250 0.077500 0.077500
4 0.458750 0.441250 0.077500 0.077500
1 0.118750 0.318750 0.077500 0.077500
0 0.326250 0.433750 0.077500 0.077500
4 0.586250 0.581250 0.077500 0.077500
1 0.796250 0.696250 0.077500 0.077500
3 0.141250 0.398750 0.077500 0.077500
0 0.401250 0.546250 0.077500 0.077500
1 0.558750 0.633750 0.077500 0.077500
0 0.661250 0.691250 0.077500 0.077500
1 0.818750 0.778750 0.077500 0.077500
