4 0.415000 0.340000 0.080000 0.080000
1 0.485000 0.352500 0.080000 0.080000
3 0.695000 0.387500 0.080000 0.080000
4 0.905000 0.422500 0.080000 0.080000
3 0.332500 0.400000 0.080000 0.080000
4 0.475000 0.422500 0.080000 0.080000
1 0.755000 0.467500 0.080000 0.080000
1 0.825000 0.480000 0.080000 0.080000
1 0.895000 0.492500 0.080000 0.080000
0 0.252500 0.457500 0.080000 0.080000
4 0.742500 0.537500 0.080000 0.080000
1 0.812500 0.550000 0.080000 0.080000
1 0.170000 0.517500 0.080000 0.080000
1 0.310000 0.540000 0.080000 0.080000
4 0.450000 0.562500 0.080000 0.080000
4 0.872500 0.632500 0.080000 0.080000
4 0.087500 0.575000 0.080000 0.080000
2 0.230000 0.600000 0.080000 0.080000
3 0.440000 0.632500 0.080000 0.080000
