1 0.312500 0.287500 0.085000 0.085000
1 0.707500 0.422500 0.085000 0.085000
4 0.902500 0.490000 0.085000 0.085000
4 0.160000 0.307500 0.085000 0.085000
3 0.225000 0.330000 0.085000 0.085000
2 0.290000 0.352500 0.085000 0.085000
1 0.422500 0.397500 0.085000 0.085000
4 0.750000 0.510000 0.085000 0.085000
2 0.815000 0.532500 0.085000 0.085000
1 0.202500 0.397500 0.085000 0.085000
4 0.400000 0.465000 0.085000 0.085000
1 0.465000 0.487500 0.085000 0.085000
1 0.727500 0.577500 0.085000 0.085000
1 0.792500 0.600000 0.085000 0.085000
2 0.115000 0.440000 0.085000 0.085000
3 0.377500 0.530000 0.085000 0.085000
4 0.572500 0.597500 0.085000 0.085000
2 0.640000 0.620000 0.085000 0.085000
1 0.705000 0.642500 0.085000 0.085000
4 0.770000 0.665000 0.085000 0.085000
0 0.222500 0.550000 0.085000 0.085000
1 0.812500 0.752500 0.085000 0.085000
