4 0.168750 0.338750 0.072500 0.072500
1 0.241250 0.341250 0.072500 0.072500
4 0.611250 0.353750 0.072500 0.072500
1 0.833750 0.358750 0.072500 0.072500
1 0.908750 0.361250 0.072500 0.072500
1 0.091250 0.411250 0.072500 0.072500
0 0.238750 0.416250 0.072500 0.072500
4 0.536250 0.423750 0.072500 0.072500
4 0.608750 0.426250 0.072500 0.072500
1 0.236250 0.491250 0.072500 0.072500
4 0.386250 0.493750 0.072500 0.072500
4 0.458750 0.496250 0.072500 0.072500
2 0.533750 0.498750 0.072500 0.072500
1 0.756250 0.506250 0.072500 0.072500
1 0.903750 0.508750 0.072500 0.072500
2 0.161250 0.561250 0.072500 0.072500
1 0.236250 0.563750 0.072500 0.072500
0 0.308750 0.566250 0.072500 0.072500
4 0.383750 0.568750 0.072500 0.072500
3 0.456250 0.571250 0.072500 0.072500
2 0.531250 0.573750 0.072500 0.072500
0 0.678750 0.576250 0.072500 0.072500
1 0.901250 0.583750 0.072500 0.072500
3 0.158750 0.636250 0.072500 0.072500
1 0.306250 0.641250 0.072500 0.072500
4 0.381250 0.641250 0.072500 0.072500
4 0.676250 0.651250 0.072500 0.072500
4 0.751250 0.653750 0.072500 0.072500
