3 0.666250 0.258750 0.092500 0.092500
3 0.828750 0.231250 0.092500 0.092500
1 0.516250 0.368750 0.092500 0.092500
0 0.681250 0.341250 0.092500 0.092500
1 0.206250 0.506250 0.092500 0.092500
1 0.368750 0.478750 0.092500 0.092500
1 0.531250 0.451250 0.092500 0.092500
1 0.693750 0.421250 0.092500 0.092500
4 0.138750 0.601250 0.092500 0.092500
2 0.383750 0.558750 0.092500 0.092500
1 0.626250 0.516250 0.092500 0.092500
4 0.708750 0.503750 0.092500 0.092500
3 0.153750 0.683750 0.092500 0.092500
4 0.396250 0.641250 0.092500 0.092500
1 0.723750 0.583750 0.092500 0.092500
1 0.803750 0.571250 0.092500 0.092500
0 0.166250 0.766250 0.092500 0.092500
4 0.411250 0.723750 0.092500 0.092500
1 0.493750 0.708750 0.092500 0.092500
1 0.818750 0.651250 0.092500 0.092500
