4 0.196250 0.311250 0.077500 0.077500
2 0.266250 0.321250 0.077500 0.077500
1 0.481250 0.351250 0.077500 0.077500
3 0.763750 0.388750 0.077500 0.077500
1 0.906250 0.406250 0.077500 0.077500
0 0.328750 0.401250 0.077500 0.077500
1 0.541250 0.431250 0.077500 0.077500
1 0.683750 0.448750 0.077500 0.077500
1 0.106250 0.443750 0.077500 0.077500
2 0.176250 0.453750 0.077500 0.077500
4 0.318750 0.473750 0.077500 0.077500
1 0.391250 0.481250 0.077500 0.077500
0 0.461250 0.491250 0.077500 0.077500
4 0.531250 0.501250 0.077500 0.077500
4 0.381250 0.553750 0.077500 0.077500
2 0.451250 0.563750 0.077500 0.077500
1 0.593750 0.581250 0.077500 0.077500
2 0.736250 0.601250 0.077500 0.077500
2 0.806250 0.611250 0.077500 0.077500
0 0.876250 0.621250 0.077500 0.077500
0 0.301250 0.613750 0.077500 0.077500
3 0.441250 0.633750 0.077500 0.077500
2 0.513750 0.643750 0.077500 0.077500
4 0.583750 0.653750 0.077500 0.077500
1 0.653750 0.661250 0.077500 0.077500
2 0.726250 0.671250 0.077500 0.077500
