4 0.166250 0.231250 0.092500 0.092500
1 0.816250 0.343750 0.092500 0.092500
1 0.151250 0.313750 0.092500 0.092500
1 0.233750 0.326250 0.092500 0.092500
2 0.396250 0.353750 0.092500 0.092500
1 0.558750 0.383750 0.092500 0.092500
4 0.883750 0.438750 0.092500 0.092500
4 0.626250 0.478750 0.092500 0.092500
4 0.203750 0.488750 0.092500 0.092500
1 0.773750 0.588750 0.092500 0.092500
4 0.191250 0.571250 0.092500 0.092500
4 0.271250 0.586250 0.092500 0.092500
0 0.353750 0.598750 0.092500 0.092500
4 0.516250 0.626250 0.092500 0.092500
2 0.678750 0.656250 0.092500 0.092500
0 0.841250 0.683750 0.092500 0.092500
1 0.096250 0.638750 0.092500 0.092500
1 0.258750 0.666250 0.092500 0.092500
1 0.338750 0.681250 0.092500 0.092500
4 0.421250 0.693750 0.092500 0.092500
2 0.501250 0.708750 0.092500 0.092500
2 0.746250 0.751250 0.092500 0.092500
