1 0.307500 0.360000 0.075000 0.075000
2 0.380000 0.357500 0.075000 0.075000
4 0.527500 0.347500 0.075000 0.075000
1 0.600000 0.345000 0.075000 0.075000
4 0.672500 0.340000 0.075000 0.075000
3 0.747500 0.337500 0.075000 0.075000
1 0.892500 0.327500 0.075000 0.075000
3 0.165000 0.442500 0.075000 0.075000
4 0.237500 0.437500 0.075000 0.075000
2 0.385000 0.430000 0.075000 0.075000
4 0.825000 0.405000 0.075000 0.075000
4 0.897500 0.402500 0.075000 0.075000
2 0.167500 0.515000 0.075000 0.075000
2 0.315000 0.507500 0.075000 0.075000
4 0.535000 0.495000 0.075000 0.075000
2 0.900000 0.475000 0.075000 0.075000
2 0.685000 0.560000 0.075000 0.075000
3 0.757500 0.557500 0.075000 0.075000
4 0.322500 0.652500 0.075000 0.075000
1 0.470000 0.645000 0.075000 0.075000
1 0.542500 0.642500 0.075000 0.075000
1 0.615000 0.637500 0.075000 0.075000
3 0.835000 0.625000 0.075000 0.075000
