1 0.138750 0.443750 0.062500 0.062500
4 0.313750 0.426250 0.062500 0.062500
4 0.373750 0.421250 0.062500 0.062500
1 0.431250 0.416250 0.062500 0.062500
3 0.548750 0.406250 0.062500 0.062500
1 0.841250 0.378750 0.062500 0.062500
1 0.261250 0.491250 0.062500 0.062500
0 0.321250 0.486250 0.062500 0.062500
2 0.496250 0.468750 0.062500 0.062500
1 0.671250 0.453750 0.062500 0.062500
2 0.788750 0.441250 0.062500 0.062500
4 0.906250 0.431250 0.062500 0.062500
1 0.266250 0.548750 0.062500 0.062500
4 0.326250 0.543750 0.062500 0.062500
4 0.501250 0.528750 0.062500 0.062500
1 0.851250 0.496250 0.062500 0.062500
1 0.911250 0.488750 0.062500 0.062500
4 0.096250 0.623750 0.062500 0.062500
1 0.156250 0.618750 0.062500 0.062500
2 0.623750 0.576250 0.062500 0.062500
1 0.858750 0.553750 0.062500 0.062500
4 0.916250 0.548750 0.062500 0.062500
