1 0.176250 0.223750 0.092500 0.092500
4 0.816250 0.351250 0.092500 0.092500
0 0.158750 0.303750 0.092500 0.092500
0 0.481250 0.368750 0.092500 0.092500
1 0.721250 0.416250 0.092500 0.092500
1 0.801250 0.431250 0.092500 0.092500
1 0.143750 0.383750 0.092500 0.092500
1 0.383750 0.431250 0.092500 0.092500
1 0.623750 0.481250 0.092500 0.092500
3 0.786250 0.511250 0.092500 0.092500
1 0.126250 0.463750 0.092500 0.092500
1 0.206250 0.481250 0.092500 0.092500
2 0.288750 0.496250 0.092500 0.092500
1 0.448750 0.528750 0.092500 0.092500
4 0.528750 0.543750 0.092500 0.092500
4 0.111250 0.543750 0.092500 0.092500
1 0.191250 0.561250 0.092500 0.092500
4 0.351250 0.593750 0.092500 0.092500
4 0.513750 0.623750 0.092500 0.092500
1 0.593750 0.641250 0.092500 0.092500
4 0.833750 0.688750 0.092500 0.092500
1 0.336250 0.673750 0.092500 0.092500
1 0.416250 0.688750 0.092500 0.092500
