4 0.175000 0.360000 0.095000 0.095000
4 0.415000 0.307500 0.095000 0.095000
1 0.652500 0.255000 0.095000 0.095000
4 0.810000 0.220000 0.095000 0.095000
3 0.115000 0.457500 0.095000 0.095000
1 0.192500 0.440000 0.095000 0.095000
0 0.272500 0.422500 0.095000 0.095000
1 0.432500 0.387500 0.095000 0.095000
4 0.510000 0.370000 0.095000 0.095000
1 0.590000 0.352500 0.095000 0.095000
2 0.132500 0.537500 0.095000 0.095000
0 0.370000 0.485000 0.095000 0.095000
0 0.450000 0.467500 0.095000 0.095000
4 0.527500 0.450000 0.095000 0.095000
1 0.687500 0.415000 0.095000 0.095000
4 0.767500 0.397500 0.095000 0.095000
4 0.845000 0.380000 0.095000 0.095000
4 0.307500 0.580000 0.095000 0.095000
4 0.467500 0.545000 0.095000 0.095000
2 0.625000 0.510000 0.095000 0.095000
3 0.705000 0.492500 0.095000 0.095000
4 0.785000 0.475000 0.095000 0.095000
4 0.245000 0.677500 0.095000 0.095000
4 0.562500 0.607500 0.095000 0.095000
4 0.880000 0.537500 0.095000 0.095000
0 0.342500 0.740000 0.095000 0.095000
4 0.422500 0.722500 0.095000 0.095000
1 0.502500 0.705000 0.095000 0.095000
4 0.580000 0.687500 0.095000 0.095000
1 0.740000 0.652500 0.095000 0.095000
4 0.820000 0.635000 0.095000 0.095000
