4 0.175000 0.250000 0.085000 0.085000
0 0.242500 0.270000 0.085000 0.085000
1 0.307500 0.292500 0.085000 0.085000
1 0.372500 0.312500 0.085000 0.085000
0 0.637500 0.395000 0.085000 0.085000
4 0.837500 0.460000 0.085000 0.085000
0 0.352500 0.377500 0.085000 0.085000
1 0.420000 0.400000 0.085000 0.085000
1 0.485000 0.420000 0.085000 0.085000
4 0.617500 0.462500 0.085000 0.085000
3 0.682500 0.482500 0.085000 0.085000
4 0.750000 0.505000 0.085000 0.085000
4 0.815000 0.525000 0.085000 0.085000
0 0.882500 0.545000 0.085000 0.085000
1 0.132500 0.382500 0.085000 0.085000
2 0.200000 0.402500 0.085000 0.085000
1 0.332500 0.445000 0.085000 0.085000
1 0.397500 0.465000 0.085000 0.085000
3 0.530000 0.507500 0.085000 0.085000
4 0.662500 0.550000 0.085000 0.085000
2 0.730000 0.570000 0.085000 0.085000
2 0.245000 0.490000 0.085000 0.085000
0 0.310000 0.510000 0.085000 0.085000
1 0.377500 0.532500 0.085000 0.085000
1 0.575000 0.595000 0.085000 0.085000
0 0.775000 0.657500 0.085000 0.085000
1 0.222500 0.555000 0.085000 0.085000
1 0.355000 0.597500 0.085000 0.085000
4 0.422500 0.620000 0.085000 0.085000
4 0.555000 0.660000 0.085000 0.085000
4 0.620000 0.682500 0.085000 0.085000
1 0.687500 0.702500 0.085000 0.085000
3 0.820000 0.745000 0.085000 0.085000
