4 0.302500 0.345000 0.070000 0.070000
1 0.412500 0.380000 0.070000 0.070000
1 0.690000 0.465000 0.070000 0.070000
1 0.745000 0.482500 0.070000 0.070000
0 0.910000 0.535000 0.070000 0.070000
4 0.230000 0.382500 0.070000 0.070000
0 0.340000 0.417500 0.070000 0.070000
1 0.395000 0.435000 0.070000 0.070000
3 0.727500 0.540000 0.070000 0.070000
4 0.892500 0.592500 0.070000 0.070000
1 0.157500 0.420000 0.070000 0.070000
4 0.490000 0.525000 0.070000 0.070000
0 0.545000 0.542500 0.070000 0.070000
1 0.765000 0.612500 0.070000 0.070000
1 0.250000 0.510000 0.070000 0.070000
1 0.417500 0.562500 0.070000 0.070000
3 0.582500 0.615000 0.070000 0.070000
2 0.637500 0.632500 0.070000 0.070000
0 0.747500 0.667500 0.070000 0.070000
4 0.802500 0.685000 0.070000 0.070000
1 0.857500 0.702500 0.070000 0.070000
