1 0.395000 0.347500 0.075000 0.075000
1 0.542500 0.352500 0.075000 0.075000
4 0.687500 0.357500 0.075000 0.075000
4 0.242500 0.415000 0.075000 0.075000
3 0.390000 0.420000 0.075000 0.075000
4 0.537500 0.427500 0.075000 0.075000
4 0.612500 0.430000 0.075000 0.075000
1 0.685000 0.432500 0.075000 0.075000
4 0.760000 0.435000 0.075000 0.075000
3 0.832500 0.437500 0.075000 0.075000
1 0.167500 0.485000 0.075000 0.075000
3 0.315000 0.490000 0.075000 0.075000
2 0.535000 0.500000 0.075000 0.075000
3 0.610000 0.502500 0.075000 0.075000
3 0.757500 0.510000 0.075000 0.075000
4 0.830000 0.512500 0.075000 0.075000
4 0.905000 0.515000 0.075000 0.075000
3 0.312500 0.565000 0.075000 0.075000
1 0.385000 0.567500 0.075000 0.075000
1 0.460000 0.570000 0.075000 0.075000
0 0.605000 0.577500 0.075000 0.075000
4 0.680000 0.580000 0.075000 0.075000
4 0.827500 0.585000 0.075000 0.075000
1 0.900000 0.587500 0.075000 0.075000
2 0.087500 0.630000 0.075000 0.075000
2 0.455000 0.645000 0.075000 0.075000
4 0.530000 0.647500 0.075000 0.075000
2 0.750000 0.657500 0.075000 0.075000
