4 0.337500 0.205000 0.100000 0.100000
1 0.477500 0.272500 0.100000 0.100000
2 0.615000 0.340000 0.100000 0.100000
4 0.235000 0.242500 0.100000 0.100000
4 0.442500 0.342500 0.100000 0.100000
0 0.512500 0.377500 0.100000 0.100000
4 0.582500 0.410000 0.100000 0.100000
2 0.790000 0.512500 0.100000 0.100000
0 0.860000 0.545000 0.100000 0.100000
0 0.340000 0.380000 0.100000 0.100000
4 0.410000 0.412500 0.100000 0.100000
1 0.477500 0.447500 0.100000 0.100000
4 0.547500 0.480000 0.100000 0.100000
2 0.687500 0.547500 0.100000 0.100000
2 0.167500 0.380000 0.100000 0.100000
0 0.305000 0.447500 0.100000 0.100000
3 0.515000 0.550000 0.100000 0.100000
2 0.272500 0.517500 0.100000 0.100000
4 0.480000 0.620000 0.100000 0.100000
4 0.550000 0.652500 0.100000 0.100000
4 0.690000 0.720000 0.100000 0.100000
1 0.760000 0.755000 0.100000 0.100000
1 0.237500 0.587500 0.100000 0.100000
0 0.307500 0.622500 0.100000 0.100000
2 0.377500 0.655000 0.100000 0.100000
1 0.657500 0.790000 0.100000 0.100000
2 0.725000 0.822500 0.100000 0.100000
