4 0.601250 0.326250 0.097500 0.097500
4 0.748750 0.381250 0.097500 0.097500
2 0.278750 0.293750 0.097500 0.097500
1 0.426250 0.346250 0.097500 0.097500
1 0.576250 0.401250 0.097500 0.097500
0 0.401250 0.421250 0.097500 0.097500
1 0.768750 0.553750 0.097500 0.097500
3 0.153750 0.413750 0.097500 0.097500
0 0.301250 0.468750 0.097500 0.097500
4 0.448750 0.521250 0.097500 0.097500
1 0.521250 0.548750 0.097500 0.097500
1 0.596250 0.576250 0.097500 0.097500
4 0.668750 0.601250 0.097500 0.097500
1 0.743750 0.628750 0.097500 0.097500
4 0.816250 0.656250 0.097500 0.097500
4 0.791250 0.728750 0.097500 0.097500
1 0.468750 0.696250 0.097500 0.097500
1 0.688750 0.776250 0.097500 0.097500
3 0.763750 0.803750 0.097500 0.097500
