1 0.078750 0.458750 0.062500 0.062500
4 0.253750 0.438750 0.062500 0.062500
1 0.311250 0.431250 0.062500 0.062500
2 0.371250 0.423750 0.062500 0.062500
4 0.778750 0.378750 0.062500 0.062500
1 0.836250 0.371250 0.062500 0.062500
2 0.086250 0.516250 0.062500 0.062500
1 0.143750 0.508750 0.062500 0.062500
4 0.493750 0.468750 0.062500 0.062500
4 0.668750 0.448750 0.062500 0.062500
2 0.726250 0.441250 0.062500 0.062500
3 0.558750 0.521250 0.062500 0.062500
3 0.673750 0.506250 0.062500 0.062500
4 0.848750 0.486250 0.062500 0.062500
1 0.098750 0.631250 0.062500 0.062500
4 0.158750 0.626250 0.062500 0.062500
2 0.331250 0.606250 0.062500 0.062500
3 0.391250 0.598750 0.062500 0.062500
1 0.738750 0.558750 0.062500 0.062500
