1 0.262500 0.302500 0.075000 0.075000
3 0.425000 0.370000 0.075000 0.075000
2 0.585000 0.440000 0.075000 0.075000
3 0.692500 0.485000 0.075000 0.075000
4 0.747500 0.507500 0.075000 0.075000
0 0.800000 0.530000 0.075000 0.075000
1 0.855000 0.552500 0.075000 0.075000
4 0.132500 0.310000 0.075000 0.075000
2 0.240000 0.357500 0.075000 0.075000
1 0.455000 0.447500 0.075000 0.075000
4 0.562500 0.492500 0.075000 0.075000
2 0.885000 0.630000 0.075000 0.075000
4 0.162500 0.387500 0.075000 0.075000
4 0.592500 0.570000 0.075000 0.075000
1 0.647500 0.592500 0.075000 0.075000
2 0.862500 0.685000 0.075000 0.075000
3 0.085000 0.417500 0.075000 0.075000
1 0.140000 0.442500 0.075000 0.075000
0 0.247500 0.487500 0.075000 0.075000
4 0.462500 0.577500 0.075000 0.075000
1 0.677500 0.670000 0.075000 0.075000
