2 0.137500 0.292500 0.070000 0.070000
2 0.192500 0.310000 0.070000 0.070000
1 0.302500 0.345000 0.070000 0.070000
1 0.470000 0.397500 0.070000 0.070000
1 0.525000 0.415000 0.070000 0.070000
4 0.635000 0.447500 0.070000 0.070000
0 0.690000 0.465000 0.070000 0.070000
4 0.855000 0.517500 0.070000 0.070000
4 0.910000 0.535000 0.070000 0.070000
2 0.120000 0.347500 0.070000 0.070000
4 0.230000 0.382500 0.070000 0.070000
4 0.285000 0.400000 0.070000 0.070000
2 0.340000 0.417500 0.070000 0.070000
4 0.452500 0.452500 0.070000 0.070000
0 0.562500 0.487500 0.070000 0.070000
0 0.617500 0.505000 0.070000 0.070000
4 0.727500 0.537500 0.070000 0.070000
0 0.837500 0.572500 0.070000 0.070000
4 0.102500 0.402500 0.070000 0.070000
0 0.490000 0.525000 0.070000 0.070000
1 0.710000 0.595000 0.070000 0.070000
1 0.765000 0.612500 0.070000 0.070000
2 0.085000 0.457500 0.070000 0.070000
2 0.140000 0.475000 0.070000 0.070000
4 0.195000 0.492500 0.070000 0.070000
1 0.305000 0.527500 0.070000 0.070000
1 0.417500 0.562500 0.070000 0.070000
4 0.472500 0.580000 0.070000 0.070000
2 0.527500 0.597500 0.070000 0.070000
1 0.637500 0.632500 0.070000 0.070000
