1 0.262500 0.237500 0.095000 0.095000
1 0.342500 0.255000 0.095000 0.095000
0 0.422500 0.272500 0.095000 0.095000
2 0.580000 0.307500 0.095000 0.095000
3 0.897500 0.377500 0.095000 0.095000
4 0.245000 0.317500 0.095000 0.095000
4 0.405000 0.352500 0.095000 0.095000
3 0.705000 0.500000 0.095000 0.095000
1 0.785000 0.517500 0.095000 0.095000
1 0.210000 0.477500 0.095000 0.095000
1 0.370000 0.510000 0.095000 0.095000
1 0.450000 0.527500 0.095000 0.095000
1 0.527500 0.545000 0.095000 0.095000
1 0.607500 0.562500 0.095000 0.095000
3 0.687500 0.580000 0.095000 0.095000
4 0.352500 0.590000 0.095000 0.095000
4 0.510000 0.625000 0.095000 0.095000
2 0.670000 0.660000 0.095000 0.095000
4 0.175000 0.635000 0.095000 0.095000
1 0.495000 0.705000 0.095000 0.095000
1 0.652500 0.740000 0.095000 0.095000
4 0.732500 0.757500 0.095000 0.095000
