4 0.155000 0.257500 0.075000 0.075000
4 0.207500 0.280000 0.075000 0.075000
0 0.315000 0.325000 0.075000 0.075000
3 0.425000 0.370000 0.075000 0.075000
4 0.640000 0.462500 0.075000 0.075000
2 0.692500 0.485000 0.075000 0.075000
4 0.855000 0.552500 0.075000 0.075000
3 0.907500 0.577500 0.075000 0.075000
0 0.132500 0.310000 0.075000 0.075000
4 0.292500 0.380000 0.075000 0.075000
2 0.455000 0.447500 0.075000 0.075000
2 0.507500 0.470000 0.075000 0.075000
2 0.832500 0.607500 0.075000 0.075000
4 0.885000 0.630000 0.075000 0.075000
1 0.110000 0.365000 0.075000 0.075000
1 0.217500 0.410000 0.075000 0.075000
1 0.485000 0.525000 0.075000 0.075000
1 0.540000 0.547500 0.075000 0.075000
4 0.302500 0.510000 0.075000 0.075000
4 0.410000 0.555000 0.075000 0.075000
4 0.570000 0.622500 0.075000 0.075000
2 0.677500 0.670000 0.075000 0.075000
2 0.732500 0.692500 0.075000 0.075000
4 0.785000 0.715000 0.075000 0.075000
