4 0.157500 0.430000 0.080000 0.080000
4 0.225000 0.412500 0.080000 0.080000
4 0.362500 0.382500 0.080000 0.080000
0 0.567500 0.337500 0.080000 0.080000
0 0.842500 0.277500 0.080000 0.080000
0 0.105000 0.512500 0.080000 0.080000
1 0.172500 0.497500 0.080000 0.080000
1 0.240000 0.482500 0.080000 0.080000
2 0.377500 0.452500 0.080000 0.080000
4 0.515000 0.422500 0.080000 0.080000
4 0.720000 0.375000 0.080000 0.080000
1 0.857500 0.345000 0.080000 0.080000
4 0.120000 0.582500 0.080000 0.080000
1 0.187500 0.565000 0.080000 0.080000
4 0.257500 0.550000 0.080000 0.080000
1 0.325000 0.535000 0.080000 0.080000
4 0.392500 0.520000 0.080000 0.080000
1 0.600000 0.475000 0.080000 0.080000
3 0.667500 0.460000 0.080000 0.080000
4 0.872500 0.415000 0.080000 0.080000
1 0.135000 0.650000 0.080000 0.080000
1 0.477500 0.572500 0.080000 0.080000
4 0.545000 0.557500 0.080000 0.080000
2 0.615000 0.542500 0.080000 0.080000
4 0.752500 0.512500 0.080000 0.080000
4 0.150000 0.717500 0.080000 0.080000
3 0.355000 0.672500 0.080000 0.080000
4 0.425000 0.657500 0.080000 0.080000
4 0.697500 0.597500 0.080000 0.080000
4 0.835000 0.565000 0.080000 0.080000
1 0.905000 0.550000 0.080000 0.080000
