1 0.141250 0.528750 0.072500 0.072500
3 0.416250 0.433750 0.072500 0.072500
2 0.523750 0.396250 0.072500 0.072500
4 0.578750 0.376250 0.072500 0.072500
4 0.633750 0.358750 0.072500 0.072500
1 0.688750 0.338750 0.072500 0.072500
1 0.743750 0.318750 0.072500 0.072500
4 0.106250 0.603750 0.072500 0.072500
1 0.268750 0.546250 0.072500 0.072500
4 0.323750 0.526250 0.072500 0.072500
1 0.598750 0.431250 0.072500 0.072500
2 0.708750 0.393750 0.072500 0.072500
1 0.873750 0.336250 0.072500 0.072500
3 0.233750 0.621250 0.072500 0.072500
2 0.453750 0.543750 0.072500 0.072500
3 0.673750 0.466250 0.072500 0.072500
1 0.728750 0.448750 0.072500 0.072500
1 0.781250 0.428750 0.072500 0.072500
3 0.836250 0.411250 0.072500 0.072500
4 0.143750 0.713750 0.072500 0.072500
4 0.198750 0.693750 0.072500 0.072500
2 0.253750 0.676250 0.072500 0.072500
0 0.471250 0.598750 0.072500 0.072500
2 0.581250 0.561250 0.072500 0.072500
4 0.801250 0.483750 0.072500 0.072500
1 0.911250 0.446250 0.072500 0.072500
