4 0.085000 0.592500 0.075000 0.075000
1 0.140000 0.567500 0.075000 0.075000
0 0.192500 0.542500 0.075000 0.075000
4 0.405000 0.442500 0.075000 0.075000
1 0.460000 0.417500 0.075000 0.075000
1 0.832500 0.242500 0.075000 0.075000
1 0.270000 0.570000 0.075000 0.075000
3 0.325000 0.545000 0.075000 0.075000
4 0.377500 0.520000 0.075000 0.075000
2 0.430000 0.495000 0.075000 0.075000
1 0.485000 0.470000 0.075000 0.075000
2 0.590000 0.420000 0.075000 0.075000
4 0.642500 0.395000 0.075000 0.075000
1 0.750000 0.345000 0.075000 0.075000
1 0.802500 0.320000 0.075000 0.075000
3 0.190000 0.675000 0.075000 0.075000
4 0.455000 0.550000 0.075000 0.075000
2 0.510000 0.525000 0.075000 0.075000
4 0.562500 0.500000 0.075000 0.075000
2 0.615000 0.475000 0.075000 0.075000
4 0.722500 0.425000 0.075000 0.075000
4 0.775000 0.400000 0.075000 0.075000
3 0.882500 0.350000 0.075000 0.075000
1 0.215000 0.727500 0.075000 0.075000
2 0.320000 0.677500 0.075000 0.075000
1 0.480000 0.602500 0.075000 0.075000
3 0.535000 0.577500 0.075000 0.075000
1 0.587500 0.552500 0.075000 0.075000
1 0.852500 0.427500 0.075000 0.075000
