2 0.258750 0.308750 0.072500 0.072500
4 0.366250 0.351250 0.072500 0.072500
1 0.421250 0.371250 0.072500 0.072500
2 0.638750 0.458750 0.072500 0.072500
4 0.908750 0.566250 0.072500 0.072500
1 0.128750 0.318750 0.072500 0.072500
3 0.183750 0.341250 0.072500 0.072500
4 0.238750 0.361250 0.072500 0.072500
4 0.291250 0.383750 0.072500 0.072500
4 0.453750 0.448750 0.072500 0.072500
3 0.563750 0.491250 0.072500 0.072500
1 0.778750 0.576250 0.072500 0.072500
1 0.833750 0.598750 0.072500 0.072500
4 0.108750 0.373750 0.072500 0.072500
3 0.161250 0.393750 0.072500 0.072500
3 0.486250 0.523750 0.072500 0.072500
2 0.758750 0.631250 0.072500 0.072500
1 0.141250 0.448750 0.072500 0.072500
3 0.303750 0.513750 0.072500 0.072500
0 0.466250 0.578750 0.072500 0.072500
3 0.628750 0.641250 0.072500 0.072500
4 0.736250 0.686250 0.072500 0.072500
