4 0.078750 0.446250 0.062500 0.062500
2 0.196250 0.436250 0.062500 0.062500
4 0.313750 0.426250 0.062500 0.062500
1 0.373750 0.421250 0.062500 0.062500
2 0.548750 0.406250 0.062500 0.062500
1 0.606250 0.401250 0.062500 0.062500
4 0.841250 0.381250 0.062500 0.062500
1 0.901250 0.376250 0.062500 0.062500
3 0.143750 0.498750 0.062500 0.062500
1 0.378750 0.478750 0.062500 0.062500
1 0.436250 0.473750 0.062500 0.062500
1 0.611250 0.458750 0.062500 0.062500
1 0.788750 0.443750 0.062500 0.062500
4 0.846250 0.438750 0.062500 0.062500
2 0.906250 0.433750 0.062500 0.062500
4 0.148750 0.558750 0.062500 0.062500
1 0.323750 0.543750 0.062500 0.062500
4 0.383750 0.538750 0.062500 0.062500
4 0.733750 0.508750 0.062500 0.062500
3 0.793750 0.503750 0.062500 0.062500
4 0.851250 0.498750 0.062500 0.062500
4 0.153750 0.616250 0.062500 0.062500
3 0.271250 0.606250 0.062500 0.062500
2 0.856250 0.556250 0.062500 0.062500
1 0.916250 0.551250 0.062500 0.062500
