4 0.385000 0.337500 0.100000 0.100000
1 0.455000 0.305000 0.100000 0.100000
3 0.525000 0.272500 0.100000 0.100000
0 0.272500 0.470000 0.100000 0.100000
3 0.345000 0.440000 0.100000 0.100000
1 0.557500 0.345000 0.100000 0.100000
2 0.627500 0.312500 0.100000 0.100000
3 0.700000 0.282500 0.100000 0.100000
1 0.770000 0.250000 0.100000 0.100000
4 0.162500 0.605000 0.100000 0.100000
4 0.447500 0.477500 0.100000 0.100000
1 0.590000 0.415000 0.100000 0.100000
0 0.660000 0.385000 0.100000 0.100000
1 0.730000 0.352500 0.100000 0.100000
4 0.802500 0.320000 0.100000 0.100000
1 0.265000 0.645000 0.100000 0.100000
4 0.337500 0.612500 0.100000 0.100000
3 0.762500 0.422500 0.100000 0.100000
1 0.832500 0.392500 0.100000 0.100000
3 0.440000 0.652500 0.100000 0.100000
4 0.580000 0.590000 0.100000 0.100000
1 0.795000 0.495000 0.100000 0.100000
1 0.400000 0.755000 0.100000 0.100000
1 0.542500 0.692500 0.100000 0.100000
