1 0.085000 0.595000 0.075000 0.075000
2 0.405000 0.442500 0.075000 0.075000
4 0.617500 0.342500 0.075000 0.075000
3 0.672500 0.317500 0.075000 0.075000
1 0.777500 0.265000 0.075000 0.075000
1 0.112500 0.647500 0.075000 0.075000
4 0.165000 0.622500 0.075000 0.075000
1 0.325000 0.547500 0.075000 0.075000
2 0.430000 0.497500 0.075000 0.075000
4 0.537500 0.445000 0.075000 0.075000
1 0.590000 0.420000 0.075000 0.075000
1 0.750000 0.345000 0.075000 0.075000
4 0.137500 0.700000 0.075000 0.075000
1 0.242500 0.650000 0.075000 0.075000
2 0.350000 0.600000 0.075000 0.075000
4 0.402500 0.575000 0.075000 0.075000
3 0.510000 0.525000 0.075000 0.075000
4 0.667500 0.447500 0.075000 0.075000
1 0.775000 0.397500 0.075000 0.075000
2 0.162500 0.755000 0.075000 0.075000
3 0.267500 0.705000 0.075000 0.075000
0 0.640000 0.527500 0.075000 0.075000
2 0.695000 0.502500 0.075000 0.075000
4 0.800000 0.450000 0.075000 0.075000
0 0.852500 0.425000 0.075000 0.075000
