3 0.081250 0.508750 0.067500 0.067500
3 0.138750 0.496250 0.067500 0.067500
1 0.193750 0.481250 0.067500 0.067500
4 0.251250 0.468750 0.067500 0.067500
3 0.418750 0.426250 0.067500 0.067500
0 0.531250 0.398750 0.067500 0.067500
1 0.208750 0.538750 0.067500 0.067500
4 0.263750 0.523750 0.067500 0.067500
4 0.488750 0.468750 0.067500 0.067500
4 0.658750 0.426250 0.067500 0.067500
2 0.166250 0.608750 0.067500 0.067500
3 0.278750 0.581250 0.067500 0.067500
2 0.336250 0.566250 0.067500 0.067500
2 0.391250 0.553750 0.067500 0.067500
2 0.616250 0.496250 0.067500 0.067500
0 0.671250 0.483750 0.067500 0.067500
4 0.728750 0.468750 0.067500 0.067500
2 0.783750 0.456250 0.067500 0.067500
4 0.896250 0.426250 0.067500 0.067500
3 0.348750 0.623750 0.067500 0.067500
1 0.406250 0.608750 0.067500 0.067500
4 0.461250 0.596250 0.067500 0.067500
1 0.573750 0.566250 0.067500 0.067500
1 0.853750 0.498750 0.067500 0.067500
