4 0.100000 0.480000 0.100000 0.100000
3 0.445000 0.307500 0.100000 0.100000
4 0.515000 0.272500 0.100000 0.100000
3 0.652500 0.202500 0.100000 0.100000
4 0.132500 0.547500 0.100000 0.100000
4 0.202500 0.512500 0.100000 0.100000
1 0.272500 0.480000 0.100000 0.100000
4 0.547500 0.340000 0.100000 0.100000
2 0.307500 0.547500 0.100000 0.100000
1 0.202500 0.687500 0.100000 0.100000
2 0.272500 0.652500 0.100000 0.100000
1 0.340000 0.617500 0.100000 0.100000
4 0.547500 0.515000 0.100000 0.100000
3 0.617500 0.480000 0.100000 0.100000
4 0.687500 0.445000 0.100000 0.100000
3 0.825000 0.375000 0.100000 0.100000
1 0.237500 0.755000 0.100000 0.100000
1 0.305000 0.720000 0.100000 0.100000
4 0.790000 0.480000 0.100000 0.100000
4 0.272500 0.825000 0.100000 0.100000
1 0.410000 0.755000 0.100000 0.100000
2 0.480000 0.720000 0.100000 0.100000
3 0.547500 0.687500 0.100000 0.100000
4 0.617500 0.652500 0.100000 0.100000
1 0.687500 0.617500 0.100000 0.100000
1 0.825000 0.547500 0.100000 0.100000
0 0.895000 0.515000 0.100000 0.100000
