4 0.168750 0.228750 0.077500 0.077500
2 0.326250 0.311250 0.077500 0.077500
4 0.378750 0.336250 0.077500 0.077500
4 0.483750 0.391250 0.077500 0.077500
0 0.536250 0.418750 0.077500 0.077500
2 0.643750 0.471250 0.077500 0.077500
3 0.246250 0.336250 0.077500 0.077500
0 0.616250 0.523750 0.077500 0.077500
1 0.668750 0.551250 0.077500 0.077500
1 0.721250 0.578750 0.077500 0.077500
1 0.773750 0.606250 0.077500 0.077500
1 0.113750 0.333750 0.077500 0.077500
4 0.218750 0.388750 0.077500 0.077500
2 0.273750 0.416250 0.077500 0.077500
1 0.326250 0.443750 0.077500 0.077500
2 0.378750 0.468750 0.077500 0.077500
2 0.431250 0.496250 0.077500 0.077500
3 0.801250 0.683750 0.077500 0.077500
3 0.853750 0.711250 0.077500 0.077500
0 0.141250 0.413750 0.077500 0.077500
1 0.403750 0.548750 0.077500 0.077500
4 0.456250 0.576250 0.077500 0.077500
4 0.508750 0.603750 0.077500 0.077500
0 0.773750 0.738750 0.077500 0.077500
4 0.826250 0.763750 0.077500 0.077500
