4 0.177500 0.215000 0.080000 0.080000
1 0.385000 0.332500 0.080000 0.080000
1 0.592500 0.450000 0.080000 0.080000
1 0.645000 0.480000 0.080000 0.080000
0 0.802500 0.567500 0.080000 0.080000
2 0.855000 0.597500 0.080000 0.080000
1 0.905000 0.625000 0.080000 0.080000
4 0.147500 0.267500 0.080000 0.080000
4 0.252500 0.325000 0.080000 0.080000
1 0.302500 0.355000 0.080000 0.080000
4 0.407500 0.415000 0.080000 0.080000
1 0.512500 0.472500 0.080000 0.080000
4 0.617500 0.532500 0.080000 0.080000
2 0.667500 0.560000 0.080000 0.080000
3 0.222500 0.377500 0.080000 0.080000
3 0.482500 0.525000 0.080000 0.080000
1 0.742500 0.672500 0.080000 0.080000
1 0.140000 0.400000 0.080000 0.080000
2 0.192500 0.430000 0.080000 0.080000
1 0.350000 0.517500 0.080000 0.080000
4 0.505000 0.605000 0.080000 0.080000
2 0.610000 0.665000 0.080000 0.080000
0 0.715000 0.722500 0.080000 0.080000
3 0.765000 0.752500 0.080000 0.080000
