2 0.351250 0.406250 0.087500 0.087500
4 0.546250 0.331250 0.087500 0.087500
2 0.611250 0.308750 0.087500 0.087500
4 0.676250 0.283750 0.087500 0.087500
3 0.118750 0.568750 0.087500 0.087500
4 0.183750 0.543750 0.087500 0.087500
1 0.376250 0.471250 0.087500 0.087500
1 0.441250 0.446250 0.087500 0.087500
4 0.571250 0.396250 0.087500 0.087500
4 0.636250 0.373750 0.087500 0.087500
3 0.208750 0.608750 0.087500 0.087500
2 0.336250 0.561250 0.087500 0.087500
2 0.466250 0.511250 0.087500 0.087500
0 0.231250 0.673750 0.087500 0.087500
3 0.361250 0.623750 0.087500 0.087500
1 0.621250 0.526250 0.087500 0.087500
1 0.683750 0.501250 0.087500 0.087500
4 0.748750 0.476250 0.087500 0.087500
4 0.878750 0.428750 0.087500 0.087500
2 0.321250 0.713750 0.087500 0.087500
1 0.386250 0.688750 0.087500 0.087500
3 0.708750 0.566250 0.087500 0.087500
4 0.773750 0.541250 0.087500 0.087500
