1 0.422500 0.272500 0.095000 0.095000
1 0.500000 0.290000 0.095000 0.095000
4 0.660000 0.325000 0.095000 0.095000
1 0.740000 0.342500 0.095000 0.095000
1 0.165000 0.300000 0.095000 0.095000
4 0.245000 0.317500 0.095000 0.095000
4 0.325000 0.335000 0.095000 0.095000
1 0.485000 0.370000 0.095000 0.095000
4 0.642500 0.405000 0.095000 0.095000
0 0.147500 0.380000 0.095000 0.095000
1 0.467500 0.450000 0.095000 0.095000
1 0.625000 0.485000 0.095000 0.095000
3 0.785000 0.517500 0.095000 0.095000
2 0.862500 0.535000 0.095000 0.095000
2 0.132500 0.460000 0.095000 0.095000
4 0.210000 0.475000 0.095000 0.095000
2 0.290000 0.492500 0.095000 0.095000
1 0.370000 0.510000 0.095000 0.095000
1 0.527500 0.545000 0.095000 0.095000
3 0.607500 0.562500 0.095000 0.095000
1 0.687500 0.580000 0.095000 0.095000
1 0.767500 0.597500 0.095000 0.095000
4 0.845000 0.615000 0.095000 0.095000
1 0.510000 0.625000 0.095000 0.095000
4 0.827500 0.695000 0.095000 0.095000
1 0.255000 0.652500 0.095000 0.095000
3 0.492500 0.705000 0.095000 0.095000
4 0.652500 0.740000 0.095000 0.095000
