2 0.106250 0.351250 0.062500 0.062500
1 0.221250 0.368750 0.062500 0.062500
1 0.393750 0.393750 0.062500 0.062500
1 0.451250 0.401250 0.062500 0.062500
1 0.568750 0.418750 0.062500 0.062500
2 0.683750 0.433750 0.062500 0.062500
1 0.741250 0.443750 0.062500 0.062500
1 0.913750 0.468750 0.062500 0.062500
4 0.156250 0.418750 0.062500 0.062500
4 0.386250 0.451250 0.062500 0.062500
1 0.501250 0.466250 0.062500 0.062500
3 0.088750 0.466250 0.062500 0.062500
4 0.146250 0.476250 0.062500 0.062500
1 0.321250 0.501250 0.062500 0.062500
1 0.436250 0.516250 0.062500 0.062500
2 0.608750 0.541250 0.062500 0.062500
3 0.723750 0.558750 0.062500 0.062500
3 0.081250 0.523750 0.062500 0.062500
2 0.138750 0.533750 0.062500 0.062500
4 0.311250 0.558750 0.062500 0.062500
1 0.543750 0.591250 0.062500 0.062500
2 0.601250 0.598750 0.062500 0.062500
3 0.658750 0.608750 0.062500 0.062500
4 0.716250 0.616250 0.062500 0.062500
1 0.831250 0.633750 0.062500 0.062500
