1 0.093750 0.283750 0.087500 0.087500
1 0.271250 0.278750 0.087500 0.087500
4 0.538750 0.273750 0.087500 0.087500
3 0.273750 0.368750 0.087500 0.087500
4 0.361250 0.366250 0.087500 0.087500
2 0.541250 0.363750 0.087500 0.087500
4 0.628750 0.361250 0.087500 0.087500
2 0.273750 0.456250 0.087500 0.087500
4 0.541250 0.453750 0.087500 0.087500
3 0.898750 0.446250 0.087500 0.087500
0 0.098750 0.548750 0.087500 0.087500
1 0.186250 0.548750 0.087500 0.087500
4 0.366250 0.543750 0.087500 0.087500
4 0.631250 0.541250 0.087500 0.087500
2 0.721250 0.538750 0.087500 0.087500
4 0.811250 0.536250 0.087500 0.087500
4 0.898750 0.536250 0.087500 0.087500
1 0.098750 0.638750 0.087500 0.087500
4 0.278750 0.636250 0.087500 0.087500
1 0.366250 0.633750 0.087500 0.087500
4 0.633750 0.628750 0.087500 0.087500
1 0.723750 0.626250 0.087500 0.087500
1 0.101250 0.728750 0.087500 0.087500
2 0.368750 0.723750 0.087500 0.087500
3 0.636250 0.718750 0.087500 0.087500
1 0.901250 0.713750 0.087500 0.087500
