2 0.365000 0.377500 0.080000 0.080000
4 0.505000 0.352500 0.080000 0.080000
4 0.642500 0.325000 0.080000 0.080000
2 0.782500 0.297500 0.080000 0.080000
4 0.850000 0.285000 0.080000 0.080000
4 0.172500 0.487500 0.080000 0.080000
4 0.310000 0.460000 0.080000 0.080000
2 0.380000 0.447500 0.080000 0.080000
1 0.517500 0.420000 0.080000 0.080000
1 0.115000 0.570000 0.080000 0.080000
1 0.392500 0.517500 0.080000 0.080000
0 0.740000 0.450000 0.080000 0.080000
2 0.197500 0.627500 0.080000 0.080000
1 0.267500 0.612500 0.080000 0.080000
4 0.407500 0.587500 0.080000 0.080000
1 0.475000 0.572500 0.080000 0.080000
4 0.682500 0.532500 0.080000 0.080000
0 0.752500 0.520000 0.080000 0.080000
0 0.892500 0.492500 0.080000 0.080000
4 0.142500 0.710000 0.080000 0.080000
4 0.212500 0.695000 0.080000 0.080000
2 0.280000 0.682500 0.080000 0.080000
4 0.490000 0.642500 0.080000 0.080000
4 0.767500 0.587500 0.080000 0.080000
1 0.835000 0.575000 0.080000 0.080000
