4 0.142500 0.550000 0.075000 0.075000
1 0.357500 0.462500 0.075000 0.075000
1 0.410000 0.440000 0.075000 0.075000
2 0.465000 0.417500 0.075000 0.075000
1 0.520000 0.395000 0.075000 0.075000
0 0.572500 0.372500 0.075000 0.075000
1 0.790000 0.282500 0.075000 0.075000
4 0.842500 0.260000 0.075000 0.075000
0 0.110000 0.627500 0.075000 0.075000
4 0.325000 0.537500 0.075000 0.075000
4 0.380000 0.515000 0.075000 0.075000
4 0.595000 0.425000 0.075000 0.075000
1 0.812500 0.335000 0.075000 0.075000
2 0.132500 0.680000 0.075000 0.075000
4 0.185000 0.660000 0.075000 0.075000
1 0.295000 0.615000 0.075000 0.075000
4 0.402500 0.570000 0.075000 0.075000
4 0.455000 0.547500 0.075000 0.075000
4 0.672500 0.457500 0.075000 0.075000
0 0.725000 0.435000 0.075000 0.075000
4 0.780000 0.412500 0.075000 0.075000
0 0.887500 0.367500 0.075000 0.075000
4 0.317500 0.667500 0.075000 0.075000
4 0.425000 0.622500 0.075000 0.075000
2 0.477500 0.600000 0.075000 0.075000
4 0.585000 0.555000 0.075000 0.075000
0 0.640000 0.532500 0.075000 0.075000
1 0.802500 0.467500 0.075000 0.075000
