4 0.195000 0.302500 0.070000 0.070000
1 0.250000 0.322500 0.070000 0.070000
4 0.360000 0.357500 0.070000 0.070000
4 0.470000 0.395000 0.070000 0.070000
2 0.580000 0.432500 0.070000 0.070000
3 0.635000 0.450000 0.070000 0.070000
4 0.690000 0.470000 0.070000 0.070000
4 0.745000 0.487500 0.070000 0.070000
4 0.122500 0.340000 0.070000 0.070000
4 0.177500 0.357500 0.070000 0.070000
2 0.342500 0.412500 0.070000 0.070000
4 0.397500 0.432500 0.070000 0.070000
4 0.507500 0.470000 0.070000 0.070000
3 0.617500 0.505000 0.070000 0.070000
4 0.672500 0.525000 0.070000 0.070000
4 0.727500 0.542500 0.070000 0.070000
0 0.102500 0.395000 0.070000 0.070000
1 0.157500 0.412500 0.070000 0.070000
2 0.212500 0.432500 0.070000 0.070000
2 0.267500 0.450000 0.070000 0.070000
1 0.597500 0.560000 0.070000 0.070000
4 0.652500 0.580000 0.070000 0.070000
3 0.707500 0.597500 0.070000 0.070000
4 0.085000 0.450000 0.070000 0.070000
1 0.305000 0.522500 0.070000 0.070000
1 0.415000 0.560000 0.070000 0.070000
1 0.470000 0.580000 0.070000 0.070000
2 0.580000 0.615000 0.070000 0.070000
1 0.690000 0.652500 0.070000 0.070000
1 0.745000 0.670000 0.070000 0.070000
4 0.855000 0.707500 0.070000 0.070000
