0 0.082500 0.470000 0.065000 0.065000
2 0.197500 0.452500 0.065000 0.065000
2 0.370000 0.427500 0.065000 0.065000
4 0.427500 0.420000 0.065000 0.065000
2 0.717500 0.377500 0.065000 0.065000
4 0.205000 0.512500 0.065000 0.065000
0 0.437500 0.477500 0.065000 0.065000
0 0.610000 0.452500 0.065000 0.065000
4 0.840000 0.417500 0.065000 0.065000
1 0.897500 0.410000 0.065000 0.065000
0 0.215000 0.570000 0.065000 0.065000
1 0.272500 0.560000 0.065000 0.065000
1 0.560000 0.517500 0.065000 0.065000
4 0.675000 0.500000 0.065000 0.065000
1 0.732500 0.492500 0.065000 0.065000
2 0.792500 0.482500 0.065000 0.065000
4 0.850000 0.475000 0.065000 0.065000
1 0.907500 0.467500 0.065000 0.065000
1 0.222500 0.627500 0.065000 0.065000
4 0.280000 0.617500 0.065000 0.065000
4 0.337500 0.610000 0.065000 0.065000
4 0.570000 0.575000 0.065000 0.065000
4 0.627500 0.567500 0.065000 0.065000
1 0.915000 0.525000 0.065000 0.065000
