4 0.353750 0.198750 0.102500 0.102500
0 0.556250 0.308750 0.102500 0.102500
4 0.623750 0.346250 0.102500 0.102500
4 0.691250 0.383750 0.102500 0.102500
1 0.248750 0.231250 0.102500 0.102500
1 0.316250 0.266250 0.102500 0.102500
4 0.451250 0.341250 0.102500 0.102500
1 0.588750 0.413750 0.102500 0.102500
1 0.858750 0.561250 0.102500 0.102500
1 0.211250 0.298750 0.102500 0.102500
2 0.278750 0.333750 0.102500 0.102500
1 0.346250 0.371250 0.102500 0.102500
4 0.483750 0.446250 0.102500 0.102500
3 0.551250 0.481250 0.102500 0.102500
1 0.686250 0.556250 0.102500 0.102500
3 0.821250 0.628750 0.102500 0.102500
1 0.513750 0.548750 0.102500 0.102500
2 0.648750 0.623750 0.102500 0.102500
3 0.786250 0.696250 0.102500 0.102500
1 0.138750 0.433750 0.102500 0.102500
2 0.546250 0.653750 0.102500 0.102500
1 0.101250 0.501250 0.102500 0.102500
1 0.373750 0.648750 0.102500 0.102500
1 0.441250 0.686250 0.102500 0.102500
1 0.643750 0.796250 0.102500 0.102500
