2 0.317500 0.325000 0.075000 0.075000
3 0.425000 0.372500 0.075000 0.075000
3 0.800000 0.532500 0.075000 0.075000
1 0.855000 0.555000 0.075000 0.075000
4 0.347500 0.402500 0.075000 0.075000
3 0.507500 0.472500 0.075000 0.075000
4 0.562500 0.495000 0.075000 0.075000
0 0.670000 0.540000 0.075000 0.075000
0 0.725000 0.562500 0.075000 0.075000
2 0.777500 0.587500 0.075000 0.075000
4 0.832500 0.610000 0.075000 0.075000
2 0.885000 0.632500 0.075000 0.075000
2 0.110000 0.365000 0.075000 0.075000
2 0.162500 0.387500 0.075000 0.075000
4 0.270000 0.432500 0.075000 0.075000
2 0.377500 0.480000 0.075000 0.075000
4 0.485000 0.525000 0.075000 0.075000
3 0.540000 0.547500 0.075000 0.075000
2 0.647500 0.595000 0.075000 0.075000
4 0.755000 0.640000 0.075000 0.075000
3 0.862500 0.685000 0.075000 0.075000
2 0.140000 0.442500 0.075000 0.075000
0 0.192500 0.465000 0.075000 0.075000
3 0.677500 0.670000 0.075000 0.075000
