1 0.198750 0.308750 0.077500 0.077500
4 0.338750 0.328750 0.077500 0.077500
4 0.481250 0.351250 0.077500 0.077500
1 0.551250 0.361250 0.077500 0.077500
0 0.623750 0.371250 0.077500 0.077500
2 0.833750 0.401250 0.077500 0.077500
2 0.906250 0.411250 0.077500 0.077500
4 0.118750 0.371250 0.077500 0.077500
0 0.188750 0.381250 0.077500 0.077500
1 0.328750 0.401250 0.077500 0.077500
4 0.401250 0.411250 0.077500 0.077500
1 0.823750 0.471250 0.077500 0.077500
0 0.896250 0.481250 0.077500 0.077500
4 0.178750 0.451250 0.077500 0.077500
4 0.391250 0.481250 0.077500 0.077500
1 0.531250 0.501250 0.077500 0.077500
3 0.743750 0.531250 0.077500 0.077500
2 0.813750 0.541250 0.077500 0.077500
4 0.886250 0.551250 0.077500 0.077500
4 0.168750 0.521250 0.077500 0.077500
0 0.308750 0.541250 0.077500 0.077500
4 0.591250 0.581250 0.077500 0.077500
1 0.663750 0.593750 0.077500 0.077500
0 0.803750 0.613750 0.077500 0.077500
2 0.158750 0.591250 0.077500 0.077500
4 0.511250 0.643750 0.077500 0.077500
1 0.866250 0.693750 0.077500 0.077500
