4 0.193750 0.318750 0.077500 0.077500
1 0.478750 0.351250 0.077500 0.077500
4 0.693750 0.376250 0.077500 0.077500
1 0.836250 0.391250 0.077500 0.077500
4 0.328750 0.406250 0.077500 0.077500
1 0.541250 0.431250 0.077500 0.077500
4 0.756250 0.453750 0.077500 0.077500
4 0.828750 0.463750 0.077500 0.077500
2 0.898750 0.471250 0.077500 0.077500
1 0.103750 0.453750 0.077500 0.077500
4 0.318750 0.478750 0.077500 0.077500
4 0.533750 0.501250 0.077500 0.077500
4 0.676250 0.518750 0.077500 0.077500
1 0.748750 0.526250 0.077500 0.077500
4 0.821250 0.533750 0.077500 0.077500
2 0.168750 0.533750 0.077500 0.077500
2 0.238750 0.541250 0.077500 0.077500
1 0.311250 0.548750 0.077500 0.077500
4 0.453750 0.566250 0.077500 0.077500
1 0.526250 0.573750 0.077500 0.077500
1 0.883750 0.613750 0.077500 0.077500
1 0.303750 0.621250 0.077500 0.077500
2 0.373750 0.628750 0.077500 0.077500
3 0.446250 0.636250 0.077500 0.077500
1 0.733750 0.668750 0.077500 0.077500
