0 0.427500 0.367500 0.075000 0.075000
1 0.480000 0.392500 0.075000 0.075000
4 0.695000 0.492500 0.075000 0.075000
1 0.800000 0.545000 0.075000 0.075000
0 0.242500 0.345000 0.075000 0.075000
1 0.295000 0.370000 0.075000 0.075000
1 0.350000 0.395000 0.075000 0.075000
4 0.402500 0.420000 0.075000 0.075000
1 0.562500 0.497500 0.075000 0.075000
4 0.667500 0.547500 0.075000 0.075000
2 0.827500 0.622500 0.075000 0.075000
2 0.165000 0.372500 0.075000 0.075000
1 0.217500 0.397500 0.075000 0.075000
1 0.697500 0.625000 0.075000 0.075000
3 0.802500 0.675000 0.075000 0.075000
1 0.857500 0.700000 0.075000 0.075000
3 0.085000 0.400000 0.075000 0.075000
1 0.192500 0.452500 0.075000 0.075000
1 0.245000 0.477500 0.075000 0.075000
1 0.457500 0.577500 0.075000 0.075000
1 0.565000 0.627500 0.075000 0.075000
2 0.672500 0.677500 0.075000 0.075000
4 0.725000 0.702500 0.075000 0.075000
2 0.830000 0.755000 0.075000 0.075000
