1 0.087500 0.375000 0.075000 0.075000
4 0.380000 0.357500 0.075000 0.075000
1 0.527500 0.350000 0.075000 0.075000
4 0.820000 0.332500 0.075000 0.075000
1 0.092500 0.447500 0.075000 0.075000
4 0.310000 0.435000 0.075000 0.075000
2 0.385000 0.432500 0.075000 0.075000
1 0.457500 0.427500 0.075000 0.075000
0 0.602500 0.417500 0.075000 0.075000
4 0.750000 0.410000 0.075000 0.075000
1 0.822500 0.405000 0.075000 0.075000
4 0.170000 0.517500 0.075000 0.075000
4 0.387500 0.505000 0.075000 0.075000
4 0.462500 0.500000 0.075000 0.075000
2 0.607500 0.492500 0.075000 0.075000
1 0.755000 0.482500 0.075000 0.075000
1 0.900000 0.475000 0.075000 0.075000
2 0.100000 0.595000 0.075000 0.075000
3 0.172500 0.590000 0.075000 0.075000
4 0.247500 0.585000 0.075000 0.075000
4 0.392500 0.577500 0.075000 0.075000
0 0.540000 0.570000 0.075000 0.075000
1 0.612500 0.565000 0.075000 0.075000
1 0.757500 0.557500 0.075000 0.075000
3 0.832500 0.552500 0.075000 0.075000
1 0.250000 0.660000 0.075000 0.075000
4 0.470000 0.647500 0.075000 0.075000
2 0.542500 0.642500 0.075000 0.075000
1 0.617500 0.637500 0.075000 0.075000
4 0.690000 0.635000 0.075000 0.075000
4 0.762500 0.630000 0.075000 0.075000
2 0.835000 0.625000 0.075000 0.075000
2 0.910000 0.620000 0.075000 0.075000
