4 0.221250 0.368750 0.062500 0.062500
4 0.278750 0.378750 0.062500 0.062500
4 0.393750 0.393750 0.062500 0.062500
1 0.451250 0.401250 0.062500 0.062500
1 0.508750 0.408750 0.062500 0.062500
3 0.683750 0.433750 0.062500 0.062500
4 0.741250 0.441250 0.062500 0.062500
2 0.913750 0.466250 0.062500 0.062500
1 0.153750 0.418750 0.062500 0.062500
4 0.271250 0.436250 0.062500 0.062500
1 0.443750 0.458750 0.062500 0.062500
1 0.558750 0.476250 0.062500 0.062500
2 0.616250 0.483750 0.062500 0.062500
1 0.088750 0.468750 0.062500 0.062500
4 0.146250 0.478750 0.062500 0.062500
1 0.203750 0.486250 0.062500 0.062500
2 0.261250 0.493750 0.062500 0.062500
0 0.321250 0.501250 0.062500 0.062500
4 0.493750 0.526250 0.062500 0.062500
1 0.608750 0.541250 0.062500 0.062500
4 0.666250 0.548750 0.062500 0.062500
1 0.841250 0.573750 0.062500 0.062500
4 0.253750 0.551250 0.062500 0.062500
4 0.311250 0.558750 0.062500 0.062500
4 0.428750 0.576250 0.062500 0.062500
2 0.486250 0.583750 0.062500 0.062500
1 0.658750 0.606250 0.062500 0.062500
1 0.716250 0.613750 0.062500 0.062500
