4 0.092500 0.482500 0.085000 0.085000
2 0.157500 0.460000 0.085000 0.085000
2 0.552500 0.332500 0.085000 0.085000
1 0.620000 0.312500 0.085000 0.085000
0 0.685000 0.290000 0.085000 0.085000
1 0.112500 0.547500 0.085000 0.085000
4 0.245000 0.505000 0.085000 0.085000
2 0.310000 0.485000 0.085000 0.085000
4 0.377500 0.462500 0.085000 0.085000
4 0.772500 0.335000 0.085000 0.085000
4 0.200000 0.592500 0.085000 0.085000
4 0.595000 0.465000 0.085000 0.085000
0 0.860000 0.380000 0.085000 0.085000
1 0.287500 0.637500 0.085000 0.085000
1 0.352500 0.615000 0.085000 0.085000
2 0.485000 0.572500 0.085000 0.085000
1 0.750000 0.490000 0.085000 0.085000
2 0.815000 0.467500 0.085000 0.085000
1 0.507500 0.640000 0.085000 0.085000
1 0.705000 0.575000 0.085000 0.085000
4 0.837500 0.532500 0.085000 0.085000
