1 0.271250 0.391250 0.062500 0.062500
4 0.388750 0.401250 0.062500 0.062500
2 0.506250 0.411250 0.062500 0.062500
0 0.563750 0.416250 0.062500 0.062500
3 0.383750 0.458750 0.062500 0.062500
3 0.441250 0.463750 0.062500 0.062500
4 0.558750 0.473750 0.062500 0.062500
3 0.911250 0.506250 0.062500 0.062500
1 0.083750 0.491250 0.062500 0.062500
4 0.143750 0.496250 0.062500 0.062500
2 0.201250 0.501250 0.062500 0.062500
1 0.436250 0.523750 0.062500 0.062500
4 0.493750 0.528750 0.062500 0.062500
4 0.553750 0.533750 0.062500 0.062500
2 0.671250 0.543750 0.062500 0.062500
2 0.846250 0.558750 0.062500 0.062500
1 0.903750 0.563750 0.062500 0.062500
1 0.078750 0.551250 0.062500 0.062500
4 0.138750 0.556250 0.062500 0.062500
2 0.196250 0.561250 0.062500 0.062500
3 0.373750 0.576250 0.062500 0.062500
1 0.548750 0.591250 0.062500 0.062500
3 0.666250 0.601250 0.062500 0.062500
4 0.723750 0.606250 0.062500 0.062500
4 0.841250 0.616250 0.062500 0.062500
2 0.898750 0.621250 0.062500 0.062500
