1 0.185000 0.220000 0.095000 0.095000
4 0.265000 0.237500 0.095000 0.095000
4 0.502500 0.290000 0.095000 0.095000
2 0.582500 0.307500 0.095000 0.095000
1 0.660000 0.325000 0.095000 0.095000
0 0.740000 0.345000 0.095000 0.095000
4 0.897500 0.380000 0.095000 0.095000
4 0.325000 0.335000 0.095000 0.095000
2 0.405000 0.352500 0.095000 0.095000
1 0.562500 0.387500 0.095000 0.095000
2 0.722500 0.422500 0.095000 0.095000
1 0.800000 0.440000 0.095000 0.095000
4 0.880000 0.457500 0.095000 0.095000
4 0.230000 0.395000 0.095000 0.095000
4 0.467500 0.450000 0.095000 0.095000
1 0.625000 0.485000 0.095000 0.095000
4 0.212500 0.475000 0.095000 0.095000
2 0.450000 0.527500 0.095000 0.095000
0 0.607500 0.562500 0.095000 0.095000
1 0.510000 0.625000 0.095000 0.095000
4 0.747500 0.677500 0.095000 0.095000
0 0.827500 0.695000 0.095000 0.095000
4 0.175000 0.632500 0.095000 0.095000
1 0.335000 0.667500 0.095000 0.095000
4 0.412500 0.687500 0.095000 0.095000
4 0.492500 0.705000 0.095000 0.095000
1 0.650000 0.740000 0.095000 0.095000
