4 0.098750 0.428750 0.097500 0.097500
4 0.246250 0.376250 0.097500 0.097500
1 0.321250 0.351250 0.097500 0.097500
1 0.393750 0.323750 0.097500 0.097500
4 0.691250 0.218750 0.097500 0.097500
4 0.766250 0.193750 0.097500 0.097500
2 0.123750 0.503750 0.097500 0.097500
4 0.271250 0.451250 0.097500 0.097500
1 0.643750 0.321250 0.097500 0.097500
4 0.373750 0.498750 0.097500 0.097500
4 0.521250 0.446250 0.097500 0.097500
1 0.596250 0.421250 0.097500 0.097500
1 0.816250 0.341250 0.097500 0.097500
4 0.398750 0.573750 0.097500 0.097500
4 0.546250 0.521250 0.097500 0.097500
4 0.696250 0.468750 0.097500 0.097500
4 0.768750 0.441250 0.097500 0.097500
0 0.203750 0.726250 0.097500 0.097500
4 0.276250 0.698750 0.097500 0.097500
2 0.351250 0.673750 0.097500 0.097500
3 0.721250 0.543750 0.097500 0.097500
1 0.796250 0.516250 0.097500 0.097500
0 0.868750 0.491250 0.097500 0.097500
0 0.303750 0.773750 0.097500 0.097500
1 0.526250 0.696250 0.097500 0.097500
4 0.673750 0.643750 0.097500 0.097500
