4 0.157500 0.255000 0.075000 0.075000
1 0.265000 0.300000 0.075000 0.075000
4 0.532500 0.417500 0.075000 0.075000
2 0.640000 0.465000 0.075000 0.075000
4 0.800000 0.535000 0.075000 0.075000
4 0.907500 0.582500 0.075000 0.075000
1 0.240000 0.355000 0.075000 0.075000
0 0.295000 0.377500 0.075000 0.075000
2 0.347500 0.402500 0.075000 0.075000
1 0.455000 0.447500 0.075000 0.075000
4 0.670000 0.542500 0.075000 0.075000
1 0.110000 0.362500 0.075000 0.075000
0 0.217500 0.407500 0.075000 0.075000
0 0.270000 0.432500 0.075000 0.075000
1 0.325000 0.455000 0.075000 0.075000
1 0.432500 0.502500 0.075000 0.075000
4 0.540000 0.547500 0.075000 0.075000
4 0.592500 0.572500 0.075000 0.075000
1 0.700000 0.620000 0.075000 0.075000
4 0.860000 0.690000 0.075000 0.075000
1 0.140000 0.437500 0.075000 0.075000
4 0.247500 0.485000 0.075000 0.075000
4 0.462500 0.580000 0.075000 0.075000
1 0.677500 0.672500 0.075000 0.075000
4 0.730000 0.695000 0.075000 0.075000
4 0.785000 0.720000 0.075000 0.075000
