3 0.100000 0.462500 0.100000 0.100000
4 0.170000 0.432500 0.100000 0.100000
1 0.525000 0.272500 0.100000 0.100000
3 0.667500 0.210000 0.100000 0.100000
0 0.202500 0.502500 0.100000 0.100000
4 0.345000 0.440000 0.100000 0.100000
2 0.415000 0.407500 0.100000 0.100000
2 0.487500 0.375000 0.100000 0.100000
4 0.557500 0.345000 0.100000 0.100000
0 0.627500 0.312500 0.100000 0.100000
4 0.700000 0.282500 0.100000 0.100000
1 0.770000 0.250000 0.100000 0.100000
0 0.162500 0.605000 0.100000 0.100000
1 0.447500 0.477500 0.100000 0.100000
0 0.517500 0.447500 0.100000 0.100000
2 0.730000 0.352500 0.100000 0.100000
4 0.802500 0.320000 0.100000 0.100000
4 0.265000 0.645000 0.100000 0.100000
1 0.407500 0.580000 0.100000 0.100000
2 0.477500 0.550000 0.100000 0.100000
4 0.550000 0.517500 0.100000 0.100000
3 0.692500 0.455000 0.100000 0.100000
0 0.227500 0.747500 0.100000 0.100000
1 0.440000 0.652500 0.100000 0.100000
4 0.510000 0.620000 0.100000 0.100000
4 0.652500 0.557500 0.100000 0.100000
4 0.865000 0.462500 0.100000 0.100000
1 0.257500 0.817500 0.100000 0.100000
1 0.470000 0.722500 0.100000 0.100000
4 0.825000 0.565000 0.100000 0.100000
4 0.897500 0.532500 0.100000 0.100000
