2 0.286250 0.436250 0.087500 0.087500
1 0.413750 0.383750 0.087500 0.087500
0 0.541250 0.331250 0.087500 0.087500
3 0.606250 0.303750 0.087500 0.087500
4 0.118750 0.578750 0.087500 0.087500
3 0.183750 0.551250 0.087500 0.087500
1 0.311250 0.498750 0.087500 0.087500
3 0.631250 0.368750 0.087500 0.087500
4 0.696250 0.341250 0.087500 0.087500
3 0.823750 0.291250 0.087500 0.087500
3 0.273750 0.588750 0.087500 0.087500
1 0.593750 0.458750 0.087500 0.087500
2 0.786250 0.381250 0.087500 0.087500
2 0.236250 0.678750 0.087500 0.087500
2 0.301250 0.653750 0.087500 0.087500
4 0.556250 0.548750 0.087500 0.087500
3 0.326250 0.718750 0.087500 0.087500
2 0.518750 0.638750 0.087500 0.087500
4 0.583750 0.613750 0.087500 0.087500
1 0.773750 0.533750 0.087500 0.087500
3 0.838750 0.508750 0.087500 0.087500
1 0.903750 0.481250 0.087500 0.087500
