1 0.098750 0.446250 0.097500 0.097500
4 0.171250 0.416250 0.097500 0.097500
1 0.461250 0.301250 0.097500 0.097500
1 0.128750 0.518750 0.097500 0.097500
1 0.201250 0.488750 0.097500 0.097500
4 0.346250 0.431250 0.097500 0.097500
1 0.563750 0.343750 0.097500 0.097500
3 0.636250 0.316250 0.097500 0.097500
1 0.781250 0.256250 0.097500 0.097500
1 0.156250 0.591250 0.097500 0.097500
1 0.301250 0.531250 0.097500 0.097500
4 0.591250 0.416250 0.097500 0.097500
4 0.186250 0.663750 0.097500 0.097500
1 0.331250 0.603750 0.097500 0.097500
3 0.476250 0.546250 0.097500 0.097500
4 0.693750 0.461250 0.097500 0.097500
1 0.766250 0.431250 0.097500 0.097500
1 0.213750 0.736250 0.097500 0.097500
4 0.503750 0.618750 0.097500 0.097500
0 0.721250 0.533750 0.097500 0.097500
0 0.793750 0.503750 0.097500 0.097500
2 0.678750 0.633750 0.097500 0.097500
1 0.823750 0.576250 0.097500 0.097500
