1 0.230000 0.397500 0.080000 0.080000
2 0.370000 0.375000 0.080000 0.080000
0 0.510000 0.352500 0.080000 0.080000
3 0.580000 0.340000 0.080000 0.080000
4 0.790000 0.307500 0.080000 0.080000
1 0.450000 0.435000 0.080000 0.080000
4 0.590000 0.412500 0.080000 0.080000
4 0.662500 0.400000 0.080000 0.080000
2 0.732500 0.387500 0.080000 0.080000
3 0.802500 0.377500 0.080000 0.080000
1 0.532500 0.492500 0.080000 0.080000
4 0.602500 0.482500 0.080000 0.080000
0 0.122500 0.632500 0.080000 0.080000
0 0.192500 0.620000 0.080000 0.080000
4 0.332500 0.597500 0.080000 0.080000
1 0.472500 0.575000 0.080000 0.080000
4 0.545000 0.562500 0.080000 0.080000
2 0.615000 0.552500 0.080000 0.080000
4 0.755000 0.530000 0.080000 0.080000
1 0.895000 0.505000 0.080000 0.080000
0 0.205000 0.690000 0.080000 0.080000
0 0.345000 0.667500 0.080000 0.080000
4 0.695000 0.610000 0.080000 0.080000
1 0.765000 0.600000 0.080000 0.080000
