4 0.161250 0.358750 0.072500 0.072500
2 0.233750 0.356250 0.072500 0.072500
2 0.456250 0.351250 0.072500 0.072500
3 0.753750 0.341250 0.072500 0.072500
2 0.088750 0.433750 0.072500 0.072500
4 0.161250 0.431250 0.072500 0.072500
1 0.383750 0.426250 0.072500 0.072500
4 0.458750 0.423750 0.072500 0.072500
4 0.533750 0.423750 0.072500 0.072500
2 0.828750 0.413750 0.072500 0.072500
4 0.903750 0.413750 0.072500 0.072500
2 0.091250 0.508750 0.072500 0.072500
3 0.311250 0.503750 0.072500 0.072500
1 0.756250 0.491250 0.072500 0.072500
0 0.831250 0.488750 0.072500 0.072500
2 0.166250 0.581250 0.072500 0.072500
0 0.241250 0.578750 0.072500 0.072500
4 0.536250 0.571250 0.072500 0.072500
2 0.683750 0.566250 0.072500 0.072500
2 0.758750 0.563750 0.072500 0.072500
4 0.906250 0.561250 0.072500 0.072500
4 0.093750 0.656250 0.072500 0.072500
4 0.168750 0.653750 0.072500 0.072500
0 0.241250 0.653750 0.072500 0.072500
4 0.316250 0.651250 0.072500 0.072500
4 0.463750 0.646250 0.072500 0.072500
2 0.613750 0.643750 0.072500 0.072500
0 0.908750 0.633750 0.072500 0.072500
