1 0.158750 0.393750 0.077500 0.077500
4 0.301250 0.376250 0.077500 0.077500
1 0.096250 0.473750 0.077500 0.077500
4 0.238750 0.456250 0.077500 0.077500
4 0.308750 0.448750 0.077500 0.077500
1 0.381250 0.438750 0.077500 0.077500
2 0.523750 0.423750 0.077500 0.077500
4 0.246250 0.528750 0.077500 0.077500
4 0.318750 0.521250 0.077500 0.077500
4 0.533750 0.493750 0.077500 0.077500
1 0.603750 0.486250 0.077500 0.077500
1 0.746250 0.468750 0.077500 0.077500
2 0.326250 0.591250 0.077500 0.077500
4 0.398750 0.583750 0.077500 0.077500
2 0.541250 0.566250 0.077500 0.077500
4 0.121250 0.688750 0.077500 0.077500
1 0.193750 0.681250 0.077500 0.077500
4 0.336250 0.663750 0.077500 0.077500
4 0.478750 0.646250 0.077500 0.077500
4 0.906250 0.593750 0.077500 0.077500
