3 0.303750 0.373750 0.077500 0.077500
1 0.446250 0.358750 0.077500 0.077500
2 0.661250 0.336250 0.077500 0.077500
2 0.733750 0.328750 0.077500 0.077500
1 0.806250 0.321250 0.077500 0.077500
4 0.876250 0.313750 0.077500 0.077500
1 0.093750 0.468750 0.077500 0.077500
4 0.166250 0.461250 0.077500 0.077500
4 0.238750 0.453750 0.077500 0.077500
1 0.526250 0.423750 0.077500 0.077500
0 0.883750 0.386250 0.077500 0.077500
4 0.173750 0.531250 0.077500 0.077500
1 0.246250 0.523750 0.077500 0.077500
3 0.388750 0.508750 0.077500 0.077500
2 0.676250 0.478750 0.077500 0.077500
2 0.748750 0.471250 0.077500 0.077500
3 0.891250 0.456250 0.077500 0.077500
2 0.611250 0.558750 0.077500 0.077500
4 0.828750 0.536250 0.077500 0.077500
1 0.898750 0.528750 0.077500 0.077500
1 0.116250 0.683750 0.077500 0.077500
4 0.188750 0.676250 0.077500 0.077500
4 0.333750 0.661250 0.077500 0.077500
4 0.476250 0.646250 0.077500 0.077500
4 0.548750 0.638750 0.077500 0.077500
4 0.691250 0.623750 0.077500 0.077500
3 0.763750 0.616250 0.077500 0.077500
1 0.906250 0.601250 0.077500 0.077500
