4 0.095000 0.317500 0.090000 0.090000
4 0.180000 0.310000 0.090000 0.090000
4 0.350000 0.295000 0.090000 0.090000
1 0.607500 0.272500 0.090000 0.090000
1 0.692500 0.265000 0.090000 0.090000
4 0.862500 0.250000 0.090000 0.090000
1 0.187500 0.395000 0.090000 0.090000
4 0.442500 0.372500 0.090000 0.090000
4 0.527500 0.365000 0.090000 0.090000
2 0.785000 0.345000 0.090000 0.090000
1 0.107500 0.487500 0.090000 0.090000
1 0.195000 0.480000 0.090000 0.090000
2 0.280000 0.475000 0.090000 0.090000
2 0.365000 0.467500 0.090000 0.090000
2 0.450000 0.460000 0.090000 0.090000
2 0.622500 0.445000 0.090000 0.090000
4 0.707500 0.437500 0.090000 0.090000
1 0.885000 0.507500 0.090000 0.090000
1 0.122500 0.660000 0.090000 0.090000
2 0.380000 0.637500 0.090000 0.090000
1 0.550000 0.622500 0.090000 0.090000
1 0.635000 0.615000 0.090000 0.090000
1 0.722500 0.607500 0.090000 0.090000
3 0.807500 0.600000 0.090000 0.090000
2 0.387500 0.722500 0.090000 0.090000
1 0.642500 0.700000 0.090000 0.090000
4 0.730000 0.692500 0.090000 0.090000
3 0.815000 0.685000 0.090000 0.090000
3 0.900000 0.677500 0.090000 0.090000
