1 0.203750 0.218750 0.087500 0.087500
1 0.268750 0.246250 0.087500 0.087500
4 0.458750 0.328750 0.087500 0.087500
4 0.521250 0.356250 0.087500 0.087500
3 0.648750 0.411250 0.087500 0.087500
1 0.838750 0.496250 0.087500 0.087500
4 0.176250 0.283750 0.087500 0.087500
0 0.238750 0.311250 0.087500 0.087500
2 0.303750 0.338750 0.087500 0.087500
4 0.493750 0.421250 0.087500 0.087500
1 0.556250 0.448750 0.087500 0.087500
1 0.621250 0.476250 0.087500 0.087500
1 0.746250 0.531250 0.087500 0.087500
4 0.811250 0.558750 0.087500 0.087500
1 0.873750 0.586250 0.087500 0.087500
2 0.211250 0.373750 0.087500 0.087500
1 0.403750 0.456250 0.087500 0.087500
1 0.593750 0.538750 0.087500 0.087500
4 0.248750 0.463750 0.087500 0.087500
1 0.438750 0.546250 0.087500 0.087500
1 0.501250 0.573750 0.087500 0.087500
1 0.566250 0.603750 0.087500 0.087500
2 0.628750 0.631250 0.087500 0.087500
1 0.093750 0.473750 0.087500 0.087500
2 0.221250 0.528750 0.087500 0.087500
1 0.411250 0.611250 0.087500 0.087500
1 0.538750 0.666250 0.087500 0.087500
3 0.791250 0.776250 0.087500 0.087500
