4 0.210000 0.262500 0.090000 0.090000
0 0.297500 0.267500 0.090000 0.090000
4 0.382500 0.272500 0.090000 0.090000
2 0.470000 0.280000 0.090000 0.090000
1 0.642500 0.290000 0.090000 0.090000
1 0.730000 0.297500 0.090000 0.090000
2 0.205000 0.347500 0.090000 0.090000
2 0.290000 0.355000 0.090000 0.090000
1 0.637500 0.377500 0.090000 0.090000
3 0.722500 0.382500 0.090000 0.090000
1 0.895000 0.395000 0.090000 0.090000
1 0.112500 0.430000 0.090000 0.090000
2 0.200000 0.435000 0.090000 0.090000
4 0.372500 0.447500 0.090000 0.090000
1 0.457500 0.452500 0.090000 0.090000
1 0.802500 0.475000 0.090000 0.090000
1 0.890000 0.482500 0.090000 0.090000
2 0.107500 0.515000 0.090000 0.090000
2 0.192500 0.522500 0.090000 0.090000
0 0.625000 0.550000 0.090000 0.090000
4 0.712500 0.555000 0.090000 0.090000
2 0.360000 0.620000 0.090000 0.090000
4 0.447500 0.625000 0.090000 0.090000
1 0.532500 0.630000 0.090000 0.090000
0 0.620000 0.637500 0.090000 0.090000
1 0.792500 0.647500 0.090000 0.090000
1 0.095000 0.687500 0.090000 0.090000
4 0.182500 0.695000 0.090000 0.090000
4 0.355000 0.705000 0.090000 0.090000
4 0.787500 0.735000 0.090000 0.090000
4 0.872500 0.740000 0.090000 0.090000
