1 0.121250 0.318750 0.067500 0.067500
4 0.178750 0.331250 0.067500 0.067500
1 0.291250 0.358750 0.067500 0.067500
4 0.348750 0.371250 0.067500 0.067500
0 0.403750 0.386250 0.067500 0.067500
4 0.516250 0.411250 0.067500 0.067500
4 0.628750 0.438750 0.067500 0.067500
1 0.686250 0.453750 0.067500 0.067500
1 0.798750 0.478750 0.067500 0.067500
4 0.856250 0.493750 0.067500 0.067500
0 0.911250 0.506250 0.067500 0.067500
4 0.221250 0.401250 0.067500 0.067500
2 0.278750 0.416250 0.067500 0.067500
4 0.333750 0.428750 0.067500 0.067500
2 0.446250 0.456250 0.067500 0.067500
1 0.786250 0.536250 0.067500 0.067500
0 0.898750 0.563750 0.067500 0.067500
4 0.151250 0.443750 0.067500 0.067500
4 0.263750 0.471250 0.067500 0.067500
4 0.378750 0.498750 0.067500 0.067500
3 0.491250 0.526250 0.067500 0.067500
2 0.658750 0.566250 0.067500 0.067500
1 0.716250 0.578750 0.067500 0.067500
4 0.196250 0.513750 0.067500 0.067500
4 0.308750 0.541250 0.067500 0.067500
3 0.476250 0.581250 0.067500 0.067500
2 0.588750 0.608750 0.067500 0.067500
0 0.871250 0.676250 0.067500 0.067500
