2 0.095000 0.307500 0.090000 0.090000
0 0.180000 0.300000 0.090000 0.090000
1 0.267500 0.295000 0.090000 0.090000
2 0.612500 0.275000 0.090000 0.090000
2 0.700000 0.267500 0.090000 0.090000
1 0.872500 0.257500 0.090000 0.090000
2 0.100000 0.392500 0.090000 0.090000
1 0.620000 0.360000 0.090000 0.090000
2 0.105000 0.480000 0.090000 0.090000
4 0.192500 0.475000 0.090000 0.090000
2 0.365000 0.462500 0.090000 0.090000
1 0.450000 0.457500 0.090000 0.090000
1 0.537500 0.452500 0.090000 0.090000
4 0.625000 0.447500 0.090000 0.090000
4 0.797500 0.435000 0.090000 0.090000
4 0.885000 0.430000 0.090000 0.090000
4 0.110000 0.567500 0.090000 0.090000
4 0.282500 0.555000 0.090000 0.090000
1 0.370000 0.550000 0.090000 0.090000
1 0.717500 0.527500 0.090000 0.090000
4 0.802500 0.522500 0.090000 0.090000
4 0.115000 0.652500 0.090000 0.090000
1 0.547500 0.625000 0.090000 0.090000
0 0.895000 0.605000 0.090000 0.090000
2 0.207500 0.735000 0.090000 0.090000
4 0.555000 0.712500 0.090000 0.090000
4 0.815000 0.695000 0.090000 0.090000
