2 0.086250 0.616250 0.077500 0.077500
0 0.191250 0.558750 0.077500 0.077500
4 0.243750 0.531250 0.077500 0.077500
1 0.453750 0.418750 0.077500 0.077500
3 0.558750 0.361250 0.077500 0.077500
4 0.663750 0.303750 0.077500 0.077500
4 0.716250 0.276250 0.077500 0.077500
1 0.116250 0.668750 0.077500 0.077500
1 0.168750 0.641250 0.077500 0.077500
2 0.221250 0.611250 0.077500 0.077500
1 0.273750 0.583750 0.077500 0.077500
2 0.586250 0.413750 0.077500 0.077500
3 0.638750 0.386250 0.077500 0.077500
2 0.691250 0.356250 0.077500 0.077500
1 0.796250 0.301250 0.077500 0.077500
4 0.848750 0.271250 0.077500 0.077500
4 0.196250 0.693750 0.077500 0.077500
1 0.248750 0.663750 0.077500 0.077500
1 0.301250 0.636250 0.077500 0.077500
1 0.406250 0.578750 0.077500 0.077500
3 0.563750 0.493750 0.077500 0.077500
4 0.668750 0.438750 0.077500 0.077500
4 0.876250 0.323750 0.077500 0.077500
2 0.171250 0.773750 0.077500 0.077500
4 0.223750 0.746250 0.077500 0.077500
4 0.538750 0.576250 0.077500 0.077500
3 0.591250 0.546250 0.077500 0.077500
1 0.801250 0.433750 0.077500 0.077500
