4 0.080000 0.475000 0.065000 0.065000
2 0.195000 0.455000 0.065000 0.065000
1 0.485000 0.410000 0.065000 0.065000
4 0.657500 0.385000 0.065000 0.065000
1 0.830000 0.357500 0.065000 0.065000
3 0.147500 0.522500 0.065000 0.065000
2 0.262500 0.505000 0.065000 0.065000
4 0.320000 0.495000 0.065000 0.065000
0 0.377500 0.487500 0.065000 0.065000
4 0.435000 0.477500 0.065000 0.065000
0 0.492500 0.467500 0.065000 0.065000
1 0.550000 0.460000 0.065000 0.065000
4 0.607500 0.450000 0.065000 0.065000
2 0.780000 0.422500 0.065000 0.065000
1 0.100000 0.590000 0.065000 0.065000
3 0.157500 0.580000 0.065000 0.065000
4 0.215000 0.570000 0.065000 0.065000
1 0.445000 0.535000 0.065000 0.065000
4 0.502500 0.525000 0.065000 0.065000
4 0.732500 0.490000 0.065000 0.065000
2 0.847500 0.472500 0.065000 0.065000
1 0.165000 0.637500 0.065000 0.065000
1 0.280000 0.620000 0.065000 0.065000
1 0.337500 0.610000 0.065000 0.065000
4 0.452500 0.592500 0.065000 0.065000
4 0.510000 0.582500 0.065000 0.065000
4 0.625000 0.565000 0.065000 0.065000
4 0.682500 0.557500 0.065000 0.065000
2 0.797500 0.537500 0.065000 0.065000
