3 0.168750 0.458750 0.102500 0.102500
3 0.236250 0.421250 0.102500 0.102500
1 0.206250 0.526250 0.102500 0.102500
0 0.273750 0.488750 0.102500 0.102500
4 0.476250 0.376250 0.102500 0.102500
4 0.543750 0.338750 0.102500 0.102500
4 0.678750 0.266250 0.102500 0.102500
1 0.446250 0.481250 0.102500 0.102500
1 0.513750 0.443750 0.102500 0.102500
4 0.783750 0.293750 0.102500 0.102500
2 0.281250 0.661250 0.102500 0.102500
1 0.348750 0.623750 0.102500 0.102500
1 0.416250 0.586250 0.102500 0.102500
1 0.551250 0.511250 0.102500 0.102500
1 0.618750 0.473750 0.102500 0.102500
1 0.686250 0.436250 0.102500 0.102500
4 0.318750 0.728750 0.102500 0.102500
1 0.386250 0.691250 0.102500 0.102500
1 0.521250 0.616250 0.102500 0.102500
4 0.858750 0.428750 0.102500 0.102500
2 0.288750 0.833750 0.102500 0.102500
4 0.491250 0.721250 0.102500 0.102500
4 0.626250 0.646250 0.102500 0.102500
2 0.828750 0.533750 0.102500 0.102500
