4 0.383750 0.331250 0.077500 0.077500
0 0.541250 0.418750 0.077500 0.077500
4 0.593750 0.446250 0.077500 0.077500
1 0.646250 0.476250 0.077500 0.077500
4 0.748750 0.533750 0.077500 0.077500
4 0.906250 0.621250 0.077500 0.077500
1 0.146250 0.266250 0.077500 0.077500
4 0.408750 0.411250 0.077500 0.077500
1 0.511250 0.471250 0.077500 0.077500
1 0.563750 0.498750 0.077500 0.077500
4 0.616250 0.528750 0.077500 0.077500
2 0.668750 0.556250 0.077500 0.077500
1 0.773750 0.616250 0.077500 0.077500
2 0.826250 0.643750 0.077500 0.077500
4 0.876250 0.673750 0.077500 0.077500
2 0.221250 0.376250 0.077500 0.077500
2 0.326250 0.436250 0.077500 0.077500
0 0.378750 0.463750 0.077500 0.077500
0 0.431250 0.493750 0.077500 0.077500
4 0.638750 0.608750 0.077500 0.077500
2 0.691250 0.638750 0.077500 0.077500
2 0.743750 0.668750 0.077500 0.077500
1 0.141250 0.401250 0.077500 0.077500
4 0.193750 0.428750 0.077500 0.077500
1 0.348750 0.516250 0.077500 0.077500
0 0.453750 0.573750 0.077500 0.077500
2 0.506250 0.603750 0.077500 0.077500
4 0.713750 0.718750 0.077500 0.077500
0 0.818750 0.778750 0.077500 0.077500
