1 0.270000 0.170000 0.100000 0.100000
1 0.407500 0.240000 0.100000 0.100000
1 0.547500 0.307500 0.100000 0.100000
4 0.617500 0.340000 0.100000 0.100000
1 0.755000 0.410000 0.100000 0.100000
3 0.825000 0.442500 0.100000 0.100000
4 0.442500 0.342500 0.100000 0.100000
4 0.512500 0.377500 0.100000 0.100000
2 0.790000 0.512500 0.100000 0.100000
1 0.860000 0.547500 0.100000 0.100000
1 0.200000 0.310000 0.100000 0.100000
3 0.410000 0.412500 0.100000 0.100000
4 0.480000 0.445000 0.100000 0.100000
3 0.547500 0.480000 0.100000 0.100000
4 0.757500 0.582500 0.100000 0.100000
2 0.825000 0.615000 0.100000 0.100000
4 0.167500 0.380000 0.100000 0.100000
3 0.237500 0.412500 0.100000 0.100000
3 0.445000 0.515000 0.100000 0.100000
1 0.792500 0.685000 0.100000 0.100000
1 0.132500 0.450000 0.100000 0.100000
4 0.410000 0.585000 0.100000 0.100000
1 0.550000 0.652500 0.100000 0.100000
1 0.167500 0.552500 0.100000 0.100000
1 0.307500 0.620000 0.100000 0.100000
4 0.377500 0.655000 0.100000 0.100000
4 0.515000 0.722500 0.100000 0.100000
0 0.585000 0.757500 0.100000 0.100000
0 0.655000 0.790000 0.100000 0.100000
2 0.725000 0.825000 0.100000 0.100000
