4 0.317500 0.345000 0.075000 0.075000
3 0.392500 0.347500 0.075000 0.075000
1 0.612500 0.355000 0.075000 0.075000
1 0.907500 0.365000 0.075000 0.075000
4 0.095000 0.410000 0.075000 0.075000
4 0.462500 0.422500 0.075000 0.075000
4 0.832500 0.437500 0.075000 0.075000
2 0.165000 0.487500 0.075000 0.075000
3 0.312500 0.492500 0.075000 0.075000
1 0.387500 0.495000 0.075000 0.075000
1 0.830000 0.510000 0.075000 0.075000
0 0.902500 0.512500 0.075000 0.075000
1 0.237500 0.562500 0.075000 0.075000
4 0.385000 0.567500 0.075000 0.075000
2 0.085000 0.632500 0.075000 0.075000
2 0.160000 0.635000 0.075000 0.075000
4 0.382500 0.642500 0.075000 0.075000
1 0.602500 0.650000 0.075000 0.075000
1 0.750000 0.655000 0.075000 0.075000
3 0.897500 0.660000 0.075000 0.075000
