4 0.166250 0.231250 0.092500 0.092500
4 0.248750 0.246250 0.092500 0.092500
2 0.331250 0.258750 0.092500 0.092500
2 0.411250 0.273750 0.092500 0.092500
1 0.573750 0.301250 0.092500 0.092500
4 0.736250 0.331250 0.092500 0.092500
1 0.153750 0.311250 0.092500 0.092500
4 0.396250 0.353750 0.092500 0.092500
0 0.641250 0.396250 0.092500 0.092500
1 0.886250 0.438750 0.092500 0.092500
1 0.301250 0.421250 0.092500 0.092500
3 0.383750 0.436250 0.092500 0.092500
0 0.788750 0.506250 0.092500 0.092500
4 0.123750 0.473750 0.092500 0.092500
2 0.206250 0.488750 0.092500 0.092500
1 0.288750 0.503750 0.092500 0.092500
0 0.693750 0.573750 0.092500 0.092500
0 0.856250 0.601250 0.092500 0.092500
1 0.191250 0.571250 0.092500 0.092500
4 0.598750 0.641250 0.092500 0.092500
1 0.761250 0.668750 0.092500 0.092500
4 0.843750 0.683750 0.092500 0.092500
3 0.258750 0.666250 0.092500 0.092500
1 0.341250 0.681250 0.092500 0.092500
4 0.421250 0.693750 0.092500 0.092500
1 0.828750 0.766250 0.092500 0.092500
