1 0.088750 0.461250 0.082500 0.082500
4 0.291250 0.406250 0.082500 0.082500
4 0.361250 0.388750 0.082500 0.082500
3 0.631250 0.318750 0.082500 0.082500
2 0.176250 0.511250 0.082500 0.082500
2 0.311250 0.473750 0.082500 0.082500
4 0.378750 0.456250 0.082500 0.082500
0 0.851250 0.333750 0.082500 0.082500
2 0.126250 0.596250 0.082500 0.082500
4 0.328750 0.541250 0.082500 0.082500
4 0.733750 0.436250 0.082500 0.082500
1 0.346250 0.608750 0.082500 0.082500
4 0.548750 0.556250 0.082500 0.082500
0 0.886250 0.468750 0.082500 0.082500
0 0.161250 0.731250 0.082500 0.082500
2 0.228750 0.713750 0.082500 0.082500
4 0.296250 0.696250 0.082500 0.082500
4 0.363750 0.676250 0.082500 0.082500
0 0.498750 0.641250 0.082500 0.082500
1 0.701250 0.588750 0.082500 0.082500
3 0.903750 0.536250 0.082500 0.082500
