4 0.325000 0.212500 0.100000 0.100000
4 0.397500 0.242500 0.100000 0.100000
4 0.540000 0.305000 0.100000 0.100000
2 0.610000 0.335000 0.100000 0.100000
4 0.895000 0.460000 0.100000 0.100000
1 0.222500 0.252500 0.100000 0.100000
0 0.295000 0.282500 0.100000 0.100000
1 0.365000 0.315000 0.100000 0.100000
4 0.580000 0.407500 0.100000 0.100000
1 0.865000 0.532500 0.100000 0.100000
2 0.262500 0.355000 0.100000 0.100000
0 0.335000 0.385000 0.100000 0.100000
4 0.547500 0.477500 0.100000 0.100000
4 0.690000 0.540000 0.100000 0.100000
0 0.160000 0.395000 0.100000 0.100000
4 0.302500 0.457500 0.100000 0.100000
1 0.517500 0.550000 0.100000 0.100000
4 0.587500 0.580000 0.100000 0.100000
1 0.660000 0.612500 0.100000 0.100000
2 0.130000 0.465000 0.100000 0.100000
2 0.202500 0.497500 0.100000 0.100000
2 0.272500 0.527500 0.100000 0.100000
0 0.415000 0.590000 0.100000 0.100000
4 0.627500 0.682500 0.100000 0.100000
1 0.700000 0.715000 0.100000 0.100000
1 0.770000 0.745000 0.100000 0.100000
4 0.242500 0.600000 0.100000 0.100000
0 0.527500 0.722500 0.100000 0.100000
4 0.670000 0.785000 0.100000 0.100000
