3 0.171250 0.226250 0.077500 0.077500
2 0.223750 0.253750 0.077500 0.077500
3 0.276250 0.281250 0.077500 0.077500
4 0.381250 0.336250 0.077500 0.077500
0 0.433750 0.363750 0.077500 0.077500
4 0.591250 0.446250 0.077500 0.077500
4 0.696250 0.498750 0.077500 0.077500
3 0.748750 0.526250 0.077500 0.077500
4 0.801250 0.553750 0.077500 0.077500
4 0.143750 0.278750 0.077500 0.077500
4 0.248750 0.333750 0.077500 0.077500
1 0.301250 0.361250 0.077500 0.077500
1 0.353750 0.388750 0.077500 0.077500
1 0.511250 0.471250 0.077500 0.077500
1 0.668750 0.553750 0.077500 0.077500
2 0.881250 0.661250 0.077500 0.077500
2 0.221250 0.386250 0.077500 0.077500
1 0.326250 0.441250 0.077500 0.077500
1 0.431250 0.496250 0.077500 0.077500
1 0.483750 0.523750 0.077500 0.077500
1 0.536250 0.551250 0.077500 0.077500
3 0.588750 0.578750 0.077500 0.077500
4 0.696250 0.633750 0.077500 0.077500
3 0.801250 0.686250 0.077500 0.077500
4 0.853750 0.713750 0.077500 0.077500
0 0.088750 0.383750 0.077500 0.077500
4 0.246250 0.466250 0.077500 0.077500
4 0.351250 0.521250 0.077500 0.077500
1 0.561250 0.631250 0.077500 0.077500
