1 0.248750 0.503750 0.072500 0.072500
3 0.303750 0.481250 0.072500 0.072500
1 0.356250 0.458750 0.072500 0.072500
4 0.411250 0.436250 0.072500 0.072500
0 0.681250 0.328750 0.072500 0.072500
0 0.736250 0.306250 0.072500 0.072500
1 0.788750 0.283750 0.072500 0.072500
0 0.843750 0.261250 0.072500 0.072500
4 0.161250 0.601250 0.072500 0.072500
4 0.271250 0.556250 0.072500 0.072500
1 0.323750 0.533750 0.072500 0.072500
1 0.433750 0.491250 0.072500 0.072500
2 0.541250 0.446250 0.072500 0.072500
4 0.648750 0.403750 0.072500 0.072500
0 0.401250 0.566250 0.072500 0.072500
0 0.508750 0.523750 0.072500 0.072500
0 0.563750 0.501250 0.072500 0.072500
1 0.723750 0.436250 0.072500 0.072500
1 0.833750 0.391250 0.072500 0.072500
4 0.886250 0.371250 0.072500 0.072500
0 0.206250 0.708750 0.072500 0.072500
3 0.258750 0.686250 0.072500 0.072500
1 0.313750 0.666250 0.072500 0.072500
1 0.421250 0.621250 0.072500 0.072500
1 0.476250 0.598750 0.072500 0.072500
2 0.693750 0.511250 0.072500 0.072500
4 0.746250 0.491250 0.072500 0.072500
