2 0.228750 0.281250 0.082500 0.082500
1 0.296250 0.298750 0.082500 0.082500
4 0.498750 0.353750 0.082500 0.082500
4 0.566250 0.371250 0.082500 0.082500
1 0.701250 0.406250 0.082500 0.082500
1 0.768750 0.426250 0.082500 0.082500
4 0.836250 0.443750 0.082500 0.082500
4 0.903750 0.461250 0.082500 0.082500
0 0.346250 0.383750 0.082500 0.082500
1 0.413750 0.401250 0.082500 0.082500
2 0.481250 0.421250 0.082500 0.082500
1 0.616250 0.456250 0.082500 0.082500
1 0.751250 0.493750 0.082500 0.082500
4 0.886250 0.528750 0.082500 0.082500
1 0.126250 0.396250 0.082500 0.082500
4 0.328750 0.451250 0.082500 0.082500
4 0.396250 0.468750 0.082500 0.082500
4 0.666250 0.541250 0.082500 0.082500
2 0.731250 0.561250 0.082500 0.082500
2 0.798750 0.578750 0.082500 0.082500
4 0.866250 0.596250 0.082500 0.082500
4 0.108750 0.463750 0.082500 0.082500
2 0.311250 0.518750 0.082500 0.082500
1 0.378750 0.536250 0.082500 0.082500
4 0.443750 0.553750 0.082500 0.082500
1 0.848750 0.663750 0.082500 0.082500
0 0.088750 0.531250 0.082500 0.082500
1 0.426250 0.621250 0.082500 0.082500
4 0.628750 0.676250 0.082500 0.082500
2 0.696250 0.693750 0.082500 0.082500
1 0.763750 0.713750 0.082500 0.082500
