4 0.131250 0.298750 0.077500 0.077500
1 0.201250 0.308750 0.077500 0.077500
0 0.343750 0.328750 0.077500 0.077500
2 0.413750 0.341250 0.077500 0.077500
1 0.553750 0.361250 0.077500 0.077500
0 0.696250 0.383750 0.077500 0.077500
0 0.766250 0.393750 0.077500 0.077500
3 0.836250 0.403750 0.077500 0.077500
1 0.906250 0.416250 0.077500 0.077500
1 0.121250 0.368750 0.077500 0.077500
1 0.473750 0.421250 0.077500 0.077500
4 0.613750 0.443750 0.077500 0.077500
4 0.896250 0.486250 0.077500 0.077500
2 0.111250 0.438750 0.077500 0.077500
0 0.533750 0.503750 0.077500 0.077500
1 0.603750 0.513750 0.077500 0.077500
1 0.743750 0.536250 0.077500 0.077500
4 0.886250 0.556250 0.077500 0.077500
0 0.168750 0.518750 0.077500 0.077500
0 0.311250 0.541250 0.077500 0.077500
4 0.593750 0.583750 0.077500 0.077500
2 0.803750 0.616250 0.077500 0.077500
1 0.088750 0.578750 0.077500 0.077500
4 0.158750 0.591250 0.077500 0.077500
4 0.228750 0.601250 0.077500 0.077500
1 0.511250 0.643750 0.077500 0.077500
2 0.581250 0.653750 0.077500 0.077500
