2 0.160000 0.420000 0.080000 0.080000
1 0.297500 0.392500 0.080000 0.080000
4 0.367500 0.380000 0.080000 0.080000
1 0.435000 0.365000 0.080000 0.080000
4 0.572500 0.337500 0.080000 0.080000
3 0.172500 0.490000 0.080000 0.080000
2 0.310000 0.462500 0.080000 0.080000
4 0.450000 0.435000 0.080000 0.080000
3 0.517500 0.420000 0.080000 0.080000
4 0.657500 0.392500 0.080000 0.080000
1 0.865000 0.350000 0.080000 0.080000
4 0.187500 0.560000 0.080000 0.080000
1 0.255000 0.545000 0.080000 0.080000
2 0.325000 0.532500 0.080000 0.080000
2 0.532500 0.490000 0.080000 0.080000
4 0.740000 0.447500 0.080000 0.080000
1 0.132500 0.642500 0.080000 0.080000
1 0.200000 0.627500 0.080000 0.080000
2 0.407500 0.587500 0.080000 0.080000
0 0.477500 0.572500 0.080000 0.080000
4 0.615000 0.545000 0.080000 0.080000
1 0.752500 0.517500 0.080000 0.080000
3 0.145000 0.712500 0.080000 0.080000
1 0.215000 0.697500 0.080000 0.080000
1 0.285000 0.682500 0.080000 0.080000
0 0.352500 0.670000 0.080000 0.080000
2 0.560000 0.627500 0.080000 0.080000
1 0.697500 0.600000 0.080000 0.080000
3 0.767500 0.585000 0.080000 0.080000
