3 0.132500 0.250000 0.090000 0.090000
2 0.217500 0.257500 0.090000 0.090000
1 0.472500 0.280000 0.090000 0.090000
0 0.645000 0.297500 0.090000 0.090000
4 0.900000 0.320000 0.090000 0.090000
4 0.125000 0.335000 0.090000 0.090000
4 0.465000 0.367500 0.090000 0.090000
3 0.722500 0.390000 0.090000 0.090000
1 0.807500 0.397500 0.090000 0.090000
0 0.110000 0.505000 0.090000 0.090000
4 0.195000 0.515000 0.090000 0.090000
1 0.280000 0.522500 0.090000 0.090000
4 0.102500 0.592500 0.090000 0.090000
2 0.357500 0.615000 0.090000 0.090000
4 0.442500 0.622500 0.090000 0.090000
1 0.612500 0.637500 0.090000 0.090000
2 0.785000 0.652500 0.090000 0.090000
1 0.690000 0.730000 0.090000 0.090000
4 0.775000 0.737500 0.090000 0.090000
