2 0.206250 0.216250 0.087500 0.087500
3 0.331250 0.273750 0.087500 0.087500
1 0.396250 0.301250 0.087500 0.087500
2 0.458750 0.328750 0.087500 0.087500
1 0.711250 0.441250 0.087500 0.087500
4 0.241250 0.308750 0.087500 0.087500
1 0.621250 0.476250 0.087500 0.087500
2 0.873750 0.588750 0.087500 0.087500
1 0.213750 0.371250 0.087500 0.087500
2 0.276250 0.398750 0.087500 0.087500
1 0.466250 0.483750 0.087500 0.087500
4 0.528750 0.511250 0.087500 0.087500
4 0.311250 0.491250 0.087500 0.087500
1 0.373750 0.518750 0.087500 0.087500
1 0.438750 0.546250 0.087500 0.087500
4 0.501250 0.573750 0.087500 0.087500
4 0.628750 0.631250 0.087500 0.087500
4 0.691250 0.658750 0.087500 0.087500
1 0.818750 0.713750 0.087500 0.087500
1 0.093750 0.471250 0.087500 0.087500
4 0.598750 0.693750 0.087500 0.087500
2 0.788750 0.778750 0.087500 0.087500
