1 0.080000 0.425000 0.060000 0.060000
1 0.257500 0.417500 0.060000 0.060000
4 0.317500 0.415000 0.060000 0.060000
0 0.375000 0.412500 0.060000 0.060000
4 0.495000 0.407500 0.060000 0.060000
1 0.555000 0.405000 0.060000 0.060000
4 0.850000 0.392500 0.060000 0.060000
1 0.200000 0.480000 0.060000 0.060000
1 0.377500 0.472500 0.060000 0.060000
0 0.497500 0.467500 0.060000 0.060000
4 0.675000 0.460000 0.060000 0.060000
0 0.735000 0.457500 0.060000 0.060000
2 0.202500 0.540000 0.060000 0.060000
0 0.855000 0.512500 0.060000 0.060000
2 0.915000 0.510000 0.060000 0.060000
0 0.147500 0.602500 0.060000 0.060000
2 0.265000 0.595000 0.060000 0.060000
1 0.382500 0.590000 0.060000 0.060000
2 0.442500 0.587500 0.060000 0.060000
4 0.502500 0.585000 0.060000 0.060000
1 0.620000 0.580000 0.060000 0.060000
1 0.797500 0.572500 0.060000 0.060000
