0 0.305000 0.265000 0.090000 0.090000
4 0.390000 0.272500 0.090000 0.090000
4 0.212500 0.340000 0.090000 0.090000
1 0.637500 0.382500 0.090000 0.090000
4 0.807500 0.397500 0.090000 0.090000
0 0.202500 0.425000 0.090000 0.090000
4 0.287500 0.432500 0.090000 0.090000
1 0.457500 0.450000 0.090000 0.090000
1 0.712500 0.475000 0.090000 0.090000
4 0.797500 0.482500 0.090000 0.090000
2 0.882500 0.492500 0.090000 0.090000
4 0.790000 0.567500 0.090000 0.090000
3 0.102500 0.587500 0.090000 0.090000
4 0.272500 0.602500 0.090000 0.090000
2 0.357500 0.612500 0.090000 0.090000
1 0.527500 0.627500 0.090000 0.090000
1 0.867500 0.660000 0.090000 0.090000
4 0.265000 0.687500 0.090000 0.090000
2 0.602500 0.722500 0.090000 0.090000
4 0.772500 0.737500 0.090000 0.090000
