1 0.085000 0.370000 0.075000 0.075000
1 0.160000 0.367500 0.075000 0.075000
2 0.747500 0.337500 0.075000 0.075000
1 0.820000 0.332500 0.075000 0.075000
1 0.090000 0.445000 0.075000 0.075000
4 0.310000 0.432500 0.075000 0.075000
0 0.382500 0.430000 0.075000 0.075000
3 0.530000 0.422500 0.075000 0.075000
4 0.602500 0.417500 0.075000 0.075000
1 0.677500 0.415000 0.075000 0.075000
2 0.822500 0.407500 0.075000 0.075000
4 0.092500 0.517500 0.075000 0.075000
1 0.167500 0.515000 0.075000 0.075000
4 0.240000 0.510000 0.075000 0.075000
1 0.387500 0.502500 0.075000 0.075000
4 0.460000 0.500000 0.075000 0.075000
0 0.535000 0.495000 0.075000 0.075000
4 0.607500 0.492500 0.075000 0.075000
0 0.900000 0.477500 0.075000 0.075000
4 0.097500 0.590000 0.075000 0.075000
4 0.317500 0.580000 0.075000 0.075000
1 0.390000 0.575000 0.075000 0.075000
3 0.610000 0.565000 0.075000 0.075000
4 0.685000 0.560000 0.075000 0.075000
0 0.175000 0.660000 0.075000 0.075000
4 0.395000 0.650000 0.075000 0.075000
4 0.540000 0.642500 0.075000 0.075000
4 0.835000 0.627500 0.075000 0.075000
2 0.907500 0.622500 0.075000 0.075000
