1 0.176250 0.348750 0.092500 0.092500
2 0.336250 0.316250 0.092500 0.092500
2 0.821250 0.226250 0.092500 0.092500
4 0.111250 0.443750 0.092500 0.092500
1 0.271250 0.413750 0.092500 0.092500
4 0.433750 0.383750 0.092500 0.092500
4 0.676250 0.336250 0.092500 0.092500
1 0.756250 0.321250 0.092500 0.092500
3 0.206250 0.508750 0.092500 0.092500
2 0.286250 0.493750 0.092500 0.092500
4 0.383750 0.558750 0.092500 0.092500
2 0.543750 0.528750 0.092500 0.092500
4 0.868750 0.468750 0.092500 0.092500
4 0.156250 0.686250 0.092500 0.092500
4 0.236250 0.671250 0.092500 0.092500
4 0.316250 0.656250 0.092500 0.092500
1 0.558750 0.611250 0.092500 0.092500
4 0.883750 0.548750 0.092500 0.092500
4 0.573750 0.691250 0.092500 0.092500
0 0.656250 0.676250 0.092500 0.092500
4 0.736250 0.661250 0.092500 0.092500
