1 0.210000 0.215000 0.090000 0.090000
1 0.400000 0.300000 0.090000 0.090000
1 0.587500 0.387500 0.090000 0.090000
1 0.650000 0.415000 0.090000 0.090000
1 0.777500 0.472500 0.090000 0.090000
1 0.182500 0.277500 0.090000 0.090000
2 0.245000 0.305000 0.090000 0.090000
1 0.432500 0.392500 0.090000 0.090000
0 0.560000 0.450000 0.090000 0.090000
2 0.622500 0.480000 0.090000 0.090000
4 0.215000 0.370000 0.090000 0.090000
4 0.405000 0.455000 0.090000 0.090000
0 0.530000 0.512500 0.090000 0.090000
1 0.720000 0.600000 0.090000 0.090000
4 0.782500 0.627500 0.090000 0.090000
1 0.250000 0.460000 0.090000 0.090000
4 0.375000 0.517500 0.090000 0.090000
2 0.437500 0.547500 0.090000 0.090000
1 0.502500 0.575000 0.090000 0.090000
1 0.752500 0.690000 0.090000 0.090000
4 0.815000 0.720000 0.090000 0.090000
0 0.220000 0.522500 0.090000 0.090000
2 0.472500 0.640000 0.090000 0.090000
4 0.535000 0.667500 0.090000 0.090000
2 0.662500 0.725000 0.090000 0.090000
