1 0.173750 0.393750 0.097500 0.097500
4 0.476250 0.298750 0.097500 0.097500
1 0.701250 0.226250 0.097500 0.097500
2 0.273750 0.446250 0.097500 0.097500
2 0.498750 0.373750 0.097500 0.097500
1 0.726250 0.301250 0.097500 0.097500
0 0.801250 0.278750 0.097500 0.097500
1 0.448750 0.473750 0.097500 0.097500
1 0.826250 0.353750 0.097500 0.097500
1 0.243750 0.618750 0.097500 0.097500
4 0.471250 0.548750 0.097500 0.097500
2 0.546250 0.523750 0.097500 0.097500
4 0.773750 0.453750 0.097500 0.097500
0 0.848750 0.428750 0.097500 0.097500
4 0.193750 0.718750 0.097500 0.097500
2 0.343750 0.671250 0.097500 0.097500
4 0.496250 0.623750 0.097500 0.097500
1 0.721250 0.551250 0.097500 0.097500
2 0.873750 0.503750 0.097500 0.097500
4 0.293750 0.771250 0.097500 0.097500
4 0.518750 0.698750 0.097500 0.097500
3 0.593750 0.676250 0.097500 0.097500
4 0.821250 0.603750 0.097500 0.097500
