1 0.381250 0.246250 0.097500 0.097500
4 0.676250 0.356250 0.097500 0.097500
1 0.748750 0.383750 0.097500 0.097500
2 0.896250 0.438750 0.097500 0.097500
3 0.208750 0.263750 0.097500 0.097500
2 0.353750 0.318750 0.097500 0.097500
1 0.501250 0.373750 0.097500 0.097500
3 0.648750 0.428750 0.097500 0.097500
1 0.721250 0.456250 0.097500 0.097500
2 0.793750 0.483750 0.097500 0.097500
2 0.868750 0.511250 0.097500 0.097500
1 0.253750 0.366250 0.097500 0.097500
4 0.401250 0.418750 0.097500 0.097500
3 0.693750 0.528750 0.097500 0.097500
4 0.226250 0.438750 0.097500 0.097500
1 0.373750 0.493750 0.097500 0.097500
1 0.446250 0.521250 0.097500 0.097500
1 0.518750 0.548750 0.097500 0.097500
4 0.666250 0.603750 0.097500 0.097500
2 0.271250 0.538750 0.097500 0.097500
1 0.346250 0.566250 0.097500 0.097500
4 0.418750 0.593750 0.097500 0.097500
4 0.491250 0.621250 0.097500 0.097500
3 0.566250 0.648750 0.097500 0.097500
1 0.171250 0.586250 0.097500 0.097500
4 0.463750 0.696250 0.097500 0.097500
3 0.538750 0.723750 0.097500 0.097500
4 0.683750 0.778750 0.097500 0.097500
4 0.758750 0.803750 0.097500 0.097500
