1 0.088750 0.341250 0.072500 0.072500
0 0.163750 0.341250 0.072500 0.072500
0 0.313750 0.343750 0.072500 0.072500
1 0.536250 0.348750 0.072500 0.072500
4 0.758750 0.351250 0.072500 0.072500
1 0.088750 0.416250 0.072500 0.072500
2 0.163750 0.416250 0.072500 0.072500
4 0.311250 0.418750 0.072500 0.072500
1 0.386250 0.421250 0.072500 0.072500
0 0.608750 0.423750 0.072500 0.072500
1 0.758750 0.426250 0.072500 0.072500
1 0.161250 0.491250 0.072500 0.072500
4 0.311250 0.493750 0.072500 0.072500
1 0.383750 0.493750 0.072500 0.072500
4 0.533750 0.496250 0.072500 0.072500
1 0.608750 0.498750 0.072500 0.072500
3 0.756250 0.501250 0.072500 0.072500
4 0.831250 0.501250 0.072500 0.072500
4 0.233750 0.566250 0.072500 0.072500
0 0.383750 0.568750 0.072500 0.072500
4 0.083750 0.638750 0.072500 0.072500
2 0.158750 0.641250 0.072500 0.072500
1 0.903750 0.651250 0.072500 0.072500
