4 0.772500 0.292500 0.080000 0.080000
1 0.105000 0.512500 0.080000 0.080000
1 0.172500 0.497500 0.080000 0.080000
3 0.310000 0.467500 0.080000 0.080000
1 0.447500 0.437500 0.080000 0.080000
3 0.515000 0.422500 0.080000 0.080000
1 0.652500 0.390000 0.080000 0.080000
3 0.720000 0.375000 0.080000 0.080000
4 0.790000 0.360000 0.080000 0.080000
1 0.857500 0.345000 0.080000 0.080000
1 0.120000 0.582500 0.080000 0.080000
3 0.187500 0.567500 0.080000 0.080000
1 0.325000 0.535000 0.080000 0.080000
1 0.600000 0.475000 0.080000 0.080000
1 0.735000 0.442500 0.080000 0.080000
3 0.805000 0.427500 0.080000 0.080000
1 0.410000 0.590000 0.080000 0.080000
2 0.150000 0.720000 0.080000 0.080000
1 0.562500 0.627500 0.080000 0.080000
1 0.835000 0.565000 0.080000 0.080000
