0 0.236250 0.346250 0.067500 0.067500
4 0.291250 0.358750 0.067500 0.067500
1 0.348750 0.373750 0.067500 0.067500
4 0.461250 0.401250 0.067500 0.067500
1 0.628750 0.441250 0.067500 0.067500
4 0.798750 0.481250 0.067500 0.067500
0 0.108750 0.376250 0.067500 0.067500
2 0.278750 0.416250 0.067500 0.067500
1 0.446250 0.456250 0.067500 0.067500
4 0.558750 0.483750 0.067500 0.067500
2 0.673750 0.511250 0.067500 0.067500
2 0.786250 0.536250 0.067500 0.067500
2 0.898750 0.563750 0.067500 0.067500
1 0.208750 0.458750 0.067500 0.067500
4 0.321250 0.486250 0.067500 0.067500
1 0.491250 0.526250 0.067500 0.067500
4 0.081250 0.488750 0.067500 0.067500
4 0.138750 0.501250 0.067500 0.067500
4 0.196250 0.516250 0.067500 0.067500
1 0.363750 0.556250 0.067500 0.067500
4 0.421250 0.568750 0.067500 0.067500
1 0.646250 0.623750 0.067500 0.067500
4 0.701250 0.636250 0.067500 0.067500
3 0.813750 0.663750 0.067500 0.067500
