0 0.772500 0.450000 0.085000 0.085000
1 0.837500 0.475000 0.085000 0.085000
1 0.902500 0.497500 0.085000 0.085000
4 0.490000 0.420000 0.085000 0.085000
4 0.555000 0.445000 0.085000 0.085000
4 0.620000 0.467500 0.085000 0.085000
4 0.880000 0.562500 0.085000 0.085000
1 0.140000 0.367500 0.085000 0.085000
1 0.205000 0.390000 0.085000 0.085000
4 0.270000 0.415000 0.085000 0.085000
0 0.335000 0.437500 0.085000 0.085000
4 0.465000 0.485000 0.085000 0.085000
0 0.725000 0.580000 0.085000 0.085000
2 0.855000 0.627500 0.085000 0.085000
4 0.117500 0.432500 0.085000 0.085000
3 0.182500 0.455000 0.085000 0.085000
1 0.377500 0.527500 0.085000 0.085000
1 0.442500 0.550000 0.085000 0.085000
1 0.637500 0.622500 0.085000 0.085000
1 0.830000 0.692500 0.085000 0.085000
1 0.157500 0.520000 0.085000 0.085000
4 0.417500 0.615000 0.085000 0.085000
1 0.482500 0.640000 0.085000 0.085000
1 0.612500 0.687500 0.085000 0.085000
3 0.677500 0.710000 0.085000 0.085000
4 0.742500 0.735000 0.085000 0.085000
