0 0.095000 0.302500 0.090000 0.090000
0 0.267500 0.292500 0.090000 0.090000
3 0.615000 0.272500 0.090000 0.090000
1 0.702500 0.267500 0.090000 0.090000
1 0.790000 0.262500 0.090000 0.090000
0 0.097500 0.387500 0.090000 0.090000
1 0.272500 0.380000 0.090000 0.090000
4 0.360000 0.375000 0.090000 0.090000
4 0.365000 0.460000 0.090000 0.090000
0 0.452500 0.457500 0.090000 0.090000
1 0.625000 0.447500 0.090000 0.090000
4 0.712500 0.442500 0.090000 0.090000
3 0.800000 0.437500 0.090000 0.090000
1 0.107500 0.562500 0.090000 0.090000
4 0.282500 0.552500 0.090000 0.090000
4 0.370000 0.547500 0.090000 0.090000
4 0.457500 0.542500 0.090000 0.090000
4 0.890000 0.520000 0.090000 0.090000
1 0.375000 0.635000 0.090000 0.090000
4 0.547500 0.625000 0.090000 0.090000
4 0.722500 0.615000 0.090000 0.090000
4 0.895000 0.607500 0.090000 0.090000
4 0.465000 0.717500 0.090000 0.090000
1 0.552500 0.712500 0.090000 0.090000
4 0.640000 0.707500 0.090000 0.090000
3 0.815000 0.697500 0.090000 0.090000
0 0.900000 0.692500 0.090000 0.090000
