4 0.576250 0.373750 0.072500 0.072500
1 0.738750 0.313750 0.072500 0.072500
1 0.848750 0.273750 0.072500 0.072500
4 0.158750 0.591250 0.072500 0.072500
4 0.323750 0.531250 0.072500 0.072500
1 0.431250 0.491250 0.072500 0.072500
4 0.486250 0.468750 0.072500 0.072500
1 0.758750 0.368750 0.072500 0.072500
1 0.813750 0.348750 0.072500 0.072500
4 0.181250 0.646250 0.072500 0.072500
4 0.233750 0.626250 0.072500 0.072500
0 0.343750 0.586250 0.072500 0.072500
4 0.616250 0.483750 0.072500 0.072500
1 0.726250 0.443750 0.072500 0.072500
2 0.778750 0.423750 0.072500 0.072500
4 0.888750 0.381250 0.072500 0.072500
1 0.253750 0.681250 0.072500 0.072500
4 0.308750 0.658750 0.072500 0.072500
1 0.473750 0.598750 0.072500 0.072500
3 0.526250 0.578750 0.072500 0.072500
0 0.636250 0.538750 0.072500 0.072500
1 0.798750 0.476250 0.072500 0.072500
4 0.853750 0.456250 0.072500 0.072500
4 0.908750 0.436250 0.072500 0.072500
