2 0.082500 0.397500 0.060000 0.060000
1 0.142500 0.397500 0.060000 0.060000
4 0.202500 0.400000 0.060000 0.060000
0 0.322500 0.402500 0.060000 0.060000
4 0.380000 0.405000 0.060000 0.060000
2 0.620000 0.412500 0.060000 0.060000
4 0.677500 0.412500 0.060000 0.060000
0 0.917500 0.420000 0.060000 0.060000
1 0.200000 0.460000 0.060000 0.060000
0 0.260000 0.460000 0.060000 0.060000
1 0.320000 0.462500 0.060000 0.060000
4 0.380000 0.465000 0.060000 0.060000
4 0.437500 0.465000 0.060000 0.060000
2 0.737500 0.475000 0.060000 0.060000
2 0.915000 0.480000 0.060000 0.060000
1 0.080000 0.515000 0.060000 0.060000
1 0.377500 0.525000 0.060000 0.060000
1 0.437500 0.525000 0.060000 0.060000
2 0.497500 0.527500 0.060000 0.060000
1 0.735000 0.535000 0.060000 0.060000
1 0.795000 0.535000 0.060000 0.060000
1 0.912500 0.540000 0.060000 0.060000
1 0.077500 0.575000 0.060000 0.060000
4 0.137500 0.577500 0.060000 0.060000
4 0.197500 0.577500 0.060000 0.060000
1 0.435000 0.585000 0.060000 0.060000
1 0.495000 0.587500 0.060000 0.060000
4 0.615000 0.590000 0.060000 0.060000
1 0.732500 0.592500 0.060000 0.060000
2 0.792500 0.595000 0.060000 0.060000
