1 0.100000 0.482500 0.100000 0.100000
4 0.167500 0.447500 0.100000 0.100000
1 0.237500 0.412500 0.100000 0.100000
0 0.512500 0.272500 0.100000 0.100000
2 0.580000 0.237500 0.100000 0.100000
3 0.272500 0.480000 0.100000 0.100000
4 0.410000 0.410000 0.100000 0.100000
4 0.755000 0.235000 0.100000 0.100000
4 0.237500 0.585000 0.100000 0.100000
3 0.375000 0.515000 0.100000 0.100000
4 0.650000 0.375000 0.100000 0.100000
1 0.720000 0.340000 0.100000 0.100000
1 0.205000 0.687500 0.100000 0.100000
1 0.547500 0.512500 0.100000 0.100000
3 0.617500 0.477500 0.100000 0.100000
1 0.755000 0.407500 0.100000 0.100000
2 0.825000 0.372500 0.100000 0.100000
4 0.307500 0.722500 0.100000 0.100000
1 0.377500 0.687500 0.100000 0.100000
2 0.652500 0.547500 0.100000 0.100000
2 0.275000 0.825000 0.100000 0.100000
4 0.342500 0.790000 0.100000 0.100000
4 0.617500 0.650000 0.100000 0.100000
2 0.825000 0.545000 0.100000 0.100000
