4 0.315000 0.422500 0.060000 0.060000
0 0.432500 0.415000 0.060000 0.060000
2 0.610000 0.400000 0.060000 0.060000
4 0.667500 0.397500 0.060000 0.060000
1 0.785000 0.387500 0.060000 0.060000
4 0.845000 0.385000 0.060000 0.060000
1 0.902500 0.380000 0.060000 0.060000
1 0.202500 0.490000 0.060000 0.060000
1 0.260000 0.485000 0.060000 0.060000
4 0.377500 0.477500 0.060000 0.060000
4 0.495000 0.467500 0.060000 0.060000
1 0.147500 0.552500 0.060000 0.060000
0 0.265000 0.545000 0.060000 0.060000
4 0.735000 0.510000 0.060000 0.060000
4 0.795000 0.505000 0.060000 0.060000
1 0.912500 0.497500 0.060000 0.060000
1 0.150000 0.612500 0.060000 0.060000
0 0.210000 0.607500 0.060000 0.060000
1 0.270000 0.602500 0.060000 0.060000
1 0.327500 0.597500 0.060000 0.060000
1 0.387500 0.595000 0.060000 0.060000
1 0.445000 0.590000 0.060000 0.060000
1 0.505000 0.585000 0.060000 0.060000
1 0.562500 0.582500 0.060000 0.060000
4 0.622500 0.577500 0.060000 0.060000
4 0.797500 0.565000 0.060000 0.060000
