2 0.216250 0.201250 0.097500 0.097500
1 0.443750 0.273750 0.097500 0.097500
2 0.671250 0.346250 0.097500 0.097500
2 0.746250 0.368750 0.097500 0.097500
0 0.821250 0.393750 0.097500 0.097500
3 0.896250 0.416250 0.097500 0.097500
2 0.343750 0.326250 0.097500 0.097500
4 0.646250 0.421250 0.097500 0.097500
2 0.798750 0.468750 0.097500 0.097500
1 0.168750 0.353750 0.097500 0.097500
1 0.321250 0.401250 0.097500 0.097500
4 0.471250 0.448750 0.097500 0.097500
4 0.773750 0.543750 0.097500 0.097500
4 0.146250 0.428750 0.097500 0.097500
4 0.221250 0.453750 0.097500 0.097500
1 0.296250 0.476250 0.097500 0.097500
4 0.371250 0.501250 0.097500 0.097500
1 0.448750 0.523750 0.097500 0.097500
1 0.826250 0.643750 0.097500 0.097500
4 0.121250 0.503750 0.097500 0.097500
4 0.196250 0.528750 0.097500 0.097500
1 0.726250 0.696250 0.097500 0.097500
0 0.098750 0.581250 0.097500 0.097500
3 0.173750 0.603750 0.097500 0.097500
2 0.248750 0.628750 0.097500 0.097500
3 0.323750 0.651250 0.097500 0.097500
4 0.398750 0.676250 0.097500 0.097500
