2 0.273750 0.288750 0.077500 0.077500
1 0.326250 0.313750 0.077500 0.077500
1 0.378750 0.341250 0.077500 0.077500
2 0.538750 0.418750 0.077500 0.077500
1 0.591250 0.446250 0.077500 0.077500
1 0.748750 0.523750 0.077500 0.077500
1 0.856250 0.576250 0.077500 0.077500
2 0.301250 0.366250 0.077500 0.077500
1 0.353750 0.393750 0.077500 0.077500
4 0.406250 0.418750 0.077500 0.077500
1 0.511250 0.471250 0.077500 0.077500
2 0.563750 0.498750 0.077500 0.077500
1 0.776250 0.603750 0.077500 0.077500
4 0.113750 0.341250 0.077500 0.077500
1 0.221250 0.393750 0.077500 0.077500
1 0.273750 0.418750 0.077500 0.077500
4 0.326250 0.446250 0.077500 0.077500
0 0.486250 0.523750 0.077500 0.077500
0 0.748750 0.656250 0.077500 0.077500
1 0.141250 0.421250 0.077500 0.077500
2 0.193750 0.446250 0.077500 0.077500
1 0.246250 0.473750 0.077500 0.077500
3 0.353750 0.526250 0.077500 0.077500
1 0.406250 0.551250 0.077500 0.077500
1 0.563750 0.631250 0.077500 0.077500
2 0.618750 0.656250 0.077500 0.077500
1 0.776250 0.736250 0.077500 0.077500
