4 0.093750 0.511250 0.087500 0.087500
0 0.158750 0.486250 0.087500 0.087500
4 0.221250 0.461250 0.087500 0.087500
1 0.286250 0.433750 0.087500 0.087500
2 0.413750 0.383750 0.087500 0.087500
2 0.478750 0.356250 0.087500 0.087500
0 0.543750 0.331250 0.087500 0.087500
4 0.606250 0.306250 0.087500 0.087500
1 0.736250 0.253750 0.087500 0.087500
4 0.183750 0.551250 0.087500 0.087500
2 0.376250 0.473750 0.087500 0.087500
4 0.633750 0.368750 0.087500 0.087500
4 0.826250 0.291250 0.087500 0.087500
4 0.338750 0.563750 0.087500 0.087500
4 0.401250 0.536250 0.087500 0.087500
4 0.531250 0.486250 0.087500 0.087500
4 0.593750 0.458750 0.087500 0.087500
1 0.723750 0.408750 0.087500 0.087500
0 0.786250 0.381250 0.087500 0.087500
0 0.851250 0.356250 0.087500 0.087500
0 0.171250 0.703750 0.087500 0.087500
2 0.236250 0.678750 0.087500 0.087500
1 0.363750 0.626250 0.087500 0.087500
4 0.556250 0.548750 0.087500 0.087500
0 0.748750 0.471250 0.087500 0.087500
1 0.876250 0.421250 0.087500 0.087500
4 0.196250 0.768750 0.087500 0.087500
4 0.261250 0.743750 0.087500 0.087500
1 0.326250 0.716250 0.087500 0.087500
1 0.453750 0.666250 0.087500 0.087500
0 0.518750 0.638750 0.087500 0.087500
4 0.581250 0.613750 0.087500 0.087500
4 0.646250 0.588750 0.087500 0.087500
4 0.711250 0.561250 0.087500 0.087500
