2 0.277500 0.240000 0.090000 0.090000
0 0.402500 0.300000 0.090000 0.090000
2 0.590000 0.387500 0.090000 0.090000
2 0.652500 0.417500 0.090000 0.090000
0 0.777500 0.477500 0.090000 0.090000
4 0.247500 0.302500 0.090000 0.090000
4 0.372500 0.362500 0.090000 0.090000
1 0.497500 0.420000 0.090000 0.090000
0 0.685000 0.510000 0.090000 0.090000
2 0.747500 0.540000 0.090000 0.090000
1 0.280000 0.395000 0.090000 0.090000
1 0.342500 0.425000 0.090000 0.090000
1 0.717500 0.602500 0.090000 0.090000
4 0.780000 0.632500 0.090000 0.090000
1 0.125000 0.397500 0.090000 0.090000
1 0.562500 0.605000 0.090000 0.090000
0 0.625000 0.635000 0.090000 0.090000
4 0.687500 0.665000 0.090000 0.090000
2 0.532500 0.667500 0.090000 0.090000
1 0.595000 0.697500 0.090000 0.090000
4 0.657500 0.727500 0.090000 0.090000
3 0.720000 0.757500 0.090000 0.090000
3 0.782500 0.787500 0.090000 0.090000
