4 0.096250 0.338750 0.092500 0.092500
0 0.263750 0.316250 0.092500 0.092500
4 0.346250 0.306250 0.092500 0.092500
4 0.513750 0.283750 0.092500 0.092500
2 0.678750 0.263750 0.092500 0.092500
0 0.763750 0.251250 0.092500 0.092500
4 0.191250 0.411250 0.092500 0.092500
2 0.273750 0.401250 0.092500 0.092500
4 0.356250 0.388750 0.092500 0.092500
4 0.441250 0.378750 0.092500 0.092500
4 0.606250 0.356250 0.092500 0.092500
4 0.858750 0.323750 0.092500 0.092500
4 0.118750 0.506250 0.092500 0.092500
4 0.368750 0.473750 0.092500 0.092500
1 0.451250 0.461250 0.092500 0.092500
4 0.533750 0.451250 0.092500 0.092500
2 0.786250 0.418750 0.092500 0.092500
4 0.868750 0.408750 0.092500 0.092500
4 0.128750 0.588750 0.092500 0.092500
2 0.211250 0.578750 0.092500 0.092500
1 0.546250 0.533750 0.092500 0.092500
4 0.628750 0.523750 0.092500 0.092500
2 0.796250 0.501250 0.092500 0.092500
4 0.878750 0.491250 0.092500 0.092500
1 0.223750 0.661250 0.092500 0.092500
4 0.473750 0.628750 0.092500 0.092500
4 0.556250 0.618750 0.092500 0.092500
1 0.723750 0.596250 0.092500 0.092500
1 0.806250 0.586250 0.092500 0.092500
4 0.891250 0.573750 0.092500 0.092500
4 0.483750 0.713750 0.092500 0.092500
4 0.733750 0.678750 0.092500 0.092500
