4 0.177500 0.247500 0.085000 0.085000
3 0.242500 0.270000 0.085000 0.085000
4 0.307500 0.290000 0.085000 0.085000
1 0.637500 0.397500 0.085000 0.085000
0 0.770000 0.440000 0.085000 0.085000
1 0.287500 0.357500 0.085000 0.085000
4 0.485000 0.420000 0.085000 0.085000
1 0.617500 0.462500 0.085000 0.085000
1 0.882500 0.547500 0.085000 0.085000
0 0.135000 0.380000 0.085000 0.085000
4 0.200000 0.400000 0.085000 0.085000
4 0.265000 0.422500 0.085000 0.085000
4 0.465000 0.487500 0.085000 0.085000
1 0.727500 0.572500 0.085000 0.085000
4 0.860000 0.615000 0.085000 0.085000
4 0.177500 0.467500 0.085000 0.085000
1 0.245000 0.487500 0.085000 0.085000
1 0.310000 0.510000 0.085000 0.085000
4 0.510000 0.572500 0.085000 0.085000
1 0.575000 0.595000 0.085000 0.085000
1 0.640000 0.617500 0.085000 0.085000
0 0.090000 0.512500 0.085000 0.085000
1 0.222500 0.555000 0.085000 0.085000
4 0.355000 0.597500 0.085000 0.085000
4 0.422500 0.617500 0.085000 0.085000
2 0.817500 0.745000 0.085000 0.085000
