1 0.228750 0.193750 0.092500 0.092500
2 0.596250 0.391250 0.092500 0.092500
2 0.656250 0.426250 0.092500 0.092500
2 0.838750 0.523750 0.092500 0.092500
1 0.901250 0.558750 0.092500 0.092500
4 0.256250 0.286250 0.092500 0.092500
2 0.378750 0.353750 0.092500 0.092500
1 0.501250 0.418750 0.092500 0.092500
4 0.561250 0.453750 0.092500 0.092500
1 0.746250 0.551250 0.092500 0.092500
1 0.223750 0.348750 0.092500 0.092500
0 0.528750 0.513750 0.092500 0.092500
4 0.128750 0.376250 0.092500 0.092500
1 0.191250 0.408750 0.092500 0.092500
1 0.433750 0.541250 0.092500 0.092500
4 0.496250 0.576250 0.092500 0.092500
0 0.618750 0.641250 0.092500 0.092500
3 0.741250 0.708750 0.092500 0.092500
0 0.801250 0.741250 0.092500 0.092500
1 0.096250 0.436250 0.092500 0.092500
0 0.156250 0.471250 0.092500 0.092500
2 0.218750 0.503750 0.092500 0.092500
2 0.278750 0.536250 0.092500 0.092500
1 0.706250 0.768750 0.092500 0.092500
