4 0.250000 0.335000 0.075000 0.075000
4 0.615000 0.360000 0.075000 0.075000
4 0.687500 0.365000 0.075000 0.075000
2 0.100000 0.400000 0.075000 0.075000
4 0.247500 0.407500 0.075000 0.075000
3 0.320000 0.412500 0.075000 0.075000
0 0.465000 0.422500 0.075000 0.075000
3 0.610000 0.432500 0.075000 0.075000
2 0.685000 0.437500 0.075000 0.075000
1 0.167500 0.477500 0.075000 0.075000
2 0.680000 0.510000 0.075000 0.075000
1 0.752500 0.515000 0.075000 0.075000
2 0.897500 0.525000 0.075000 0.075000
4 0.165000 0.550000 0.075000 0.075000
1 0.237500 0.555000 0.075000 0.075000
4 0.382500 0.565000 0.075000 0.075000
3 0.455000 0.567500 0.075000 0.075000
1 0.527500 0.572500 0.075000 0.075000
4 0.892500 0.597500 0.075000 0.075000
1 0.232500 0.627500 0.075000 0.075000
2 0.522500 0.647500 0.075000 0.075000
4 0.887500 0.670000 0.075000 0.075000
