2 0.193750 0.488750 0.067500 0.067500
2 0.251250 0.473750 0.067500 0.067500
3 0.361250 0.443750 0.067500 0.067500
2 0.418750 0.428750 0.067500 0.067500
1 0.473750 0.413750 0.067500 0.067500
4 0.586250 0.383750 0.067500 0.067500
4 0.753750 0.338750 0.067500 0.067500
1 0.866250 0.308750 0.067500 0.067500
3 0.153750 0.558750 0.067500 0.067500
1 0.488750 0.468750 0.067500 0.067500
1 0.543750 0.453750 0.067500 0.067500
2 0.601250 0.438750 0.067500 0.067500
4 0.881250 0.363750 0.067500 0.067500
1 0.111250 0.631250 0.067500 0.067500
4 0.223750 0.601250 0.067500 0.067500
1 0.281250 0.586250 0.067500 0.067500
1 0.503750 0.526250 0.067500 0.067500
0 0.616250 0.496250 0.067500 0.067500
4 0.728750 0.466250 0.067500 0.067500
1 0.783750 0.451250 0.067500 0.067500
4 0.896250 0.421250 0.067500 0.067500
3 0.126250 0.686250 0.067500 0.067500
4 0.631250 0.551250 0.067500 0.067500
2 0.743750 0.521250 0.067500 0.067500
0 0.853750 0.491250 0.067500 0.067500
2 0.911250 0.476250 0.067500 0.067500
