4 0.216250 0.203750 0.097500 0.097500
3 0.368750 0.251250 0.097500 0.097500
3 0.443750 0.273750 0.097500 0.097500
4 0.671250 0.346250 0.097500 0.097500
4 0.821250 0.393750 0.097500 0.097500
2 0.193750 0.278750 0.097500 0.097500
3 0.496250 0.373750 0.097500 0.097500
1 0.721250 0.443750 0.097500 0.097500
1 0.873750 0.491250 0.097500 0.097500
1 0.243750 0.378750 0.097500 0.097500
1 0.321250 0.401250 0.097500 0.097500
4 0.396250 0.426250 0.097500 0.097500
4 0.623750 0.496250 0.097500 0.097500
4 0.296250 0.476250 0.097500 0.097500
4 0.523750 0.548750 0.097500 0.097500
3 0.673750 0.596250 0.097500 0.097500
1 0.196250 0.528750 0.097500 0.097500
1 0.273750 0.553750 0.097500 0.097500
0 0.498750 0.623750 0.097500 0.097500
1 0.651250 0.671250 0.097500 0.097500
1 0.801250 0.718750 0.097500 0.097500
2 0.401250 0.676250 0.097500 0.097500
2 0.701250 0.771250 0.097500 0.097500
