4 0.257500 0.180000 0.100000 0.100000
4 0.327500 0.210000 0.100000 0.100000
4 0.470000 0.272500 0.100000 0.100000
4 0.540000 0.305000 0.100000 0.100000
4 0.612500 0.337500 0.100000 0.100000
4 0.825000 0.432500 0.100000 0.100000
1 0.295000 0.282500 0.100000 0.100000
4 0.367500 0.312500 0.100000 0.100000
0 0.437500 0.345000 0.100000 0.100000
4 0.580000 0.407500 0.100000 0.100000
1 0.722500 0.470000 0.100000 0.100000
1 0.335000 0.385000 0.100000 0.100000
0 0.407500 0.415000 0.100000 0.100000
1 0.477500 0.447500 0.100000 0.100000
3 0.690000 0.542500 0.100000 0.100000
1 0.760000 0.572500 0.100000 0.100000
1 0.832500 0.605000 0.100000 0.100000
4 0.162500 0.392500 0.100000 0.100000
1 0.232500 0.422500 0.100000 0.100000
4 0.445000 0.517500 0.100000 0.100000
4 0.517500 0.550000 0.100000 0.100000
0 0.657500 0.612500 0.100000 0.100000
4 0.800000 0.675000 0.100000 0.100000
2 0.272500 0.525000 0.100000 0.100000
1 0.342500 0.557500 0.100000 0.100000
2 0.415000 0.590000 0.100000 0.100000
0 0.485000 0.620000 0.100000 0.100000
0 0.555000 0.652500 0.100000 0.100000
1 0.627500 0.682500 0.100000 0.100000
1 0.697500 0.715000 0.100000 0.100000
4 0.100000 0.535000 0.100000 0.100000
2 0.452500 0.692500 0.100000 0.100000
2 0.525000 0.722500 0.100000 0.100000
1 0.595000 0.755000 0.100000 0.100000
4 0.737500 0.817500 0.100000 0.100000
