1 0.210000 0.215000 0.090000 0.090000
4 0.272500 0.245000 0.090000 0.090000
4 0.397500 0.300000 0.090000 0.090000
3 0.462500 0.330000 0.090000 0.090000
4 0.650000 0.415000 0.090000 0.090000
4 0.777500 0.472500 0.090000 0.090000
3 0.840000 0.502500 0.090000 0.090000
1 0.902500 0.530000 0.090000 0.090000
4 0.495000 0.422500 0.090000 0.090000
1 0.560000 0.450000 0.090000 0.090000
3 0.747500 0.535000 0.090000 0.090000
1 0.215000 0.370000 0.090000 0.090000
3 0.467500 0.485000 0.090000 0.090000
1 0.530000 0.512500 0.090000 0.090000
4 0.655000 0.570000 0.090000 0.090000
1 0.720000 0.600000 0.090000 0.090000
4 0.782500 0.627500 0.090000 0.090000
4 0.845000 0.655000 0.090000 0.090000
3 0.125000 0.405000 0.090000 0.090000
3 0.187500 0.432500 0.090000 0.090000
1 0.250000 0.462500 0.090000 0.090000
0 0.437500 0.547500 0.090000 0.090000
2 0.627500 0.632500 0.090000 0.090000
1 0.157500 0.495000 0.090000 0.090000
4 0.472500 0.640000 0.090000 0.090000
1 0.535000 0.667500 0.090000 0.090000
4 0.662500 0.725000 0.090000 0.090000
0 0.725000 0.752500 0.090000 0.090000
