3 0.121250 0.321250 0.067500 0.067500
2 0.178750 0.333750 0.067500 0.067500
2 0.236250 0.348750 0.067500 0.067500
4 0.461250 0.398750 0.067500 0.067500
2 0.518750 0.411250 0.067500 0.067500
4 0.573750 0.426250 0.067500 0.067500
4 0.631250 0.438750 0.067500 0.067500
0 0.743750 0.463750 0.067500 0.067500
1 0.108750 0.378750 0.067500 0.067500
1 0.166250 0.391250 0.067500 0.067500
4 0.448750 0.456250 0.067500 0.067500
1 0.843750 0.546250 0.067500 0.067500
2 0.096250 0.433750 0.067500 0.067500
3 0.153750 0.448750 0.067500 0.067500
1 0.208750 0.461250 0.067500 0.067500
0 0.266250 0.473750 0.067500 0.067500
1 0.321250 0.486250 0.067500 0.067500
3 0.436250 0.511250 0.067500 0.067500
1 0.491250 0.526250 0.067500 0.067500
0 0.548750 0.538750 0.067500 0.067500
1 0.773750 0.591250 0.067500 0.067500
2 0.831250 0.603750 0.067500 0.067500
0 0.141250 0.503750 0.067500 0.067500
2 0.253750 0.528750 0.067500 0.067500
1 0.421250 0.568750 0.067500 0.067500
1 0.591250 0.608750 0.067500 0.067500
4 0.818750 0.658750 0.067500 0.067500
