4 0.266250 0.248750 0.087500 0.087500
4 0.583750 0.383750 0.087500 0.087500
1 0.646250 0.411250 0.087500 0.087500
1 0.773750 0.463750 0.087500 0.087500
1 0.901250 0.518750 0.087500 0.087500
4 0.173750 0.286250 0.087500 0.087500
1 0.301250 0.338750 0.087500 0.087500
0 0.366250 0.366250 0.087500 0.087500
4 0.428750 0.393750 0.087500 0.087500
4 0.493750 0.421250 0.087500 0.087500
4 0.556250 0.448750 0.087500 0.087500
2 0.621250 0.473750 0.087500 0.087500
2 0.748750 0.528750 0.087500 0.087500
1 0.811250 0.556250 0.087500 0.087500
3 0.876250 0.583750 0.087500 0.087500
1 0.148750 0.348750 0.087500 0.087500
1 0.276250 0.403750 0.087500 0.087500
4 0.338750 0.431250 0.087500 0.087500
4 0.401250 0.456250 0.087500 0.087500
0 0.466250 0.483750 0.087500 0.087500
1 0.528750 0.511250 0.087500 0.087500
4 0.656250 0.566250 0.087500 0.087500
4 0.783750 0.618750 0.087500 0.087500
4 0.183750 0.441250 0.087500 0.087500
4 0.311250 0.493750 0.087500 0.087500
0 0.376250 0.521250 0.087500 0.087500
4 0.438750 0.548750 0.087500 0.087500
1 0.503750 0.576250 0.087500 0.087500
4 0.821250 0.708750 0.087500 0.087500
2 0.093750 0.476250 0.087500 0.087500
0 0.283750 0.558750 0.087500 0.087500
0 0.348750 0.583750 0.087500 0.087500
1 0.411250 0.611250 0.087500 0.087500
2 0.476250 0.638750 0.087500 0.087500
0 0.666250 0.718750 0.087500 0.087500
2 0.731250 0.746250 0.087500 0.087500
