1 0.095000 0.325000 0.090000 0.090000
4 0.265000 0.307500 0.090000 0.090000
1 0.350000 0.300000 0.090000 0.090000
4 0.435000 0.290000 0.090000 0.090000
1 0.517500 0.282500 0.090000 0.090000
0 0.602500 0.272500 0.090000 0.090000
4 0.442500 0.375000 0.090000 0.090000
4 0.612500 0.357500 0.090000 0.090000
1 0.865000 0.332500 0.090000 0.090000
3 0.197500 0.485000 0.090000 0.090000
1 0.620000 0.442500 0.090000 0.090000
0 0.705000 0.435000 0.090000 0.090000
4 0.790000 0.425000 0.090000 0.090000
1 0.875000 0.417500 0.090000 0.090000
2 0.290000 0.562500 0.090000 0.090000
1 0.460000 0.545000 0.090000 0.090000
3 0.545000 0.535000 0.090000 0.090000
4 0.630000 0.527500 0.090000 0.090000
4 0.715000 0.517500 0.090000 0.090000
1 0.130000 0.665000 0.090000 0.090000
0 0.385000 0.637500 0.090000 0.090000
1 0.467500 0.630000 0.090000 0.090000
1 0.722500 0.602500 0.090000 0.090000
0 0.222500 0.740000 0.090000 0.090000
1 0.307500 0.730000 0.090000 0.090000
2 0.477500 0.715000 0.090000 0.090000
4 0.562500 0.705000 0.090000 0.090000
2 0.647500 0.697500 0.090000 0.090000
2 0.900000 0.670000 0.090000 0.090000
