1 0.140000 0.597500 0.080000 0.080000
1 0.452500 0.420000 0.080000 0.080000
1 0.505000 0.390000 0.080000 0.080000
1 0.557500 0.362500 0.080000 0.080000
4 0.712500 0.272500 0.080000 0.080000
4 0.765000 0.242500 0.080000 0.080000
3 0.117500 0.680000 0.080000 0.080000
1 0.275000 0.590000 0.080000 0.080000
0 0.327500 0.560000 0.080000 0.080000
1 0.377500 0.532500 0.080000 0.080000
1 0.587500 0.412500 0.080000 0.080000
0 0.742500 0.325000 0.080000 0.080000
3 0.795000 0.295000 0.080000 0.080000
4 0.305000 0.642500 0.080000 0.080000
1 0.407500 0.582500 0.080000 0.080000
4 0.460000 0.555000 0.080000 0.080000
1 0.617500 0.465000 0.080000 0.080000
2 0.720000 0.407500 0.080000 0.080000
2 0.825000 0.347500 0.080000 0.080000
1 0.177500 0.782500 0.080000 0.080000
4 0.230000 0.755000 0.080000 0.080000
2 0.282500 0.725000 0.080000 0.080000
2 0.332500 0.695000 0.080000 0.080000
3 0.437500 0.635000 0.080000 0.080000
1 0.490000 0.607500 0.080000 0.080000
4 0.542500 0.577500 0.080000 0.080000
1 0.595000 0.547500 0.080000 0.080000
