4 0.195000 0.467500 0.065000 0.065000
4 0.310000 0.445000 0.065000 0.065000
1 0.367500 0.435000 0.065000 0.065000
4 0.480000 0.410000 0.065000 0.065000
1 0.537500 0.400000 0.065000 0.065000
1 0.595000 0.387500 0.065000 0.065000
2 0.765000 0.355000 0.065000 0.065000
4 0.822500 0.342500 0.065000 0.065000
0 0.150000 0.535000 0.065000 0.065000
2 0.207500 0.525000 0.065000 0.065000
1 0.322500 0.502500 0.065000 0.065000
4 0.720000 0.422500 0.065000 0.065000
1 0.777500 0.410000 0.065000 0.065000
0 0.890000 0.387500 0.065000 0.065000
0 0.162500 0.592500 0.065000 0.065000
4 0.220000 0.582500 0.065000 0.065000
1 0.332500 0.560000 0.065000 0.065000
3 0.502500 0.525000 0.065000 0.065000
1 0.675000 0.490000 0.065000 0.065000
2 0.730000 0.480000 0.065000 0.065000
2 0.787500 0.467500 0.065000 0.065000
4 0.230000 0.637500 0.065000 0.065000
1 0.345000 0.615000 0.065000 0.065000
4 0.627500 0.560000 0.065000 0.065000
3 0.742500 0.537500 0.065000 0.065000
