4 0.092500 0.312500 0.090000 0.090000
1 0.352500 0.292500 0.090000 0.090000
4 0.437500 0.285000 0.090000 0.090000
1 0.610000 0.272500 0.090000 0.090000
0 0.780000 0.260000 0.090000 0.090000
0 0.272500 0.385000 0.090000 0.090000
4 0.530000 0.365000 0.090000 0.090000
1 0.615000 0.357500 0.090000 0.090000
0 0.875000 0.337500 0.090000 0.090000
0 0.450000 0.457500 0.090000 0.090000
1 0.622500 0.445000 0.090000 0.090000
4 0.707500 0.437500 0.090000 0.090000
4 0.795000 0.430000 0.090000 0.090000
1 0.880000 0.425000 0.090000 0.090000
0 0.457500 0.542500 0.090000 0.090000
4 0.542500 0.537500 0.090000 0.090000
4 0.715000 0.522500 0.090000 0.090000
3 0.887500 0.510000 0.090000 0.090000
4 0.120000 0.655000 0.090000 0.090000
1 0.205000 0.650000 0.090000 0.090000
4 0.550000 0.622500 0.090000 0.090000
1 0.635000 0.615000 0.090000 0.090000
1 0.807500 0.602500 0.090000 0.090000
3 0.892500 0.595000 0.090000 0.090000
3 0.212500 0.735000 0.090000 0.090000
0 0.470000 0.715000 0.090000 0.090000
4 0.642500 0.702500 0.090000 0.090000
4 0.900000 0.682500 0.090000 0.090000
