4 0.275000 0.317500 0.080000 0.080000
1 0.345000 0.330000 0.080000 0.080000
2 0.415000 0.342500 0.080000 0.080000
2 0.695000 0.387500 0.080000 0.080000
4 0.192500 0.377500 0.080000 0.080000
3 0.402500 0.412500 0.080000 0.080000
1 0.545000 0.435000 0.080000 0.080000
4 0.755000 0.467500 0.080000 0.080000
1 0.825000 0.480000 0.080000 0.080000
2 0.112500 0.435000 0.080000 0.080000
4 0.182500 0.447500 0.080000 0.080000
1 0.322500 0.470000 0.080000 0.080000
4 0.392500 0.482500 0.080000 0.080000
1 0.462500 0.492500 0.080000 0.080000
4 0.532500 0.505000 0.080000 0.080000
2 0.602500 0.515000 0.080000 0.080000
2 0.672500 0.527500 0.080000 0.080000
1 0.742500 0.537500 0.080000 0.080000
0 0.100000 0.507500 0.080000 0.080000
3 0.310000 0.540000 0.080000 0.080000
4 0.592500 0.585000 0.080000 0.080000
0 0.872500 0.632500 0.080000 0.080000
4 0.087500 0.577500 0.080000 0.080000
1 0.370000 0.622500 0.080000 0.080000
3 0.510000 0.645000 0.080000 0.080000
