0 0.095000 0.532500 0.090000 0.090000
1 0.157500 0.502500 0.090000 0.090000
4 0.282500 0.445000 0.090000 0.090000
1 0.347500 0.417500 0.090000 0.090000
2 0.410000 0.387500 0.090000 0.090000
0 0.535000 0.330000 0.090000 0.090000
4 0.597500 0.300000 0.090000 0.090000
2 0.722500 0.242500 0.090000 0.090000
4 0.187500 0.565000 0.090000 0.090000
2 0.375000 0.480000 0.090000 0.090000
3 0.437500 0.450000 0.090000 0.090000
4 0.500000 0.422500 0.090000 0.090000
3 0.342500 0.570000 0.090000 0.090000
4 0.405000 0.542500 0.090000 0.090000
0 0.592500 0.455000 0.090000 0.090000
2 0.655000 0.427500 0.090000 0.090000
4 0.245000 0.692500 0.090000 0.090000
1 0.307500 0.662500 0.090000 0.090000
1 0.432500 0.605000 0.090000 0.090000
1 0.872500 0.402500 0.090000 0.090000
1 0.337500 0.725000 0.090000 0.090000
3 0.400000 0.697500 0.090000 0.090000
1 0.525000 0.640000 0.090000 0.090000
1 0.587500 0.610000 0.090000 0.090000
1 0.712500 0.552500 0.090000 0.090000
1 0.777500 0.522500 0.090000 0.090000
1 0.902500 0.465000 0.090000 0.090000
