1 0.100000 0.485000 0.100000 0.100000
4 0.442500 0.307500 0.100000 0.100000
4 0.715000 0.165000 0.100000 0.100000
4 0.135000 0.555000 0.100000 0.100000
2 0.272500 0.482500 0.100000 0.100000
4 0.340000 0.447500 0.100000 0.100000
2 0.477500 0.375000 0.100000 0.100000
4 0.750000 0.232500 0.100000 0.100000
4 0.170000 0.622500 0.100000 0.100000
1 0.307500 0.550000 0.100000 0.100000
4 0.445000 0.480000 0.100000 0.100000
4 0.512500 0.445000 0.100000 0.100000
4 0.717500 0.337500 0.100000 0.100000
4 0.205000 0.690000 0.100000 0.100000
4 0.275000 0.655000 0.100000 0.100000
4 0.342500 0.620000 0.100000 0.100000
2 0.412500 0.585000 0.100000 0.100000
1 0.480000 0.547500 0.100000 0.100000
2 0.547500 0.512500 0.100000 0.100000
1 0.617500 0.477500 0.100000 0.100000
1 0.377500 0.687500 0.100000 0.100000
1 0.447500 0.652500 0.100000 0.100000
4 0.790000 0.475000 0.100000 0.100000
0 0.277500 0.827500 0.100000 0.100000
1 0.415000 0.757500 0.100000 0.100000
1 0.687500 0.615000 0.100000 0.100000
4 0.825000 0.542500 0.100000 0.100000
