0 0.095000 0.535000 0.090000 0.090000
4 0.157500 0.505000 0.090000 0.090000
4 0.220000 0.477500 0.090000 0.090000
1 0.532500 0.330000 0.090000 0.090000
4 0.657500 0.270000 0.090000 0.090000
1 0.125000 0.597500 0.090000 0.090000
1 0.187500 0.567500 0.090000 0.090000
0 0.312500 0.510000 0.090000 0.090000
2 0.437500 0.450000 0.090000 0.090000
1 0.500000 0.420000 0.090000 0.090000
2 0.562500 0.392500 0.090000 0.090000
0 0.625000 0.362500 0.090000 0.090000
4 0.687500 0.332500 0.090000 0.090000
4 0.750000 0.302500 0.090000 0.090000
0 0.217500 0.632500 0.090000 0.090000
4 0.280000 0.602500 0.090000 0.090000
4 0.467500 0.512500 0.090000 0.090000
3 0.592500 0.455000 0.090000 0.090000
1 0.182500 0.722500 0.090000 0.090000
1 0.245000 0.695000 0.090000 0.090000
1 0.310000 0.665000 0.090000 0.090000
1 0.622500 0.517500 0.090000 0.090000
4 0.685000 0.487500 0.090000 0.090000
1 0.747500 0.457500 0.090000 0.090000
4 0.212500 0.785000 0.090000 0.090000
2 0.337500 0.727500 0.090000 0.090000
1 0.400000 0.697500 0.090000 0.090000
4 0.590000 0.610000 0.090000 0.090000
1 0.902500 0.462500 0.090000 0.090000
