2 0.428750 0.338750 0.082500 0.082500
4 0.563750 0.368750 0.082500 0.082500
4 0.838750 0.433750 0.082500 0.082500
1 0.343750 0.391250 0.082500 0.082500
3 0.411250 0.406250 0.082500 0.082500
4 0.481250 0.421250 0.082500 0.082500
1 0.548750 0.438750 0.082500 0.082500
3 0.686250 0.471250 0.082500 0.082500
4 0.821250 0.501250 0.082500 0.082500
1 0.123750 0.411250 0.082500 0.082500
1 0.463750 0.491250 0.082500 0.082500
0 0.668750 0.538750 0.082500 0.082500
1 0.873750 0.586250 0.082500 0.082500
1 0.106250 0.478750 0.082500 0.082500
3 0.516250 0.573750 0.082500 0.082500
3 0.586250 0.591250 0.082500 0.082500
3 0.721250 0.623750 0.082500 0.082500
1 0.788750 0.638750 0.082500 0.082500
1 0.091250 0.546250 0.082500 0.082500
1 0.363750 0.611250 0.082500 0.082500
4 0.501250 0.643750 0.082500 0.082500
0 0.568750 0.658750 0.082500 0.082500
0 0.773750 0.706250 0.082500 0.082500
