4 0.407500 0.315000 0.095000 0.095000
4 0.792500 0.210000 0.095000 0.095000
4 0.350000 0.412500 0.095000 0.095000
4 0.427500 0.392500 0.095000 0.095000
0 0.582500 0.350000 0.095000 0.095000
4 0.140000 0.552500 0.095000 0.095000
1 0.525000 0.450000 0.095000 0.095000
4 0.757500 0.385000 0.095000 0.095000
0 0.835000 0.365000 0.095000 0.095000
3 0.160000 0.630000 0.095000 0.095000
4 0.315000 0.590000 0.095000 0.095000
4 0.470000 0.547500 0.095000 0.095000
1 0.702500 0.485000 0.095000 0.095000
1 0.857500 0.442500 0.095000 0.095000
4 0.567500 0.602500 0.095000 0.095000
1 0.645000 0.582500 0.095000 0.095000
1 0.202500 0.785000 0.095000 0.095000
3 0.280000 0.765000 0.095000 0.095000
2 0.357500 0.742500 0.095000 0.095000
2 0.435000 0.722500 0.095000 0.095000
1 0.665000 0.660000 0.095000 0.095000
