1 0.332500 0.330000 0.095000 0.095000
4 0.410000 0.312500 0.095000 0.095000
1 0.115000 0.465000 0.095000 0.095000
1 0.350000 0.410000 0.095000 0.095000
4 0.430000 0.390000 0.095000 0.095000
0 0.507500 0.370000 0.095000 0.095000
3 0.587500 0.352500 0.095000 0.095000
2 0.822500 0.295000 0.095000 0.095000
4 0.135000 0.545000 0.095000 0.095000
3 0.447500 0.467500 0.095000 0.095000
1 0.605000 0.430000 0.095000 0.095000
1 0.840000 0.375000 0.095000 0.095000
1 0.232500 0.602500 0.095000 0.095000
1 0.387500 0.565000 0.095000 0.095000
1 0.467500 0.547500 0.095000 0.095000
0 0.545000 0.527500 0.095000 0.095000
2 0.625000 0.510000 0.095000 0.095000
4 0.782500 0.472500 0.095000 0.095000
1 0.860000 0.452500 0.095000 0.095000
2 0.172500 0.700000 0.095000 0.095000
1 0.330000 0.662500 0.095000 0.095000
1 0.407500 0.645000 0.095000 0.095000
4 0.485000 0.625000 0.095000 0.095000
2 0.565000 0.607500 0.095000 0.095000
0 0.190000 0.780000 0.095000 0.095000
3 0.820000 0.630000 0.095000 0.095000
