1 0.138750 0.501250 0.067500 0.067500
4 0.193750 0.486250 0.067500 0.067500
0 0.306250 0.456250 0.067500 0.067500
1 0.361250 0.441250 0.067500 0.067500
4 0.531250 0.398750 0.067500 0.067500
4 0.811250 0.323750 0.067500 0.067500
1 0.866250 0.311250 0.067500 0.067500
1 0.153750 0.556250 0.067500 0.067500
4 0.208750 0.541250 0.067500 0.067500
4 0.376250 0.498750 0.067500 0.067500
1 0.546250 0.453750 0.067500 0.067500
2 0.713750 0.411250 0.067500 0.067500
2 0.826250 0.381250 0.067500 0.067500
1 0.168750 0.611250 0.067500 0.067500
2 0.448750 0.538750 0.067500 0.067500
3 0.558750 0.508750 0.067500 0.067500
1 0.728750 0.466250 0.067500 0.067500
1 0.783750 0.451250 0.067500 0.067500
3 0.841250 0.436250 0.067500 0.067500
0 0.896250 0.421250 0.067500 0.067500
2 0.181250 0.668750 0.067500 0.067500
1 0.293750 0.638750 0.067500 0.067500
2 0.351250 0.623750 0.067500 0.067500
0 0.461250 0.596250 0.067500 0.067500
3 0.518750 0.581250 0.067500 0.067500
1 0.743750 0.521250 0.067500 0.067500
4 0.798750 0.508750 0.067500 0.067500
2 0.853750 0.493750 0.067500 0.067500
