2 0.252500 0.357500 0.095000 0.095000
4 0.330000 0.337500 0.095000 0.095000
1 0.560000 0.272500 0.095000 0.095000
1 0.195000 0.457500 0.095000 0.095000
2 0.660000 0.330000 0.095000 0.095000
1 0.812500 0.287500 0.095000 0.095000
3 0.525000 0.447500 0.095000 0.095000
4 0.602500 0.427500 0.095000 0.095000
3 0.757500 0.385000 0.095000 0.095000
4 0.547500 0.525000 0.095000 0.095000
1 0.777500 0.462500 0.095000 0.095000
3 0.855000 0.440000 0.095000 0.095000
1 0.182500 0.710000 0.095000 0.095000
1 0.490000 0.625000 0.095000 0.095000
1 0.645000 0.582500 0.095000 0.095000
4 0.722500 0.560000 0.095000 0.095000
3 0.800000 0.540000 0.095000 0.095000
4 0.280000 0.765000 0.095000 0.095000
1 0.512500 0.702500 0.095000 0.095000
1 0.590000 0.680000 0.095000 0.095000
4 0.745000 0.637500 0.095000 0.095000
4 0.820000 0.617500 0.095000 0.095000
