2 0.342500 0.420000 0.090000 0.090000
1 0.402500 0.387500 0.090000 0.090000
2 0.650000 0.265000 0.090000 0.090000
3 0.775000 0.202500 0.090000 0.090000
4 0.187500 0.575000 0.090000 0.090000
3 0.310000 0.512500 0.090000 0.090000
4 0.557500 0.387500 0.090000 0.090000
4 0.682500 0.325000 0.090000 0.090000
4 0.745000 0.295000 0.090000 0.090000
3 0.805000 0.262500 0.090000 0.090000
0 0.155000 0.667500 0.090000 0.090000
0 0.280000 0.605000 0.090000 0.090000
0 0.342500 0.575000 0.090000 0.090000
4 0.837500 0.325000 0.090000 0.090000
4 0.250000 0.700000 0.090000 0.090000
2 0.372500 0.637500 0.090000 0.090000
2 0.435000 0.605000 0.090000 0.090000
4 0.342500 0.730000 0.090000 0.090000
3 0.527500 0.635000 0.090000 0.090000
1 0.652500 0.575000 0.090000 0.090000
