2 0.231250 0.193750 0.097500 0.097500
1 0.306250 0.221250 0.097500 0.097500
4 0.528750 0.301250 0.097500 0.097500
0 0.676250 0.353750 0.097500 0.097500
4 0.748750 0.378750 0.097500 0.097500
4 0.206250 0.266250 0.097500 0.097500
2 0.426250 0.346250 0.097500 0.097500
1 0.723750 0.453750 0.097500 0.097500
0 0.253750 0.368750 0.097500 0.097500
2 0.326250 0.393750 0.097500 0.097500
1 0.473750 0.448750 0.097500 0.097500
0 0.548750 0.473750 0.097500 0.097500
4 0.696250 0.528750 0.097500 0.097500
1 0.843750 0.581250 0.097500 0.097500
1 0.301250 0.468750 0.097500 0.097500
4 0.448750 0.521250 0.097500 0.097500
4 0.521250 0.548750 0.097500 0.097500
1 0.668750 0.601250 0.097500 0.097500
2 0.743750 0.628750 0.097500 0.097500
1 0.816250 0.653750 0.097500 0.097500
2 0.198750 0.516250 0.097500 0.097500
3 0.273750 0.541250 0.097500 0.097500
0 0.346250 0.568750 0.097500 0.097500
4 0.421250 0.596250 0.097500 0.097500
1 0.496250 0.621250 0.097500 0.097500
1 0.568750 0.648750 0.097500 0.097500
4 0.643750 0.676250 0.097500 0.097500
2 0.791250 0.728750 0.097500 0.097500
4 0.468750 0.696250 0.097500 0.097500
1 0.541250 0.723750 0.097500 0.097500
4 0.763750 0.803750 0.097500 0.097500
