4 0.081250 0.451250 0.062500 0.062500
1 0.431250 0.416250 0.062500 0.062500
4 0.488750 0.411250 0.062500 0.062500
4 0.548750 0.406250 0.062500 0.062500
4 0.666250 0.393750 0.062500 0.062500
4 0.146250 0.503750 0.062500 0.062500
2 0.203750 0.498750 0.062500 0.062500
4 0.261250 0.491250 0.062500 0.062500
3 0.321250 0.486250 0.062500 0.062500
4 0.436250 0.473750 0.062500 0.062500
4 0.611250 0.458750 0.062500 0.062500
4 0.091250 0.568750 0.062500 0.062500
2 0.208750 0.556250 0.062500 0.062500
2 0.501250 0.528750 0.062500 0.062500
4 0.618750 0.516250 0.062500 0.062500
1 0.733750 0.503750 0.062500 0.062500
3 0.793750 0.498750 0.062500 0.062500
2 0.213750 0.613750 0.062500 0.062500
2 0.331250 0.603750 0.062500 0.062500
4 0.391250 0.598750 0.062500 0.062500
1 0.506250 0.586250 0.062500 0.062500
1 0.566250 0.581250 0.062500 0.062500
0 0.681250 0.568750 0.062500 0.062500
3 0.741250 0.563750 0.062500 0.062500
1 0.798750 0.558750 0.062500 0.062500
