4 0.205000 0.207500 0.095000 0.095000
4 0.282500 0.230000 0.095000 0.095000
3 0.360000 0.252500 0.095000 0.095000
2 0.182500 0.285000 0.095000 0.095000
4 0.260000 0.307500 0.095000 0.095000
1 0.720000 0.437500 0.095000 0.095000
1 0.162500 0.362500 0.095000 0.095000
4 0.237500 0.382500 0.095000 0.095000
2 0.470000 0.447500 0.095000 0.095000
0 0.622500 0.492500 0.095000 0.095000
4 0.700000 0.512500 0.095000 0.095000
0 0.447500 0.525000 0.095000 0.095000
4 0.600000 0.570000 0.095000 0.095000
0 0.677500 0.590000 0.095000 0.095000
4 0.755000 0.612500 0.095000 0.095000
3 0.832500 0.635000 0.095000 0.095000
1 0.117500 0.515000 0.095000 0.095000
4 0.425000 0.602500 0.095000 0.095000
3 0.097500 0.592500 0.095000 0.095000
1 0.635000 0.745000 0.095000 0.095000
1 0.710000 0.765000 0.095000 0.095000
