3 0.095000 0.310000 0.090000 0.090000
0 0.610000 0.272500 0.090000 0.090000
2 0.867500 0.252500 0.090000 0.090000
1 0.107500 0.482500 0.090000 0.090000
4 0.450000 0.457500 0.090000 0.090000
4 0.537500 0.450000 0.090000 0.090000
1 0.795000 0.432500 0.090000 0.090000
1 0.200000 0.562500 0.090000 0.090000
4 0.285000 0.555000 0.090000 0.090000
4 0.457500 0.542500 0.090000 0.090000
1 0.887500 0.510000 0.090000 0.090000
4 0.205000 0.647500 0.090000 0.090000
2 0.292500 0.642500 0.090000 0.090000
1 0.807500 0.602500 0.090000 0.090000
4 0.125000 0.740000 0.090000 0.090000
2 0.212500 0.735000 0.090000 0.090000
4 0.297500 0.727500 0.090000 0.090000
1 0.385000 0.722500 0.090000 0.090000
1 0.642500 0.702500 0.090000 0.090000
1 0.727500 0.695000 0.090000 0.090000
1 0.900000 0.682500 0.090000 0.090000
