1 0.210000 0.277500 0.075000 0.075000
1 0.477500 0.395000 0.075000 0.075000
4 0.585000 0.440000 0.075000 0.075000
1 0.800000 0.535000 0.075000 0.075000
0 0.855000 0.557500 0.075000 0.075000
0 0.187500 0.332500 0.075000 0.075000
2 0.240000 0.355000 0.075000 0.075000
2 0.455000 0.447500 0.075000 0.075000
1 0.777500 0.587500 0.075000 0.075000
1 0.830000 0.610000 0.075000 0.075000
0 0.162500 0.385000 0.075000 0.075000
4 0.217500 0.410000 0.075000 0.075000
0 0.270000 0.432500 0.075000 0.075000
1 0.325000 0.455000 0.075000 0.075000
4 0.377500 0.480000 0.075000 0.075000
4 0.432500 0.502500 0.075000 0.075000
1 0.647500 0.595000 0.075000 0.075000
4 0.807500 0.665000 0.075000 0.075000
4 0.085000 0.417500 0.075000 0.075000
4 0.247500 0.485000 0.075000 0.075000
1 0.355000 0.532500 0.075000 0.075000
3 0.462500 0.580000 0.075000 0.075000
1 0.570000 0.625000 0.075000 0.075000
4 0.622500 0.647500 0.075000 0.075000
0 0.730000 0.695000 0.075000 0.075000
2 0.785000 0.717500 0.075000 0.075000
