3 0.210000 0.385000 0.060000 0.060000
1 0.385000 0.400000 0.060000 0.060000
1 0.445000 0.405000 0.060000 0.060000
1 0.680000 0.422500 0.060000 0.060000
2 0.737500 0.427500 0.060000 0.060000
1 0.915000 0.442500 0.060000 0.060000
1 0.087500 0.435000 0.060000 0.060000
1 0.440000 0.462500 0.060000 0.060000
4 0.552500 0.532500 0.060000 0.060000
1 0.612500 0.537500 0.060000 0.060000
3 0.787500 0.550000 0.060000 0.060000
4 0.905000 0.560000 0.060000 0.060000
4 0.077500 0.552500 0.060000 0.060000
1 0.195000 0.562500 0.060000 0.060000
2 0.255000 0.567500 0.060000 0.060000
4 0.372500 0.575000 0.060000 0.060000
1 0.665000 0.600000 0.060000 0.060000
