1 0.362500 0.445000 0.070000 0.070000
4 0.530000 0.397500 0.070000 0.070000
1 0.752500 0.337500 0.070000 0.070000
4 0.865000 0.305000 0.070000 0.070000
1 0.100000 0.577500 0.070000 0.070000
4 0.377500 0.500000 0.070000 0.070000
4 0.435000 0.485000 0.070000 0.070000
2 0.712500 0.407500 0.070000 0.070000
4 0.170000 0.617500 0.070000 0.070000
4 0.785000 0.447500 0.070000 0.070000
1 0.242500 0.657500 0.070000 0.070000
1 0.352500 0.627500 0.070000 0.070000
4 0.632500 0.550000 0.070000 0.070000
0 0.912500 0.472500 0.070000 0.070000
