1 0.192500 0.565000 0.080000 0.080000
2 0.222500 0.617500 0.080000 0.080000
4 0.327500 0.560000 0.080000 0.080000
4 0.377500 0.530000 0.080000 0.080000
4 0.535000 0.442500 0.080000 0.080000
1 0.587500 0.412500 0.080000 0.080000
4 0.640000 0.382500 0.080000 0.080000
4 0.692500 0.355000 0.080000 0.080000
0 0.147500 0.727500 0.080000 0.080000
2 0.252500 0.670000 0.080000 0.080000
3 0.302500 0.640000 0.080000 0.080000
4 0.355000 0.612500 0.080000 0.080000
4 0.407500 0.582500 0.080000 0.080000
0 0.460000 0.552500 0.080000 0.080000
2 0.565000 0.495000 0.080000 0.080000
2 0.772500 0.377500 0.080000 0.080000
4 0.177500 0.780000 0.080000 0.080000
4 0.227500 0.750000 0.080000 0.080000
1 0.385000 0.662500 0.080000 0.080000
2 0.592500 0.547500 0.080000 0.080000
2 0.697500 0.487500 0.080000 0.080000
4 0.802500 0.430000 0.080000 0.080000
1 0.855000 0.400000 0.080000 0.080000
1 0.907500 0.370000 0.080000 0.080000
