4 0.195000 0.212500 0.095000 0.095000
3 0.272500 0.232500 0.095000 0.095000
1 0.430000 0.272500 0.095000 0.095000
1 0.742500 0.350000 0.095000 0.095000
4 0.820000 0.370000 0.095000 0.095000
4 0.332500 0.330000 0.095000 0.095000
4 0.487500 0.370000 0.095000 0.095000
1 0.235000 0.390000 0.095000 0.095000
0 0.390000 0.427500 0.095000 0.095000
0 0.547500 0.467500 0.095000 0.095000
4 0.782500 0.527500 0.095000 0.095000
1 0.372500 0.507500 0.095000 0.095000
0 0.762500 0.605000 0.095000 0.095000
4 0.195000 0.545000 0.095000 0.095000
4 0.585000 0.642500 0.095000 0.095000
1 0.175000 0.625000 0.095000 0.095000
4 0.255000 0.642500 0.095000 0.095000
0 0.332500 0.662500 0.095000 0.095000
0 0.410000 0.682500 0.095000 0.095000
1 0.567500 0.722500 0.095000 0.095000
1 0.645000 0.740000 0.095000 0.095000
