1 0.082500 0.490000 0.065000 0.065000
4 0.140000 0.477500 0.065000 0.065000
1 0.252500 0.455000 0.065000 0.065000
4 0.310000 0.445000 0.065000 0.065000
1 0.367500 0.432500 0.065000 0.065000
4 0.537500 0.400000 0.065000 0.065000
2 0.595000 0.387500 0.065000 0.065000
1 0.707500 0.365000 0.065000 0.065000
1 0.880000 0.332500 0.065000 0.065000
4 0.150000 0.535000 0.065000 0.065000
4 0.207500 0.525000 0.065000 0.065000
4 0.265000 0.512500 0.065000 0.065000
1 0.320000 0.502500 0.065000 0.065000
2 0.550000 0.457500 0.065000 0.065000
0 0.605000 0.445000 0.065000 0.065000
1 0.662500 0.435000 0.065000 0.065000
2 0.777500 0.412500 0.065000 0.065000
4 0.835000 0.400000 0.065000 0.065000
4 0.105000 0.602500 0.065000 0.065000
4 0.162500 0.592500 0.065000 0.065000
0 0.502500 0.525000 0.065000 0.065000
2 0.617500 0.502500 0.065000 0.065000
1 0.675000 0.490000 0.065000 0.065000
4 0.730000 0.480000 0.065000 0.065000
4 0.787500 0.467500 0.065000 0.065000
3 0.115000 0.660000 0.065000 0.065000
4 0.287500 0.627500 0.065000 0.065000
0 0.342500 0.615000 0.065000 0.065000
4 0.457500 0.592500 0.065000 0.065000
