1 0.083750 0.498750 0.067500 0.067500
1 0.141250 0.486250 0.067500 0.067500
3 0.311250 0.448750 0.067500 0.067500
2 0.478750 0.411250 0.067500 0.067500
1 0.593750 0.388750 0.067500 0.067500
4 0.763750 0.351250 0.067500 0.067500
3 0.818750 0.338750 0.067500 0.067500
3 0.876250 0.326250 0.067500 0.067500
4 0.208750 0.531250 0.067500 0.067500
1 0.378750 0.493750 0.067500 0.067500
0 0.491250 0.468750 0.067500 0.067500
4 0.548750 0.456250 0.067500 0.067500
1 0.163750 0.601250 0.067500 0.067500
1 0.221250 0.588750 0.067500 0.067500
2 0.278750 0.576250 0.067500 0.067500
2 0.503750 0.526250 0.067500 0.067500
1 0.788750 0.463750 0.067500 0.067500
4 0.121250 0.668750 0.067500 0.067500
1 0.176250 0.656250 0.067500 0.067500
4 0.233750 0.643750 0.067500 0.067500
1 0.346250 0.618750 0.067500 0.067500
1 0.403750 0.606250 0.067500 0.067500
4 0.461250 0.593750 0.067500 0.067500
1 0.573750 0.568750 0.067500 0.067500
1 0.631250 0.556250 0.067500 0.067500
4 0.686250 0.546250 0.067500 0.067500
1 0.801250 0.521250 0.067500 0.067500
0 0.856250 0.508750 0.067500 0.067500
1 0.913750 0.496250 0.067500 0.067500
