4 0.131250 0.296250 0.077500 0.077500
1 0.273750 0.318750 0.077500 0.077500
4 0.343750 0.328750 0.077500 0.077500
4 0.553750 0.361250 0.077500 0.077500
4 0.696250 0.383750 0.077500 0.077500
4 0.766250 0.393750 0.077500 0.077500
4 0.836250 0.406250 0.077500 0.077500
4 0.191250 0.378750 0.077500 0.077500
4 0.261250 0.388750 0.077500 0.077500
1 0.473750 0.421250 0.077500 0.077500
1 0.753750 0.463750 0.077500 0.077500
4 0.896250 0.486250 0.077500 0.077500
2 0.111250 0.438750 0.077500 0.077500
1 0.251250 0.458750 0.077500 0.077500
1 0.673750 0.523750 0.077500 0.077500
2 0.098750 0.508750 0.077500 0.077500
4 0.168750 0.518750 0.077500 0.077500
3 0.381250 0.551250 0.077500 0.077500
4 0.591250 0.583750 0.077500 0.077500
1 0.733750 0.606250 0.077500 0.077500
2 0.803750 0.616250 0.077500 0.077500
4 0.873750 0.626250 0.077500 0.077500
0 0.088750 0.578750 0.077500 0.077500
4 0.371250 0.621250 0.077500 0.077500
1 0.511250 0.643750 0.077500 0.077500
0 0.581250 0.653750 0.077500 0.077500
