4 0.115000 0.262500 0.090000 0.090000
1 0.290000 0.270000 0.090000 0.090000
2 0.552500 0.282500 0.090000 0.090000
0 0.727500 0.290000 0.090000 0.090000
4 0.815000 0.295000 0.090000 0.090000
4 0.200000 0.352500 0.090000 0.090000
1 0.460000 0.365000 0.090000 0.090000
4 0.547500 0.370000 0.090000 0.090000
2 0.810000 0.382500 0.090000 0.090000
1 0.195000 0.440000 0.090000 0.090000
4 0.457500 0.452500 0.090000 0.090000
4 0.545000 0.457500 0.090000 0.090000
1 0.632500 0.460000 0.090000 0.090000
1 0.720000 0.465000 0.090000 0.090000
4 0.895000 0.472500 0.090000 0.090000
2 0.190000 0.527500 0.090000 0.090000
2 0.277500 0.532500 0.090000 0.090000
4 0.540000 0.545000 0.090000 0.090000
4 0.627500 0.547500 0.090000 0.090000
1 0.715000 0.552500 0.090000 0.090000
4 0.890000 0.560000 0.090000 0.090000
3 0.362500 0.622500 0.090000 0.090000
1 0.450000 0.627500 0.090000 0.090000
0 0.537500 0.632500 0.090000 0.090000
3 0.622500 0.635000 0.090000 0.090000
3 0.885000 0.647500 0.090000 0.090000
4 0.357500 0.710000 0.090000 0.090000
4 0.532500 0.720000 0.090000 0.090000
1 0.620000 0.722500 0.090000 0.090000
3 0.795000 0.732500 0.090000 0.090000
1 0.882500 0.735000 0.090000 0.090000
