4 0.407500 0.442500 0.075000 0.075000
4 0.460000 0.417500 0.075000 0.075000
2 0.620000 0.345000 0.075000 0.075000
4 0.672500 0.320000 0.075000 0.075000
2 0.165000 0.620000 0.075000 0.075000
1 0.217500 0.595000 0.075000 0.075000
0 0.430000 0.495000 0.075000 0.075000
4 0.485000 0.470000 0.075000 0.075000
0 0.537500 0.447500 0.075000 0.075000
3 0.750000 0.347500 0.075000 0.075000
0 0.805000 0.322500 0.075000 0.075000
4 0.857500 0.300000 0.075000 0.075000
1 0.187500 0.672500 0.075000 0.075000
0 0.242500 0.647500 0.075000 0.075000
3 0.350000 0.597500 0.075000 0.075000
1 0.402500 0.575000 0.075000 0.075000
0 0.615000 0.475000 0.075000 0.075000
0 0.830000 0.377500 0.075000 0.075000
1 0.267500 0.700000 0.075000 0.075000
2 0.372500 0.652500 0.075000 0.075000
0 0.427500 0.627500 0.075000 0.075000
4 0.480000 0.602500 0.075000 0.075000
1 0.640000 0.527500 0.075000 0.075000
2 0.692500 0.505000 0.075000 0.075000
4 0.747500 0.480000 0.075000 0.075000
4 0.800000 0.455000 0.075000 0.075000
4 0.855000 0.430000 0.075000 0.075000
2 0.907500 0.405000 0.075000 0.075000
