4 0.325000 0.210000 0.100000 0.100000
1 0.395000 0.242500 0.100000 0.100000
4 0.467500 0.272500 0.100000 0.100000
4 0.682500 0.365000 0.100000 0.100000
2 0.752500 0.395000 0.100000 0.100000
1 0.507500 0.375000 0.100000 0.100000
1 0.580000 0.405000 0.100000 0.100000
4 0.792500 0.497500 0.100000 0.100000
4 0.865000 0.527500 0.100000 0.100000
2 0.262500 0.355000 0.100000 0.100000
4 0.405000 0.415000 0.100000 0.100000
2 0.547500 0.477500 0.100000 0.100000
2 0.620000 0.507500 0.100000 0.100000
2 0.762500 0.570000 0.100000 0.100000
1 0.160000 0.395000 0.100000 0.100000
2 0.232500 0.425000 0.100000 0.100000
0 0.590000 0.580000 0.100000 0.100000
0 0.660000 0.610000 0.100000 0.100000
4 0.272500 0.527500 0.100000 0.100000
4 0.415000 0.590000 0.100000 0.100000
4 0.557500 0.650000 0.100000 0.100000
1 0.772500 0.742500 0.100000 0.100000
1 0.100000 0.537500 0.100000 0.100000
1 0.242500 0.600000 0.100000 0.100000
2 0.312500 0.630000 0.100000 0.100000
4 0.527500 0.722500 0.100000 0.100000
1 0.600000 0.752500 0.100000 0.100000
1 0.670000 0.782500 0.100000 0.100000
4 0.742500 0.815000 0.100000 0.100000
