4 0.092500 0.487500 0.085000 0.085000
4 0.287500 0.420000 0.085000 0.085000
0 0.355000 0.397500 0.085000 0.085000
4 0.485000 0.355000 0.085000 0.085000
2 0.682500 0.287500 0.085000 0.085000
4 0.747500 0.267500 0.085000 0.085000
1 0.112500 0.552500 0.085000 0.085000
4 0.180000 0.530000 0.085000 0.085000
3 0.245000 0.507500 0.085000 0.085000
4 0.310000 0.485000 0.085000 0.085000
4 0.507500 0.420000 0.085000 0.085000
4 0.640000 0.375000 0.085000 0.085000
3 0.705000 0.355000 0.085000 0.085000
4 0.770000 0.332500 0.085000 0.085000
4 0.397500 0.530000 0.085000 0.085000
2 0.465000 0.507500 0.085000 0.085000
3 0.530000 0.485000 0.085000 0.085000
4 0.660000 0.442500 0.085000 0.085000
4 0.222500 0.662500 0.085000 0.085000
1 0.287500 0.640000 0.085000 0.085000
2 0.420000 0.595000 0.085000 0.085000
1 0.552500 0.552500 0.085000 0.085000
4 0.617500 0.530000 0.085000 0.085000
1 0.815000 0.462500 0.085000 0.085000
1 0.180000 0.750000 0.085000 0.085000
2 0.770000 0.552500 0.085000 0.085000
