2 0.121250 0.323750 0.067500 0.067500
4 0.348750 0.373750 0.067500 0.067500
2 0.403750 0.388750 0.067500 0.067500
1 0.461250 0.401250 0.067500 0.067500
4 0.573750 0.426250 0.067500 0.067500
1 0.686250 0.451250 0.067500 0.067500
4 0.913750 0.503750 0.067500 0.067500
2 0.108750 0.378750 0.067500 0.067500
2 0.336250 0.431250 0.067500 0.067500
0 0.503750 0.471250 0.067500 0.067500
1 0.561250 0.483750 0.067500 0.067500
4 0.901250 0.561250 0.067500 0.067500
0 0.153750 0.448750 0.067500 0.067500
1 0.208750 0.461250 0.067500 0.067500
1 0.266250 0.473750 0.067500 0.067500
4 0.548750 0.538750 0.067500 0.067500
1 0.661250 0.566250 0.067500 0.067500
4 0.718750 0.578750 0.067500 0.067500
4 0.773750 0.591250 0.067500 0.067500
1 0.886250 0.616250 0.067500 0.067500
4 0.253750 0.531250 0.067500 0.067500
2 0.366250 0.556250 0.067500 0.067500
0 0.423750 0.571250 0.067500 0.067500
2 0.536250 0.596250 0.067500 0.067500
4 0.703750 0.633750 0.067500 0.067500
1 0.761250 0.648750 0.067500 0.067500
