3 0.223750 0.291250 0.082500 0.082500
1 0.291250 0.306250 0.082500 0.082500
1 0.496250 0.353750 0.082500 0.082500
0 0.563750 0.368750 0.082500 0.082500
4 0.838750 0.433750 0.082500 0.082500
4 0.276250 0.373750 0.082500 0.082500
4 0.343750 0.391250 0.082500 0.082500
1 0.686250 0.468750 0.082500 0.082500
4 0.753750 0.486250 0.082500 0.082500
3 0.821250 0.501250 0.082500 0.082500
4 0.891250 0.516250 0.082500 0.082500
4 0.123750 0.411250 0.082500 0.082500
0 0.328750 0.458750 0.082500 0.082500
1 0.463750 0.491250 0.082500 0.082500
1 0.533750 0.506250 0.082500 0.082500
4 0.601250 0.521250 0.082500 0.082500
4 0.668750 0.538750 0.082500 0.082500
4 0.806250 0.568750 0.082500 0.082500
2 0.873750 0.586250 0.082500 0.082500
4 0.176250 0.496250 0.082500 0.082500
0 0.243750 0.511250 0.082500 0.082500
2 0.381250 0.543750 0.082500 0.082500
1 0.448750 0.558750 0.082500 0.082500
1 0.858750 0.653750 0.082500 0.082500
1 0.091250 0.548750 0.082500 0.082500
0 0.158750 0.563750 0.082500 0.082500
4 0.296250 0.596250 0.082500 0.082500
0 0.568750 0.658750 0.082500 0.082500
