1 0.206250 0.218750 0.087500 0.087500
4 0.458750 0.328750 0.087500 0.087500
3 0.583750 0.383750 0.087500 0.087500
4 0.648750 0.413750 0.087500 0.087500
2 0.711250 0.441250 0.087500 0.087500
1 0.838750 0.496250 0.087500 0.087500
1 0.901250 0.523750 0.087500 0.087500
2 0.366250 0.363750 0.087500 0.087500
1 0.556250 0.448750 0.087500 0.087500
1 0.621250 0.476250 0.087500 0.087500
4 0.811250 0.558750 0.087500 0.087500
0 0.873750 0.586250 0.087500 0.087500
3 0.148750 0.343750 0.087500 0.087500
4 0.213750 0.373750 0.087500 0.087500
0 0.276250 0.401250 0.087500 0.087500
4 0.466250 0.483750 0.087500 0.087500
4 0.593750 0.538750 0.087500 0.087500
0 0.121250 0.408750 0.087500 0.087500
1 0.438750 0.546250 0.087500 0.087500
0 0.628750 0.631250 0.087500 0.087500
4 0.093750 0.471250 0.087500 0.087500
0 0.156250 0.498750 0.087500 0.087500
0 0.346250 0.583750 0.087500 0.087500
1 0.411250 0.611250 0.087500 0.087500
0 0.663750 0.721250 0.087500 0.087500
4 0.791250 0.776250 0.087500 0.087500
