0 0.205000 0.207500 0.095000 0.095000
4 0.282500 0.230000 0.095000 0.095000
4 0.437500 0.272500 0.095000 0.095000
4 0.820000 0.380000 0.095000 0.095000
4 0.492500 0.372500 0.095000 0.095000
4 0.567500 0.392500 0.095000 0.095000
4 0.722500 0.437500 0.095000 0.095000
0 0.800000 0.457500 0.095000 0.095000
1 0.162500 0.362500 0.095000 0.095000
4 0.470000 0.447500 0.095000 0.095000
1 0.625000 0.492500 0.095000 0.095000
4 0.700000 0.512500 0.095000 0.095000
1 0.777500 0.535000 0.095000 0.095000
2 0.855000 0.557500 0.095000 0.095000
1 0.217500 0.460000 0.095000 0.095000
3 0.447500 0.525000 0.095000 0.095000
4 0.757500 0.612500 0.095000 0.095000
1 0.832500 0.632500 0.095000 0.095000
4 0.120000 0.515000 0.095000 0.095000
4 0.195000 0.537500 0.095000 0.095000
1 0.272500 0.560000 0.095000 0.095000
2 0.350000 0.580000 0.095000 0.095000
0 0.505000 0.625000 0.095000 0.095000
0 0.327500 0.657500 0.095000 0.095000
0 0.482500 0.700000 0.095000 0.095000
1 0.712500 0.765000 0.095000 0.095000
0 0.790000 0.787500 0.095000 0.095000
