1 0.160000 0.370000 0.075000 0.075000
4 0.380000 0.357500 0.075000 0.075000
1 0.672500 0.342500 0.075000 0.075000
1 0.745000 0.337500 0.075000 0.075000
2 0.092500 0.447500 0.075000 0.075000
4 0.385000 0.432500 0.075000 0.075000
1 0.457500 0.427500 0.075000 0.075000
1 0.530000 0.422500 0.075000 0.075000
3 0.750000 0.410000 0.075000 0.075000
1 0.242500 0.512500 0.075000 0.075000
1 0.535000 0.495000 0.075000 0.075000
1 0.607500 0.492500 0.075000 0.075000
4 0.680000 0.487500 0.075000 0.075000
2 0.755000 0.482500 0.075000 0.075000
3 0.827500 0.480000 0.075000 0.075000
4 0.900000 0.475000 0.075000 0.075000
1 0.247500 0.585000 0.075000 0.075000
1 0.320000 0.582500 0.075000 0.075000
0 0.392500 0.577500 0.075000 0.075000
4 0.612500 0.565000 0.075000 0.075000
3 0.757500 0.557500 0.075000 0.075000
0 0.832500 0.552500 0.075000 0.075000
4 0.905000 0.547500 0.075000 0.075000
2 0.105000 0.667500 0.075000 0.075000
4 0.542500 0.642500 0.075000 0.075000
4 0.762500 0.630000 0.075000 0.075000
4 0.910000 0.620000 0.075000 0.075000
