4 0.087500 0.390000 0.060000 0.060000
2 0.147500 0.392500 0.060000 0.060000
1 0.265000 0.397500 0.060000 0.060000
4 0.385000 0.402500 0.060000 0.060000
1 0.562500 0.410000 0.060000 0.060000
3 0.620000 0.412500 0.060000 0.060000
1 0.797500 0.422500 0.060000 0.060000
4 0.857500 0.425000 0.060000 0.060000
4 0.085000 0.447500 0.060000 0.060000
2 0.145000 0.452500 0.060000 0.060000
4 0.202500 0.455000 0.060000 0.060000
1 0.322500 0.460000 0.060000 0.060000
1 0.380000 0.462500 0.060000 0.060000
4 0.617500 0.472500 0.060000 0.060000
0 0.737500 0.477500 0.060000 0.060000
2 0.142500 0.510000 0.060000 0.060000
4 0.200000 0.512500 0.060000 0.060000
3 0.320000 0.517500 0.060000 0.060000
2 0.497500 0.527500 0.060000 0.060000
1 0.675000 0.535000 0.060000 0.060000
1 0.735000 0.537500 0.060000 0.060000
4 0.792500 0.540000 0.060000 0.060000
1 0.912500 0.545000 0.060000 0.060000
2 0.257500 0.575000 0.060000 0.060000
3 0.375000 0.580000 0.060000 0.060000
1 0.435000 0.582500 0.060000 0.060000
4 0.552500 0.587500 0.060000 0.060000
0 0.672500 0.595000 0.060000 0.060000
1 0.730000 0.597500 0.060000 0.060000
4 0.850000 0.602500 0.060000 0.060000
4 0.910000 0.605000 0.060000 0.060000
