3 0.240000 0.272500 0.085000 0.085000
4 0.307500 0.292500 0.085000 0.085000
4 0.705000 0.417500 0.085000 0.085000
1 0.770000 0.437500 0.085000 0.085000
3 0.485000 0.420000 0.085000 0.085000
3 0.617500 0.462500 0.085000 0.085000
2 0.682500 0.482500 0.085000 0.085000
1 0.815000 0.525000 0.085000 0.085000
4 0.200000 0.405000 0.085000 0.085000
3 0.265000 0.425000 0.085000 0.085000
4 0.397500 0.465000 0.085000 0.085000
1 0.465000 0.487500 0.085000 0.085000
1 0.112500 0.450000 0.085000 0.085000
2 0.310000 0.512500 0.085000 0.085000
4 0.377500 0.532500 0.085000 0.085000
1 0.575000 0.595000 0.085000 0.085000
2 0.840000 0.677500 0.085000 0.085000
1 0.555000 0.660000 0.085000 0.085000
1 0.687500 0.702500 0.085000 0.085000
1 0.755000 0.722500 0.085000 0.085000
