2 0.342500 0.265000 0.090000 0.090000
2 0.712500 0.452500 0.090000 0.090000
4 0.837500 0.512500 0.090000 0.090000
2 0.187500 0.265000 0.090000 0.090000
4 0.310000 0.327500 0.090000 0.090000
1 0.372500 0.357500 0.090000 0.090000
4 0.682500 0.512500 0.090000 0.090000
4 0.807500 0.575000 0.090000 0.090000
1 0.867500 0.607500 0.090000 0.090000
2 0.405000 0.452500 0.090000 0.090000
1 0.527500 0.512500 0.090000 0.090000
4 0.590000 0.545000 0.090000 0.090000
4 0.715000 0.607500 0.090000 0.090000
2 0.372500 0.512500 0.090000 0.090000
2 0.435000 0.545000 0.090000 0.090000
2 0.560000 0.607500 0.090000 0.090000
4 0.620000 0.637500 0.090000 0.090000
2 0.807500 0.730000 0.090000 0.090000
1 0.155000 0.482500 0.090000 0.090000
1 0.280000 0.545000 0.090000 0.090000
4 0.342500 0.575000 0.090000 0.090000
4 0.405000 0.607500 0.090000 0.090000
4 0.465000 0.637500 0.090000 0.090000
1 0.590000 0.700000 0.090000 0.090000
1 0.715000 0.762500 0.090000 0.090000
