4 0.200000 0.212500 0.095000 0.095000
4 0.277500 0.232500 0.095000 0.095000
3 0.432500 0.272500 0.095000 0.095000
4 0.510000 0.295000 0.095000 0.095000
3 0.742500 0.355000 0.095000 0.095000
3 0.820000 0.377500 0.095000 0.095000
1 0.897500 0.397500 0.095000 0.095000
1 0.257500 0.310000 0.095000 0.095000
1 0.412500 0.350000 0.095000 0.095000
2 0.567500 0.392500 0.095000 0.095000
3 0.722500 0.432500 0.095000 0.095000
1 0.800000 0.455000 0.095000 0.095000
3 0.390000 0.427500 0.095000 0.095000
1 0.467500 0.450000 0.095000 0.095000
1 0.545000 0.470000 0.095000 0.095000
2 0.777500 0.532500 0.095000 0.095000
1 0.855000 0.552500 0.095000 0.095000
4 0.137500 0.445000 0.095000 0.095000
1 0.215000 0.465000 0.095000 0.095000
2 0.292500 0.485000 0.095000 0.095000
4 0.525000 0.547500 0.095000 0.095000
1 0.835000 0.630000 0.095000 0.095000
4 0.505000 0.625000 0.095000 0.095000
0 0.097500 0.600000 0.095000 0.095000
4 0.175000 0.620000 0.095000 0.095000
1 0.252500 0.640000 0.095000 0.095000
1 0.330000 0.660000 0.095000 0.095000
0 0.407500 0.682500 0.095000 0.095000
1 0.562500 0.722500 0.095000 0.095000
3 0.717500 0.765000 0.095000 0.095000
3 0.795000 0.785000 0.095000 0.095000
