1 0.322500 0.402500 0.060000 0.060000
4 0.502500 0.407500 0.060000 0.060000
4 0.740000 0.417500 0.060000 0.060000
3 0.857500 0.422500 0.060000 0.060000
2 0.262500 0.457500 0.060000 0.060000
1 0.380000 0.462500 0.060000 0.060000
4 0.500000 0.467500 0.060000 0.060000
1 0.737500 0.477500 0.060000 0.060000
4 0.797500 0.477500 0.060000 0.060000
2 0.855000 0.480000 0.060000 0.060000
0 0.260000 0.517500 0.060000 0.060000
2 0.497500 0.527500 0.060000 0.060000
4 0.615000 0.532500 0.060000 0.060000
3 0.795000 0.537500 0.060000 0.060000
1 0.080000 0.570000 0.060000 0.060000
1 0.257500 0.577500 0.060000 0.060000
1 0.377500 0.582500 0.060000 0.060000
1 0.435000 0.585000 0.060000 0.060000
4 0.495000 0.585000 0.060000 0.060000
4 0.615000 0.590000 0.060000 0.060000
