1 0.310000 0.290000 0.085000 0.085000
3 0.375000 0.312500 0.085000 0.085000
1 0.507500 0.355000 0.085000 0.085000
1 0.572500 0.375000 0.085000 0.085000
1 0.222500 0.335000 0.085000 0.085000
1 0.352500 0.377500 0.085000 0.085000
4 0.485000 0.420000 0.085000 0.085000
1 0.552500 0.442500 0.085000 0.085000
4 0.682500 0.485000 0.085000 0.085000
4 0.882500 0.547500 0.085000 0.085000
4 0.265000 0.422500 0.085000 0.085000
2 0.332500 0.442500 0.085000 0.085000
3 0.530000 0.507500 0.085000 0.085000
1 0.177500 0.467500 0.085000 0.085000
4 0.245000 0.487500 0.085000 0.085000
4 0.310000 0.510000 0.085000 0.085000
3 0.772500 0.660000 0.085000 0.085000
4 0.422500 0.617500 0.085000 0.085000
2 0.552500 0.660000 0.085000 0.085000
2 0.752500 0.725000 0.085000 0.085000
4 0.817500 0.747500 0.085000 0.085000
