2 0.267500 0.172500 0.100000 0.100000
4 0.337500 0.205000 0.100000 0.100000
1 0.477500 0.272500 0.100000 0.100000
1 0.615000 0.340000 0.100000 0.100000
4 0.685000 0.375000 0.100000 0.100000
0 0.755000 0.407500 0.100000 0.100000
4 0.825000 0.442500 0.100000 0.100000
4 0.895000 0.475000 0.100000 0.100000
3 0.235000 0.242500 0.100000 0.100000
1 0.790000 0.512500 0.100000 0.100000
4 0.200000 0.312500 0.100000 0.100000
0 0.270000 0.345000 0.100000 0.100000
4 0.410000 0.412500 0.100000 0.100000
2 0.547500 0.480000 0.100000 0.100000
0 0.617500 0.512500 0.100000 0.100000
4 0.827500 0.615000 0.100000 0.100000
4 0.167500 0.380000 0.100000 0.100000
2 0.515000 0.550000 0.100000 0.100000
1 0.792500 0.685000 0.100000 0.100000
0 0.132500 0.450000 0.100000 0.100000
1 0.202500 0.485000 0.100000 0.100000
0 0.272500 0.517500 0.100000 0.100000
1 0.342500 0.552500 0.100000 0.100000
1 0.412500 0.585000 0.100000 0.100000
2 0.480000 0.620000 0.100000 0.100000
1 0.690000 0.720000 0.100000 0.100000
2 0.167500 0.555000 0.100000 0.100000
1 0.377500 0.655000 0.100000 0.100000
4 0.447500 0.690000 0.100000 0.100000
4 0.517500 0.722500 0.100000 0.100000
4 0.587500 0.757500 0.100000 0.100000
0 0.655000 0.790000 0.100000 0.100000
4 0.725000 0.822500 0.100000 0.100000
