0 0.215000 0.207500 0.090000 0.090000
4 0.277500 0.237500 0.090000 0.090000
1 0.402500 0.297500 0.090000 0.090000
3 0.465000 0.327500 0.090000 0.090000
4 0.590000 0.390000 0.090000 0.090000
4 0.715000 0.450000 0.090000 0.090000
4 0.777500 0.480000 0.090000 0.090000
0 0.902500 0.540000 0.090000 0.090000
2 0.372500 0.360000 0.090000 0.090000
4 0.497500 0.420000 0.090000 0.090000
4 0.560000 0.450000 0.090000 0.090000
3 0.810000 0.572500 0.090000 0.090000
2 0.870000 0.602500 0.090000 0.090000
4 0.342500 0.422500 0.090000 0.090000
2 0.655000 0.575000 0.090000 0.090000
3 0.777500 0.635000 0.090000 0.090000
4 0.840000 0.665000 0.090000 0.090000
4 0.375000 0.515000 0.090000 0.090000
1 0.500000 0.575000 0.090000 0.090000
3 0.562500 0.605000 0.090000 0.090000
3 0.622500 0.635000 0.090000 0.090000
4 0.810000 0.727500 0.090000 0.090000
3 0.157500 0.487500 0.090000 0.090000
3 0.282500 0.547500 0.090000 0.090000
4 0.345000 0.577500 0.090000 0.090000
0 0.407500 0.607500 0.090000 0.090000
3 0.470000 0.637500 0.090000 0.090000
1 0.655000 0.727500 0.090000 0.090000
4 0.780000 0.790000 0.090000 0.090000
