2 0.355000 0.397500 0.085000 0.085000
2 0.487500 0.355000 0.085000 0.085000
0 0.620000 0.312500 0.085000 0.085000
4 0.245000 0.505000 0.085000 0.085000
4 0.310000 0.485000 0.085000 0.085000
1 0.377500 0.462500 0.085000 0.085000
4 0.442500 0.442500 0.085000 0.085000
2 0.837500 0.312500 0.085000 0.085000
1 0.265000 0.572500 0.085000 0.085000
0 0.397500 0.530000 0.085000 0.085000
4 0.530000 0.487500 0.085000 0.085000
0 0.662500 0.442500 0.085000 0.085000
4 0.727500 0.422500 0.085000 0.085000
4 0.352500 0.617500 0.085000 0.085000
3 0.177500 0.747500 0.085000 0.085000
0 0.507500 0.640000 0.085000 0.085000
1 0.705000 0.575000 0.085000 0.085000
4 0.770000 0.555000 0.085000 0.085000
2 0.837500 0.532500 0.085000 0.085000
