1 0.348750 0.201250 0.102500 0.102500
4 0.553750 0.308750 0.102500 0.102500
4 0.621250 0.343750 0.102500 0.102500
1 0.688750 0.381250 0.102500 0.102500
1 0.826250 0.451250 0.102500 0.102500
4 0.516250 0.376250 0.102500 0.102500
0 0.653750 0.448750 0.102500 0.102500
3 0.721250 0.483750 0.102500 0.102500
1 0.858750 0.556250 0.102500 0.102500
1 0.276250 0.338750 0.102500 0.102500
2 0.413750 0.408750 0.102500 0.102500
4 0.481250 0.446250 0.102500 0.102500
4 0.548750 0.481250 0.102500 0.102500
4 0.686250 0.553750 0.102500 0.102500
3 0.823750 0.623750 0.102500 0.102500
4 0.308750 0.441250 0.102500 0.102500
1 0.376250 0.478750 0.102500 0.102500
1 0.718750 0.656250 0.102500 0.102500
4 0.786250 0.693750 0.102500 0.102500
1 0.136250 0.438750 0.102500 0.102500
1 0.273750 0.511250 0.102500 0.102500
4 0.478750 0.618750 0.102500 0.102500
0 0.613750 0.688750 0.102500 0.102500
3 0.373750 0.651250 0.102500 0.102500
2 0.511250 0.721250 0.102500 0.102500
1 0.646250 0.793750 0.102500 0.102500
1 0.716250 0.828750 0.102500 0.102500
