4 0.097500 0.395000 0.095000 0.095000
1 0.717500 0.232500 0.095000 0.095000
4 0.795000 0.210000 0.095000 0.095000
1 0.117500 0.472500 0.095000 0.095000
1 0.350000 0.410000 0.095000 0.095000
1 0.660000 0.330000 0.095000 0.095000
4 0.737500 0.310000 0.095000 0.095000
1 0.215000 0.530000 0.095000 0.095000
0 0.525000 0.447500 0.095000 0.095000
2 0.602500 0.427500 0.095000 0.095000
1 0.757500 0.387500 0.095000 0.095000
3 0.157500 0.627500 0.095000 0.095000
1 0.235000 0.607500 0.095000 0.095000
3 0.467500 0.545000 0.095000 0.095000
1 0.545000 0.525000 0.095000 0.095000
0 0.645000 0.582500 0.095000 0.095000
1 0.800000 0.542500 0.095000 0.095000
1 0.877500 0.522500 0.095000 0.095000
1 0.197500 0.782500 0.095000 0.095000
3 0.742500 0.640000 0.095000 0.095000
2 0.820000 0.620000 0.095000 0.095000
