1 0.176250 0.353750 0.092500 0.092500
4 0.256250 0.338750 0.092500 0.092500
4 0.336250 0.321250 0.092500 0.092500
4 0.416250 0.306250 0.092500 0.092500
1 0.576250 0.273750 0.092500 0.092500
4 0.656250 0.256250 0.092500 0.092500
4 0.736250 0.241250 0.092500 0.092500
4 0.816250 0.223750 0.092500 0.092500
0 0.111250 0.451250 0.092500 0.092500
2 0.271250 0.418750 0.092500 0.092500
1 0.351250 0.401250 0.092500 0.092500
4 0.511250 0.368750 0.092500 0.092500
4 0.751250 0.321250 0.092500 0.092500
1 0.128750 0.531250 0.092500 0.092500
4 0.368750 0.481250 0.092500 0.092500
4 0.143750 0.611250 0.092500 0.092500
4 0.223750 0.593750 0.092500 0.092500
0 0.383750 0.561250 0.092500 0.092500
1 0.463750 0.546250 0.092500 0.092500
3 0.623750 0.513750 0.092500 0.092500
1 0.703750 0.496250 0.092500 0.092500
1 0.161250 0.691250 0.092500 0.092500
0 0.481250 0.626250 0.092500 0.092500
4 0.641250 0.593750 0.092500 0.092500
2 0.801250 0.561250 0.092500 0.092500
1 0.256250 0.753750 0.092500 0.092500
1 0.576250 0.688750 0.092500 0.092500
