4 0.353750 0.256250 0.092500 0.092500
1 0.476250 0.323750 0.092500 0.092500
3 0.718750 0.461250 0.092500 0.092500
4 0.901250 0.563750 0.092500 0.092500
0 0.441250 0.386250 0.092500 0.092500
4 0.501250 0.418750 0.092500 0.092500
1 0.623750 0.488750 0.092500 0.092500
1 0.743750 0.556250 0.092500 0.092500
3 0.866250 0.623750 0.092500 0.092500
1 0.163750 0.308750 0.092500 0.092500
2 0.226250 0.343750 0.092500 0.092500
4 0.346250 0.411250 0.092500 0.092500
1 0.528750 0.513750 0.092500 0.092500
1 0.648750 0.583750 0.092500 0.092500
2 0.711250 0.616250 0.092500 0.092500
1 0.831250 0.686250 0.092500 0.092500
4 0.131250 0.368750 0.092500 0.092500
2 0.191250 0.403750 0.092500 0.092500
0 0.313750 0.471250 0.092500 0.092500
4 0.556250 0.608750 0.092500 0.092500
4 0.676250 0.676250 0.092500 0.092500
3 0.736250 0.711250 0.092500 0.092500
0 0.798750 0.746250 0.092500 0.092500
4 0.156250 0.463750 0.092500 0.092500
1 0.218750 0.498750 0.092500 0.092500
1 0.461250 0.636250 0.092500 0.092500
4 0.641250 0.738750 0.092500 0.092500
3 0.763750 0.806250 0.092500 0.092500
