4 0.138750 0.503750 0.067500 0.067500
4 0.528750 0.398750 0.067500 0.067500
4 0.696250 0.353750 0.067500 0.067500
0 0.866250 0.308750 0.067500 0.067500
1 0.208750 0.543750 0.067500 0.067500
2 0.266250 0.528750 0.067500 0.067500
4 0.601250 0.438750 0.067500 0.067500
3 0.168750 0.616250 0.067500 0.067500
0 0.223750 0.601250 0.067500 0.067500
0 0.281250 0.586250 0.067500 0.067500
2 0.336250 0.571250 0.067500 0.067500
1 0.671250 0.481250 0.067500 0.067500
4 0.896250 0.421250 0.067500 0.067500
4 0.183750 0.671250 0.067500 0.067500
3 0.631250 0.551250 0.067500 0.067500
4 0.853750 0.491250 0.067500 0.067500
