1 0.336250 0.331250 0.077500 0.077500
0 0.406250 0.341250 0.077500 0.077500
4 0.763750 0.383750 0.077500 0.077500
1 0.113750 0.378750 0.077500 0.077500
4 0.183750 0.386250 0.077500 0.077500
1 0.256250 0.396250 0.077500 0.077500
1 0.683750 0.446250 0.077500 0.077500
4 0.756250 0.456250 0.077500 0.077500
0 0.898750 0.473750 0.077500 0.077500
4 0.318750 0.476250 0.077500 0.077500
2 0.388750 0.483750 0.077500 0.077500
3 0.461250 0.493750 0.077500 0.077500
4 0.533750 0.501250 0.077500 0.077500
4 0.603750 0.508750 0.077500 0.077500
4 0.308750 0.546250 0.077500 0.077500
1 0.453750 0.563750 0.077500 0.077500
2 0.808750 0.606250 0.077500 0.077500
4 0.881250 0.616250 0.077500 0.077500
3 0.228750 0.608750 0.077500 0.077500
1 0.301250 0.618750 0.077500 0.077500
3 0.371250 0.626250 0.077500 0.077500
2 0.586250 0.653750 0.077500 0.077500
1 0.658750 0.661250 0.077500 0.077500
2 0.728750 0.671250 0.077500 0.077500
1 0.801250 0.678750 0.077500 0.077500
1 0.871250 0.688750 0.077500 0.077500
