4 0.236250 0.343750 0.067500 0.067500
4 0.291250 0.358750 0.067500 0.067500
4 0.516250 0.413750 0.067500 0.067500
3 0.798750 0.483750 0.067500 0.067500
4 0.166250 0.386250 0.067500 0.067500
4 0.221250 0.401250 0.067500 0.067500
4 0.333750 0.428750 0.067500 0.067500
4 0.391250 0.441250 0.067500 0.067500
1 0.446250 0.456250 0.067500 0.067500
4 0.503750 0.468750 0.067500 0.067500
4 0.558750 0.483750 0.067500 0.067500
4 0.616250 0.496250 0.067500 0.067500
0 0.671250 0.511250 0.067500 0.067500
2 0.783750 0.538750 0.067500 0.067500
4 0.841250 0.553750 0.067500 0.067500
0 0.096250 0.428750 0.067500 0.067500
2 0.263750 0.471250 0.067500 0.067500
0 0.376250 0.498750 0.067500 0.067500
4 0.488750 0.526250 0.067500 0.067500
2 0.546250 0.538750 0.067500 0.067500
0 0.601250 0.553750 0.067500 0.067500
4 0.713750 0.581250 0.067500 0.067500
4 0.883750 0.623750 0.067500 0.067500
4 0.081250 0.486250 0.067500 0.067500
4 0.138750 0.498750 0.067500 0.067500
1 0.193750 0.513750 0.067500 0.067500
2 0.251250 0.526250 0.067500 0.067500
0 0.306250 0.541250 0.067500 0.067500
1 0.643750 0.623750 0.067500 0.067500
1 0.701250 0.638750 0.067500 0.067500
4 0.756250 0.651250 0.067500 0.067500
4 0.813750 0.666250 0.067500 0.067500
3 0.868750 0.678750 0.067500 0.067500
