2 0.097500 0.390000 0.095000 0.095000
1 0.252500 0.350000 0.095000 0.095000
1 0.567500 0.272500 0.095000 0.095000
3 0.645000 0.255000 0.095000 0.095000
3 0.115000 0.467500 0.095000 0.095000
1 0.272500 0.430000 0.095000 0.095000
4 0.430000 0.390000 0.095000 0.095000
0 0.507500 0.370000 0.095000 0.095000
4 0.585000 0.352500 0.095000 0.095000
1 0.742500 0.312500 0.095000 0.095000
4 0.820000 0.295000 0.095000 0.095000
0 0.292500 0.507500 0.095000 0.095000
2 0.527500 0.450000 0.095000 0.095000
0 0.840000 0.372500 0.095000 0.095000
1 0.310000 0.585000 0.095000 0.095000
2 0.390000 0.567500 0.095000 0.095000
1 0.625000 0.507500 0.095000 0.095000
2 0.702500 0.490000 0.095000 0.095000
4 0.172500 0.702500 0.095000 0.095000
1 0.252500 0.682500 0.095000 0.095000
4 0.330000 0.665000 0.095000 0.095000
4 0.407500 0.645000 0.095000 0.095000
1 0.487500 0.625000 0.095000 0.095000
4 0.565000 0.605000 0.095000 0.095000
4 0.192500 0.780000 0.095000 0.095000
1 0.270000 0.762500 0.095000 0.095000
4 0.350000 0.742500 0.095000 0.095000
2 0.427500 0.722500 0.095000 0.095000
3 0.505000 0.702500 0.095000 0.095000
4 0.740000 0.645000 0.095000 0.095000
1 0.897500 0.607500 0.095000 0.095000
