2 0.245000 0.265000 0.085000 0.085000
1 0.377500 0.310000 0.085000 0.085000
3 0.507500 0.355000 0.085000 0.085000
1 0.575000 0.377500 0.085000 0.085000
1 0.705000 0.420000 0.085000 0.085000
1 0.837500 0.465000 0.085000 0.085000
1 0.902500 0.487500 0.085000 0.085000
1 0.420000 0.397500 0.085000 0.085000
2 0.682500 0.487500 0.085000 0.085000
1 0.880000 0.552500 0.085000 0.085000
1 0.332500 0.442500 0.085000 0.085000
3 0.595000 0.530000 0.085000 0.085000
1 0.727500 0.575000 0.085000 0.085000
0 0.792500 0.597500 0.085000 0.085000
2 0.180000 0.462500 0.085000 0.085000
2 0.310000 0.507500 0.085000 0.085000
4 0.375000 0.530000 0.085000 0.085000
4 0.507500 0.572500 0.085000 0.085000
1 0.572500 0.595000 0.085000 0.085000
2 0.705000 0.640000 0.085000 0.085000
1 0.770000 0.662500 0.085000 0.085000
0 0.157500 0.527500 0.085000 0.085000
1 0.222500 0.550000 0.085000 0.085000
2 0.355000 0.595000 0.085000 0.085000
0 0.420000 0.617500 0.085000 0.085000
4 0.550000 0.662500 0.085000 0.085000
1 0.747500 0.727500 0.085000 0.085000
