4 0.271250 0.281250 0.087500 0.087500
4 0.358750 0.278750 0.087500 0.087500
4 0.536250 0.273750 0.087500 0.087500
4 0.626250 0.271250 0.087500 0.087500
0 0.713750 0.268750 0.087500 0.087500
4 0.891250 0.266250 0.087500 0.087500
4 0.096250 0.373750 0.087500 0.087500
4 0.361250 0.366250 0.087500 0.087500
4 0.451250 0.363750 0.087500 0.087500
0 0.626250 0.361250 0.087500 0.087500
1 0.276250 0.458750 0.087500 0.087500
1 0.451250 0.453750 0.087500 0.087500
3 0.806250 0.443750 0.087500 0.087500
1 0.896250 0.443750 0.087500 0.087500
2 0.188750 0.548750 0.087500 0.087500
1 0.276250 0.546250 0.087500 0.087500
4 0.366250 0.543750 0.087500 0.087500
1 0.453750 0.541250 0.087500 0.087500
4 0.543750 0.538750 0.087500 0.087500
1 0.721250 0.536250 0.087500 0.087500
2 0.101250 0.638750 0.087500 0.087500
4 0.368750 0.633750 0.087500 0.087500
3 0.456250 0.631250 0.087500 0.087500
1 0.633750 0.626250 0.087500 0.087500
1 0.898750 0.618750 0.087500 0.087500
2 0.371250 0.721250 0.087500 0.087500
1 0.548750 0.716250 0.087500 0.087500
0 0.723750 0.713750 0.087500 0.087500
2 0.813750 0.711250 0.087500 0.087500
2 0.901250 0.708750 0.087500 0.087500
