0 0.102500 0.327500 0.075000 0.075000
4 0.322500 0.340000 0.075000 0.075000
3 0.397500 0.345000 0.075000 0.075000
4 0.615000 0.357500 0.075000 0.075000
4 0.835000 0.367500 0.075000 0.075000
2 0.910000 0.372500 0.075000 0.075000
2 0.320000 0.412500 0.075000 0.075000
1 0.540000 0.425000 0.075000 0.075000
4 0.612500 0.430000 0.075000 0.075000
2 0.685000 0.435000 0.075000 0.075000
4 0.167500 0.480000 0.075000 0.075000
4 0.315000 0.487500 0.075000 0.075000
2 0.535000 0.500000 0.075000 0.075000
1 0.607500 0.502500 0.075000 0.075000
3 0.682500 0.507500 0.075000 0.075000
4 0.827500 0.515000 0.075000 0.075000
3 0.900000 0.520000 0.075000 0.075000
1 0.092500 0.547500 0.075000 0.075000
1 0.165000 0.552500 0.075000 0.075000
4 0.530000 0.572500 0.075000 0.075000
1 0.897500 0.592500 0.075000 0.075000
4 0.235000 0.630000 0.075000 0.075000
4 0.307500 0.632500 0.075000 0.075000
1 0.600000 0.650000 0.075000 0.075000
1 0.820000 0.662500 0.075000 0.075000
2 0.892500 0.665000 0.075000 0.075000
