1 0.155000 0.260000 0.075000 0.075000
4 0.207500 0.282500 0.075000 0.075000
1 0.370000 0.350000 0.075000 0.075000
3 0.425000 0.372500 0.075000 0.075000
4 0.532500 0.417500 0.075000 0.075000
1 0.747500 0.505000 0.075000 0.075000
4 0.802500 0.527500 0.075000 0.075000
3 0.855000 0.550000 0.075000 0.075000
1 0.910000 0.572500 0.075000 0.075000
4 0.240000 0.360000 0.075000 0.075000
2 0.725000 0.560000 0.075000 0.075000
3 0.780000 0.582500 0.075000 0.075000
4 0.835000 0.605000 0.075000 0.075000
4 0.162500 0.390000 0.075000 0.075000
1 0.432500 0.502500 0.075000 0.075000
4 0.595000 0.570000 0.075000 0.075000
1 0.650000 0.592500 0.075000 0.075000
1 0.865000 0.680000 0.075000 0.075000
2 0.302500 0.512500 0.075000 0.075000
0 0.357500 0.535000 0.075000 0.075000
0 0.412500 0.555000 0.075000 0.075000
3 0.465000 0.577500 0.075000 0.075000
1 0.572500 0.622500 0.075000 0.075000
3 0.627500 0.645000 0.075000 0.075000
4 0.842500 0.735000 0.075000 0.075000
