1 0.121250 0.308750 0.077500 0.077500
1 0.478750 0.351250 0.077500 0.077500
4 0.906250 0.403750 0.077500 0.077500
4 0.113750 0.378750 0.077500 0.077500
4 0.468750 0.423750 0.077500 0.077500
1 0.613750 0.438750 0.077500 0.077500
4 0.756250 0.456250 0.077500 0.077500
4 0.898750 0.473750 0.077500 0.077500
2 0.176250 0.458750 0.077500 0.077500
1 0.246250 0.468750 0.077500 0.077500
4 0.388750 0.486250 0.077500 0.077500
4 0.461250 0.493750 0.077500 0.077500
1 0.676250 0.518750 0.077500 0.077500
3 0.818750 0.536250 0.077500 0.077500
3 0.096250 0.521250 0.077500 0.077500
2 0.238750 0.538750 0.077500 0.077500
3 0.381250 0.556250 0.077500 0.077500
4 0.596250 0.581250 0.077500 0.077500
1 0.738750 0.598750 0.077500 0.077500
0 0.881250 0.616250 0.077500 0.077500
3 0.301250 0.618750 0.077500 0.077500
2 0.373750 0.628750 0.077500 0.077500
1 0.871250 0.688750 0.077500 0.077500
