4 0.131250 0.298750 0.077500 0.077500
1 0.201250 0.308750 0.077500 0.077500
4 0.413750 0.338750 0.077500 0.077500
0 0.693750 0.381250 0.077500 0.077500
1 0.766250 0.391250 0.077500 0.077500
0 0.836250 0.401250 0.077500 0.077500
2 0.261250 0.388750 0.077500 0.077500
0 0.401250 0.411250 0.077500 0.077500
2 0.543750 0.431250 0.077500 0.077500
0 0.756250 0.461250 0.077500 0.077500
3 0.896250 0.483750 0.077500 0.077500
1 0.108750 0.438750 0.077500 0.077500
4 0.181250 0.448750 0.077500 0.077500
2 0.391250 0.481250 0.077500 0.077500
1 0.461250 0.491250 0.077500 0.077500
1 0.533750 0.501250 0.077500 0.077500
4 0.603750 0.511250 0.077500 0.077500
3 0.743750 0.533750 0.077500 0.077500
1 0.886250 0.553750 0.077500 0.077500
1 0.168750 0.521250 0.077500 0.077500
2 0.311250 0.541250 0.077500 0.077500
1 0.381250 0.551250 0.077500 0.077500
2 0.451250 0.561250 0.077500 0.077500
4 0.593750 0.583750 0.077500 0.077500
1 0.803750 0.613750 0.077500 0.077500
1 0.088750 0.581250 0.077500 0.077500
0 0.228750 0.601250 0.077500 0.077500
4 0.371250 0.621250 0.077500 0.077500
1 0.441250 0.631250 0.077500 0.077500
3 0.511250 0.643750 0.077500 0.077500
2 0.866250 0.693750 0.077500 0.077500
