1 0.085000 0.395000 0.060000 0.060000
1 0.202500 0.397500 0.060000 0.060000
1 0.382500 0.405000 0.060000 0.060000
4 0.440000 0.405000 0.060000 0.060000
0 0.620000 0.412500 0.060000 0.060000
2 0.737500 0.415000 0.060000 0.060000
4 0.797500 0.417500 0.060000 0.060000
1 0.142500 0.455000 0.060000 0.060000
4 0.200000 0.457500 0.060000 0.060000
4 0.320000 0.462500 0.060000 0.060000
4 0.557500 0.470000 0.060000 0.060000
0 0.855000 0.480000 0.060000 0.060000
4 0.317500 0.520000 0.060000 0.060000
4 0.437500 0.525000 0.060000 0.060000
4 0.555000 0.530000 0.060000 0.060000
2 0.615000 0.530000 0.060000 0.060000
4 0.675000 0.532500 0.060000 0.060000
0 0.735000 0.535000 0.060000 0.060000
4 0.912500 0.540000 0.060000 0.060000
4 0.137500 0.575000 0.060000 0.060000
1 0.375000 0.582500 0.060000 0.060000
1 0.732500 0.595000 0.060000 0.060000
2 0.850000 0.597500 0.060000 0.060000
