2 0.080000 0.482500 0.065000 0.065000
2 0.137500 0.470000 0.065000 0.065000
4 0.367500 0.430000 0.065000 0.065000
4 0.425000 0.420000 0.065000 0.065000
1 0.482500 0.410000 0.065000 0.065000
2 0.597500 0.390000 0.065000 0.065000
0 0.652500 0.380000 0.065000 0.065000
2 0.710000 0.370000 0.065000 0.065000
4 0.882500 0.340000 0.065000 0.065000
1 0.090000 0.537500 0.065000 0.065000
4 0.205000 0.517500 0.065000 0.065000
2 0.320000 0.497500 0.065000 0.065000
4 0.435000 0.477500 0.065000 0.065000
0 0.550000 0.457500 0.065000 0.065000
4 0.720000 0.427500 0.065000 0.065000
4 0.157500 0.585000 0.065000 0.065000
4 0.330000 0.555000 0.065000 0.065000
1 0.445000 0.535000 0.065000 0.065000
4 0.672500 0.495000 0.065000 0.065000
4 0.902500 0.455000 0.065000 0.065000
4 0.110000 0.652500 0.065000 0.065000
2 0.167500 0.642500 0.065000 0.065000
4 0.512500 0.582500 0.065000 0.065000
0 0.740000 0.542500 0.065000 0.065000
