4 0.132500 0.302500 0.070000 0.070000
4 0.355000 0.367500 0.070000 0.070000
4 0.465000 0.400000 0.070000 0.070000
1 0.520000 0.415000 0.070000 0.070000
3 0.577500 0.430000 0.070000 0.070000
0 0.632500 0.447500 0.070000 0.070000
0 0.745000 0.477500 0.070000 0.070000
1 0.910000 0.527500 0.070000 0.070000
3 0.170000 0.375000 0.070000 0.070000
4 0.227500 0.390000 0.070000 0.070000
4 0.617500 0.502500 0.070000 0.070000
0 0.727500 0.535000 0.070000 0.070000
1 0.840000 0.565000 0.070000 0.070000
1 0.895000 0.582500 0.070000 0.070000
3 0.267500 0.462500 0.070000 0.070000
4 0.377500 0.495000 0.070000 0.070000
1 0.432500 0.510000 0.070000 0.070000
1 0.657500 0.575000 0.070000 0.070000
0 0.822500 0.622500 0.070000 0.070000
4 0.195000 0.502500 0.070000 0.070000
1 0.250000 0.517500 0.070000 0.070000
3 0.472500 0.582500 0.070000 0.070000
1 0.585000 0.615000 0.070000 0.070000
3 0.752500 0.662500 0.070000 0.070000
4 0.807500 0.677500 0.070000 0.070000
2 0.862500 0.692500 0.070000 0.070000
