1 0.236250 0.341250 0.067500 0.067500
1 0.348750 0.371250 0.067500 0.067500
4 0.406250 0.386250 0.067500 0.067500
0 0.518750 0.413750 0.067500 0.067500
0 0.631250 0.441250 0.067500 0.067500
4 0.686250 0.456250 0.067500 0.067500
2 0.111250 0.368750 0.067500 0.067500
0 0.448750 0.456250 0.067500 0.067500
0 0.503750 0.468750 0.067500 0.067500
4 0.558750 0.483750 0.067500 0.067500
1 0.671250 0.513750 0.067500 0.067500
4 0.728750 0.526250 0.067500 0.067500
4 0.783750 0.541250 0.067500 0.067500
1 0.896250 0.568750 0.067500 0.067500
4 0.096250 0.426250 0.067500 0.067500
1 0.153750 0.441250 0.067500 0.067500
4 0.208750 0.453750 0.067500 0.067500
2 0.263750 0.468750 0.067500 0.067500
4 0.433750 0.511250 0.067500 0.067500
2 0.488750 0.526250 0.067500 0.067500
0 0.771250 0.596250 0.067500 0.067500
4 0.138750 0.496250 0.067500 0.067500
1 0.193750 0.511250 0.067500 0.067500
2 0.251250 0.523750 0.067500 0.067500
0 0.531250 0.596250 0.067500 0.067500
4 0.811250 0.668750 0.067500 0.067500
