1 0.160000 0.242500 0.075000 0.075000
0 0.320000 0.317500 0.075000 0.075000
4 0.375000 0.342500 0.075000 0.075000
4 0.427500 0.367500 0.075000 0.075000
4 0.535000 0.417500 0.075000 0.075000
4 0.640000 0.467500 0.075000 0.075000
4 0.907500 0.592500 0.075000 0.075000
3 0.190000 0.322500 0.075000 0.075000
4 0.295000 0.372500 0.075000 0.075000
1 0.455000 0.445000 0.075000 0.075000
1 0.562500 0.495000 0.075000 0.075000
1 0.670000 0.545000 0.075000 0.075000
1 0.775000 0.595000 0.075000 0.075000
4 0.827500 0.620000 0.075000 0.075000
1 0.882500 0.645000 0.075000 0.075000
1 0.377500 0.475000 0.075000 0.075000
2 0.485000 0.525000 0.075000 0.075000
4 0.537500 0.550000 0.075000 0.075000
2 0.085000 0.402500 0.075000 0.075000
1 0.140000 0.427500 0.075000 0.075000
1 0.300000 0.502500 0.075000 0.075000
0 0.405000 0.552500 0.075000 0.075000
1 0.725000 0.702500 0.075000 0.075000
1 0.780000 0.727500 0.075000 0.075000
0 0.832500 0.752500 0.075000 0.075000
