1 0.197500 0.430000 0.060000 0.060000
3 0.255000 0.427500 0.060000 0.060000
4 0.315000 0.422500 0.060000 0.060000
0 0.432500 0.415000 0.060000 0.060000
4 0.610000 0.400000 0.060000 0.060000
4 0.727500 0.392500 0.060000 0.060000
2 0.902500 0.380000 0.060000 0.060000
4 0.085000 0.497500 0.060000 0.060000
4 0.202500 0.490000 0.060000 0.060000
2 0.260000 0.485000 0.060000 0.060000
0 0.320000 0.482500 0.060000 0.060000
1 0.377500 0.477500 0.060000 0.060000
1 0.437500 0.472500 0.060000 0.060000
4 0.495000 0.467500 0.060000 0.060000
0 0.612500 0.460000 0.060000 0.060000
4 0.790000 0.447500 0.060000 0.060000
1 0.847500 0.442500 0.060000 0.060000
2 0.907500 0.437500 0.060000 0.060000
2 0.087500 0.557500 0.060000 0.060000
1 0.382500 0.535000 0.060000 0.060000
1 0.795000 0.505000 0.060000 0.060000
1 0.092500 0.615000 0.060000 0.060000
1 0.152500 0.612500 0.060000 0.060000
0 0.270000 0.602500 0.060000 0.060000
4 0.327500 0.600000 0.060000 0.060000
4 0.505000 0.585000 0.060000 0.060000
3 0.622500 0.577500 0.060000 0.060000
4 0.740000 0.567500 0.060000 0.060000
4 0.915000 0.555000 0.060000 0.060000
