1 0.220000 0.200000 0.090000 0.090000
4 0.342500 0.262500 0.090000 0.090000
1 0.405000 0.295000 0.090000 0.090000
1 0.652500 0.420000 0.090000 0.090000
1 0.715000 0.450000 0.090000 0.090000
4 0.837500 0.512500 0.090000 0.090000
1 0.900000 0.545000 0.090000 0.090000
4 0.312500 0.325000 0.090000 0.090000
4 0.372500 0.357500 0.090000 0.090000
4 0.497500 0.420000 0.090000 0.090000
4 0.682500 0.512500 0.090000 0.090000
4 0.745000 0.545000 0.090000 0.090000
4 0.280000 0.387500 0.090000 0.090000
4 0.465000 0.480000 0.090000 0.090000
2 0.590000 0.542500 0.090000 0.090000
3 0.712500 0.605000 0.090000 0.090000
1 0.775000 0.637500 0.090000 0.090000
1 0.435000 0.542500 0.090000 0.090000
1 0.497500 0.575000 0.090000 0.090000
1 0.745000 0.700000 0.090000 0.090000
1 0.217500 0.510000 0.090000 0.090000
1 0.342500 0.572500 0.090000 0.090000
2 0.650000 0.730000 0.090000 0.090000
1 0.712500 0.760000 0.090000 0.090000
1 0.775000 0.792500 0.090000 0.090000
