1 0.350000 0.325000 0.080000 0.080000
2 0.557500 0.365000 0.080000 0.080000
1 0.697500 0.390000 0.080000 0.080000
2 0.905000 0.430000 0.080000 0.080000
1 0.197500 0.367500 0.080000 0.080000
3 0.337500 0.395000 0.080000 0.080000
2 0.405000 0.407500 0.080000 0.080000
1 0.545000 0.435000 0.080000 0.080000
0 0.822500 0.487500 0.080000 0.080000
0 0.892500 0.500000 0.080000 0.080000
2 0.115000 0.425000 0.080000 0.080000
1 0.185000 0.437500 0.080000 0.080000
4 0.322500 0.465000 0.080000 0.080000
2 0.392500 0.477500 0.080000 0.080000
1 0.532500 0.502500 0.080000 0.080000
1 0.600000 0.517500 0.080000 0.080000
0 0.740000 0.542500 0.080000 0.080000
1 0.810000 0.555000 0.080000 0.080000
3 0.172500 0.507500 0.080000 0.080000
2 0.240000 0.520000 0.080000 0.080000
3 0.517500 0.572500 0.080000 0.080000
4 0.587500 0.585000 0.080000 0.080000
4 0.657500 0.600000 0.080000 0.080000
1 0.090000 0.565000 0.080000 0.080000
1 0.367500 0.615000 0.080000 0.080000
2 0.435000 0.630000 0.080000 0.080000
4 0.645000 0.667500 0.080000 0.080000
