4 0.177500 0.215000 0.080000 0.080000
4 0.332500 0.302500 0.080000 0.080000
1 0.437500 0.360000 0.080000 0.080000
1 0.645000 0.477500 0.080000 0.080000
1 0.200000 0.295000 0.080000 0.080000
4 0.252500 0.325000 0.080000 0.080000
1 0.302500 0.355000 0.080000 0.080000
4 0.355000 0.382500 0.080000 0.080000
1 0.407500 0.412500 0.080000 0.080000
1 0.460000 0.442500 0.080000 0.080000
1 0.512500 0.472500 0.080000 0.080000
3 0.565000 0.500000 0.080000 0.080000
4 0.617500 0.530000 0.080000 0.080000
1 0.772500 0.617500 0.080000 0.080000
4 0.825000 0.647500 0.080000 0.080000
2 0.877500 0.675000 0.080000 0.080000
0 0.327500 0.435000 0.080000 0.080000
1 0.587500 0.582500 0.080000 0.080000
1 0.640000 0.610000 0.080000 0.080000
4 0.742500 0.670000 0.080000 0.080000
1 0.795000 0.700000 0.080000 0.080000
1 0.402500 0.547500 0.080000 0.080000
4 0.557500 0.635000 0.080000 0.080000
