4 0.223750 0.248750 0.077500 0.077500
0 0.328750 0.306250 0.077500 0.077500
4 0.381250 0.333750 0.077500 0.077500
4 0.486250 0.388750 0.077500 0.077500
4 0.643750 0.473750 0.077500 0.077500
0 0.696250 0.501250 0.077500 0.077500
2 0.748750 0.528750 0.077500 0.077500
4 0.906250 0.613750 0.077500 0.077500
3 0.196250 0.301250 0.077500 0.077500
0 0.248750 0.331250 0.077500 0.077500
4 0.353750 0.386250 0.077500 0.077500
4 0.458750 0.441250 0.077500 0.077500
2 0.563750 0.498750 0.077500 0.077500
2 0.773750 0.611250 0.077500 0.077500
4 0.116250 0.326250 0.077500 0.077500
1 0.221250 0.383750 0.077500 0.077500
4 0.273750 0.411250 0.077500 0.077500
4 0.378750 0.466250 0.077500 0.077500
0 0.431250 0.493750 0.077500 0.077500
4 0.483750 0.523750 0.077500 0.077500
1 0.588750 0.578750 0.077500 0.077500
1 0.641250 0.606250 0.077500 0.077500
3 0.796250 0.691250 0.077500 0.077500
0 0.848750 0.718750 0.077500 0.077500
2 0.086250 0.378750 0.077500 0.077500
4 0.138750 0.406250 0.077500 0.077500
1 0.558750 0.631250 0.077500 0.077500
1 0.611250 0.658750 0.077500 0.077500
1 0.663750 0.686250 0.077500 0.077500
1 0.716250 0.716250 0.077500 0.077500
