1 0.101250 0.491250 0.102500 0.102500
4 0.168750 0.453750 0.102500 0.102500
4 0.236250 0.418750 0.102500 0.102500
1 0.303750 0.381250 0.102500 0.102500
0 0.441250 0.308750 0.102500 0.102500
4 0.508750 0.273750 0.102500 0.102500
4 0.576250 0.236250 0.102500 0.102500
4 0.646250 0.201250 0.102500 0.102500
2 0.203750 0.521250 0.102500 0.102500
4 0.408750 0.413750 0.102500 0.102500
2 0.613750 0.303750 0.102500 0.102500
1 0.173750 0.626250 0.102500 0.102500
1 0.308750 0.553750 0.102500 0.102500
4 0.446250 0.481250 0.102500 0.102500
1 0.718750 0.336250 0.102500 0.102500
2 0.208750 0.693750 0.102500 0.102500
1 0.413750 0.586250 0.102500 0.102500
2 0.753750 0.403750 0.102500 0.102500
0 0.821250 0.368750 0.102500 0.102500
4 0.381250 0.691250 0.102500 0.102500
4 0.518750 0.618750 0.102500 0.102500
4 0.586250 0.581250 0.102500 0.102500
1 0.281250 0.831250 0.102500 0.102500
3 0.553750 0.686250 0.102500 0.102500
2 0.621250 0.648750 0.102500 0.102500
1 0.691250 0.613750 0.102500 0.102500
2 0.893750 0.503750 0.102500 0.102500
