1 0.140000 0.510000 0.070000 0.070000
1 0.195000 0.495000 0.070000 0.070000
1 0.307500 0.462500 0.070000 0.070000
1 0.530000 0.400000 0.070000 0.070000
0 0.640000 0.367500 0.070000 0.070000
2 0.697500 0.352500 0.070000 0.070000
1 0.752500 0.335000 0.070000 0.070000
1 0.807500 0.320000 0.070000 0.070000
1 0.100000 0.580000 0.070000 0.070000
3 0.267500 0.535000 0.070000 0.070000
4 0.377500 0.502500 0.070000 0.070000
4 0.657500 0.422500 0.070000 0.070000
0 0.115000 0.637500 0.070000 0.070000
1 0.282500 0.590000 0.070000 0.070000
4 0.395000 0.557500 0.070000 0.070000
1 0.450000 0.542500 0.070000 0.070000
1 0.560000 0.510000 0.070000 0.070000
1 0.785000 0.447500 0.070000 0.070000
1 0.895000 0.415000 0.070000 0.070000
0 0.130000 0.692500 0.070000 0.070000
1 0.187500 0.677500 0.070000 0.070000
1 0.242500 0.660000 0.070000 0.070000
4 0.465000 0.597500 0.070000 0.070000
4 0.520000 0.582500 0.070000 0.070000
4 0.577500 0.567500 0.070000 0.070000
3 0.632500 0.550000 0.070000 0.070000
1 0.745000 0.520000 0.070000 0.070000
