0 0.265000 0.302500 0.090000 0.090000
3 0.605000 0.272500 0.090000 0.090000
4 0.777500 0.257500 0.090000 0.090000
4 0.612500 0.357500 0.090000 0.090000
4 0.700000 0.350000 0.090000 0.090000
2 0.785000 0.345000 0.090000 0.090000
1 0.870000 0.337500 0.090000 0.090000
2 0.280000 0.475000 0.090000 0.090000
4 0.365000 0.467500 0.090000 0.090000
4 0.792500 0.430000 0.090000 0.090000
1 0.877500 0.422500 0.090000 0.090000
2 0.202500 0.567500 0.090000 0.090000
1 0.287500 0.560000 0.090000 0.090000
3 0.372500 0.552500 0.090000 0.090000
2 0.800000 0.515000 0.090000 0.090000
4 0.125000 0.660000 0.090000 0.090000
1 0.295000 0.645000 0.090000 0.090000
4 0.380000 0.637500 0.090000 0.090000
3 0.465000 0.630000 0.090000 0.090000
0 0.807500 0.600000 0.090000 0.090000
4 0.892500 0.592500 0.090000 0.090000
1 0.130000 0.745000 0.090000 0.090000
4 0.217500 0.737500 0.090000 0.090000
2 0.302500 0.730000 0.090000 0.090000
1 0.387500 0.722500 0.090000 0.090000
0 0.557500 0.707500 0.090000 0.090000
1 0.642500 0.700000 0.090000 0.090000
4 0.730000 0.692500 0.090000 0.090000
1 0.900000 0.677500 0.090000 0.090000
