2 0.141250 0.531250 0.072500 0.072500
1 0.196250 0.511250 0.072500 0.072500
3 0.251250 0.491250 0.072500 0.072500
4 0.468750 0.416250 0.072500 0.072500
0 0.578750 0.376250 0.072500 0.072500
4 0.633750 0.358750 0.072500 0.072500
4 0.688750 0.338750 0.072500 0.072500
1 0.106250 0.603750 0.072500 0.072500
0 0.213750 0.566250 0.072500 0.072500
0 0.268750 0.546250 0.072500 0.072500
0 0.433750 0.488750 0.072500 0.072500
3 0.488750 0.468750 0.072500 0.072500
4 0.543750 0.451250 0.072500 0.072500
1 0.763750 0.373750 0.072500 0.072500
4 0.873750 0.336250 0.072500 0.072500
2 0.453750 0.543750 0.072500 0.072500
1 0.563750 0.506250 0.072500 0.072500
4 0.726250 0.448750 0.072500 0.072500
2 0.891250 0.391250 0.072500 0.072500
2 0.143750 0.713750 0.072500 0.072500
3 0.198750 0.693750 0.072500 0.072500
4 0.253750 0.676250 0.072500 0.072500
1 0.308750 0.656250 0.072500 0.072500
4 0.418750 0.618750 0.072500 0.072500
1 0.581250 0.561250 0.072500 0.072500
2 0.691250 0.521250 0.072500 0.072500
4 0.746250 0.503750 0.072500 0.072500
1 0.911250 0.446250 0.072500 0.072500
