0 0.098750 0.436250 0.097500 0.097500
4 0.321250 0.353750 0.097500 0.097500
2 0.466250 0.301250 0.097500 0.097500
4 0.541250 0.273750 0.097500 0.097500
1 0.613750 0.246250 0.097500 0.097500
1 0.688750 0.218750 0.097500 0.097500
1 0.273750 0.453750 0.097500 0.097500
4 0.346250 0.428750 0.097500 0.097500
1 0.226250 0.556250 0.097500 0.097500
0 0.596250 0.421250 0.097500 0.097500
0 0.816250 0.338750 0.097500 0.097500
4 0.401250 0.576250 0.097500 0.097500
1 0.473750 0.548750 0.097500 0.097500
1 0.696250 0.466250 0.097500 0.097500
4 0.768750 0.441250 0.097500 0.097500
2 0.843750 0.413750 0.097500 0.097500
1 0.428750 0.648750 0.097500 0.097500
4 0.501250 0.621250 0.097500 0.097500
4 0.576250 0.596250 0.097500 0.097500
4 0.723750 0.541250 0.097500 0.097500
4 0.896250 0.561250 0.097500 0.097500
