4 0.305000 0.262500 0.090000 0.090000
2 0.560000 0.287500 0.090000 0.090000
4 0.645000 0.297500 0.090000 0.090000
3 0.127500 0.332500 0.090000 0.090000
1 0.212500 0.340000 0.090000 0.090000
1 0.382500 0.357500 0.090000 0.090000
1 0.722500 0.390000 0.090000 0.090000
4 0.205000 0.425000 0.090000 0.090000
4 0.457500 0.450000 0.090000 0.090000
4 0.542500 0.457500 0.090000 0.090000
2 0.627500 0.467500 0.090000 0.090000
4 0.797500 0.482500 0.090000 0.090000
1 0.110000 0.502500 0.090000 0.090000
1 0.280000 0.517500 0.090000 0.090000
4 0.790000 0.567500 0.090000 0.090000
1 0.272500 0.602500 0.090000 0.090000
0 0.442500 0.620000 0.090000 0.090000
0 0.527500 0.627500 0.090000 0.090000
1 0.612500 0.637500 0.090000 0.090000
4 0.697500 0.645000 0.090000 0.090000
3 0.095000 0.670000 0.090000 0.090000
2 0.180000 0.680000 0.090000 0.090000
4 0.262500 0.687500 0.090000 0.090000
1 0.347500 0.697500 0.090000 0.090000
1 0.432500 0.705000 0.090000 0.090000
1 0.602500 0.722500 0.090000 0.090000
2 0.772500 0.737500 0.090000 0.090000
