1 0.348750 0.258750 0.092500 0.092500
2 0.656250 0.423750 0.092500 0.092500
4 0.776250 0.491250 0.092500 0.092500
3 0.838750 0.523750 0.092500 0.092500
4 0.898750 0.556250 0.092500 0.092500
0 0.316250 0.321250 0.092500 0.092500
1 0.561250 0.453750 0.092500 0.092500
1 0.621250 0.486250 0.092500 0.092500
1 0.683750 0.518750 0.092500 0.092500
4 0.806250 0.586250 0.092500 0.092500
1 0.866250 0.618750 0.092500 0.092500
4 0.406250 0.448750 0.092500 0.092500
0 0.466250 0.481250 0.092500 0.092500
1 0.651250 0.581250 0.092500 0.092500
1 0.188750 0.408750 0.092500 0.092500
3 0.251250 0.443750 0.092500 0.092500
4 0.433750 0.541250 0.092500 0.092500
1 0.493750 0.576250 0.092500 0.092500
4 0.616250 0.641250 0.092500 0.092500
1 0.678750 0.673750 0.092500 0.092500
2 0.738750 0.706250 0.092500 0.092500
4 0.216250 0.503750 0.092500 0.092500
3 0.461250 0.636250 0.092500 0.092500
1 0.523750 0.668750 0.092500 0.092500
4 0.583750 0.701250 0.092500 0.092500
