1 0.461250 0.401250 0.067500 0.067500
3 0.573750 0.423750 0.067500 0.067500
4 0.743750 0.461250 0.067500 0.067500
4 0.108750 0.383750 0.067500 0.067500
4 0.221250 0.408750 0.067500 0.067500
1 0.731250 0.516250 0.067500 0.067500
0 0.788750 0.528750 0.067500 0.067500
4 0.846250 0.541250 0.067500 0.067500
4 0.901250 0.553750 0.067500 0.067500
4 0.151250 0.453750 0.067500 0.067500
1 0.208750 0.466250 0.067500 0.067500
4 0.321250 0.488750 0.067500 0.067500
4 0.378750 0.501250 0.067500 0.067500
1 0.548750 0.538750 0.067500 0.067500
4 0.718750 0.573750 0.067500 0.067500
1 0.776250 0.586250 0.067500 0.067500
4 0.833750 0.598750 0.067500 0.067500
1 0.253750 0.533750 0.067500 0.067500
1 0.366250 0.558750 0.067500 0.067500
3 0.651250 0.618750 0.067500 0.067500
3 0.763750 0.643750 0.067500 0.067500
1 0.821250 0.653750 0.067500 0.067500
4 0.878750 0.666250 0.067500 0.067500
