0 0.121250 0.308750 0.077500 0.077500
1 0.263750 0.326250 0.077500 0.077500
4 0.113750 0.378750 0.077500 0.077500
4 0.183750 0.388750 0.077500 0.077500
2 0.256250 0.396250 0.077500 0.077500
1 0.326250 0.406250 0.077500 0.077500
2 0.468750 0.423750 0.077500 0.077500
1 0.683750 0.448750 0.077500 0.077500
1 0.826250 0.466250 0.077500 0.077500
4 0.388750 0.486250 0.077500 0.077500
1 0.676250 0.518750 0.077500 0.077500
4 0.818750 0.536250 0.077500 0.077500
4 0.888750 0.546250 0.077500 0.077500
1 0.096250 0.521250 0.077500 0.077500
2 0.238750 0.538750 0.077500 0.077500
0 0.158750 0.601250 0.077500 0.077500
4 0.231250 0.611250 0.077500 0.077500
0 0.586250 0.653750 0.077500 0.077500
4 0.658750 0.661250 0.077500 0.077500
1 0.871250 0.688750 0.077500 0.077500
