1 0.311250 0.448750 0.067500 0.067500
3 0.593750 0.388750 0.067500 0.067500
1 0.651250 0.376250 0.067500 0.067500
1 0.763750 0.351250 0.067500 0.067500
1 0.878750 0.328750 0.067500 0.067500
1 0.151250 0.541250 0.067500 0.067500
0 0.266250 0.516250 0.067500 0.067500
4 0.493750 0.468750 0.067500 0.067500
2 0.606250 0.443750 0.067500 0.067500
1 0.663750 0.433750 0.067500 0.067500
1 0.888750 0.383750 0.067500 0.067500
0 0.391250 0.548750 0.067500 0.067500
1 0.561250 0.513750 0.067500 0.067500
2 0.618750 0.501250 0.067500 0.067500
1 0.673750 0.488750 0.067500 0.067500
4 0.731250 0.476250 0.067500 0.067500
4 0.118750 0.666250 0.067500 0.067500
1 0.743750 0.533750 0.067500 0.067500
1 0.856250 0.508750 0.067500 0.067500
0 0.913750 0.498750 0.067500 0.067500
