3 0.506250 0.286250 0.092500 0.092500
0 0.668750 0.258750 0.092500 0.092500
4 0.751250 0.246250 0.092500 0.092500
4 0.191250 0.421250 0.092500 0.092500
1 0.273750 0.406250 0.092500 0.092500
2 0.436250 0.381250 0.092500 0.092500
4 0.763750 0.328750 0.092500 0.092500
4 0.846250 0.313750 0.092500 0.092500
0 0.123750 0.516250 0.092500 0.092500
4 0.451250 0.463750 0.092500 0.092500
4 0.613750 0.436250 0.092500 0.092500
4 0.218750 0.583750 0.092500 0.092500
4 0.301250 0.571250 0.092500 0.092500
4 0.546250 0.531250 0.092500 0.092500
1 0.708750 0.503750 0.092500 0.092500
4 0.791250 0.491250 0.092500 0.092500
2 0.476250 0.626250 0.092500 0.092500
2 0.723750 0.586250 0.092500 0.092500
4 0.803750 0.573750 0.092500 0.092500
1 0.886250 0.561250 0.092500 0.092500
2 0.163750 0.761250 0.092500 0.092500
4 0.326250 0.733750 0.092500 0.092500
4 0.571250 0.696250 0.092500 0.092500
1 0.653750 0.681250 0.092500 0.092500
3 0.898750 0.641250 0.092500 0.092500
