4 0.587500 0.387500 0.090000 0.090000
1 0.712500 0.445000 0.090000 0.090000
2 0.777500 0.472500 0.090000 0.090000
4 0.840000 0.502500 0.090000 0.090000
3 0.370000 0.365000 0.090000 0.090000
4 0.495000 0.422500 0.090000 0.090000
1 0.685000 0.507500 0.090000 0.090000
4 0.747500 0.535000 0.090000 0.090000
4 0.810000 0.565000 0.090000 0.090000
0 0.152500 0.340000 0.090000 0.090000
1 0.277500 0.397500 0.090000 0.090000
1 0.655000 0.570000 0.090000 0.090000
2 0.782500 0.627500 0.090000 0.090000
1 0.312500 0.490000 0.090000 0.090000
4 0.565000 0.605000 0.090000 0.090000
4 0.690000 0.662500 0.090000 0.090000
3 0.752500 0.690000 0.090000 0.090000
1 0.815000 0.720000 0.090000 0.090000
3 0.157500 0.495000 0.090000 0.090000
3 0.285000 0.552500 0.090000 0.090000
1 0.472500 0.640000 0.090000 0.090000
1 0.535000 0.667500 0.090000 0.090000
3 0.787500 0.782500 0.090000 0.090000
