0 0.233750 0.276250 0.082500 0.082500
4 0.436250 0.333750 0.082500 0.082500
4 0.148750 0.326250 0.082500 0.082500
1 0.216250 0.343750 0.082500 0.082500
0 0.281250 0.363750 0.082500 0.082500
1 0.348750 0.381250 0.082500 0.082500
0 0.551250 0.438750 0.082500 0.082500
1 0.886250 0.533750 0.082500 0.082500
1 0.128750 0.391250 0.082500 0.082500
1 0.263750 0.431250 0.082500 0.082500
2 0.331250 0.448750 0.082500 0.082500
2 0.598750 0.523750 0.082500 0.082500
1 0.731250 0.563750 0.082500 0.082500
0 0.111250 0.458750 0.082500 0.082500
2 0.311250 0.516250 0.082500 0.082500
1 0.446250 0.553750 0.082500 0.082500
1 0.511250 0.573750 0.082500 0.082500
4 0.091250 0.526250 0.082500 0.082500
1 0.226250 0.563750 0.082500 0.082500
2 0.291250 0.583750 0.082500 0.082500
4 0.426250 0.621250 0.082500 0.082500
4 0.493750 0.638750 0.082500 0.082500
1 0.626250 0.678750 0.082500 0.082500
4 0.828750 0.733750 0.082500 0.082500
