4 0.201250 0.223750 0.087500 0.087500
0 0.263750 0.251250 0.087500 0.087500
2 0.391250 0.303750 0.087500 0.087500
4 0.456250 0.331250 0.087500 0.087500
1 0.518750 0.356250 0.087500 0.087500
3 0.646250 0.411250 0.087500 0.087500
2 0.838750 0.491250 0.087500 0.087500
0 0.173750 0.288750 0.087500 0.087500
1 0.238750 0.313750 0.087500 0.087500
4 0.556250 0.448750 0.087500 0.087500
4 0.748750 0.526250 0.087500 0.087500
2 0.876250 0.581250 0.087500 0.087500
1 0.146250 0.351250 0.087500 0.087500
1 0.528750 0.511250 0.087500 0.087500
1 0.593750 0.538750 0.087500 0.087500
2 0.658750 0.563750 0.087500 0.087500
1 0.786250 0.618750 0.087500 0.087500
4 0.121250 0.416250 0.087500 0.087500
1 0.311250 0.496250 0.087500 0.087500
2 0.503750 0.576250 0.087500 0.087500
2 0.758750 0.681250 0.087500 0.087500
0 0.093750 0.478750 0.087500 0.087500
4 0.158750 0.506250 0.087500 0.087500
2 0.286250 0.558750 0.087500 0.087500
3 0.348750 0.586250 0.087500 0.087500
4 0.476250 0.638750 0.087500 0.087500
2 0.668750 0.718750 0.087500 0.087500
