3 0.433750 0.368750 0.082500 0.082500
3 0.501250 0.353750 0.082500 0.082500
3 0.568750 0.338750 0.082500 0.082500
1 0.706250 0.306250 0.082500 0.082500
4 0.106250 0.516250 0.082500 0.082500
2 0.381250 0.453750 0.082500 0.082500
2 0.516250 0.421250 0.082500 0.082500
1 0.586250 0.406250 0.082500 0.082500
2 0.721250 0.373750 0.082500 0.082500
1 0.858750 0.343750 0.082500 0.082500
3 0.463750 0.506250 0.082500 0.082500
4 0.533750 0.491250 0.082500 0.082500
4 0.806250 0.426250 0.082500 0.082500
4 0.873750 0.411250 0.082500 0.082500
1 0.138750 0.653750 0.082500 0.082500
1 0.206250 0.638750 0.082500 0.082500
1 0.276250 0.621250 0.082500 0.082500
3 0.343750 0.606250 0.082500 0.082500
2 0.481250 0.573750 0.082500 0.082500
2 0.821250 0.496250 0.082500 0.082500
4 0.891250 0.478750 0.082500 0.082500
1 0.291250 0.691250 0.082500 0.082500
4 0.358750 0.673750 0.082500 0.082500
1 0.428750 0.658750 0.082500 0.082500
0 0.633750 0.611250 0.082500 0.082500
4 0.838750 0.563750 0.082500 0.082500
