2 0.451250 0.273750 0.087500 0.087500
1 0.541250 0.273750 0.087500 0.087500
4 0.631250 0.271250 0.087500 0.087500
0 0.811250 0.271250 0.087500 0.087500
2 0.183750 0.363750 0.087500 0.087500
1 0.271250 0.363750 0.087500 0.087500
4 0.451250 0.363750 0.087500 0.087500
4 0.541250 0.361250 0.087500 0.087500
2 0.721250 0.361250 0.087500 0.087500
4 0.901250 0.361250 0.087500 0.087500
0 0.183750 0.453750 0.087500 0.087500
1 0.361250 0.451250 0.087500 0.087500
2 0.451250 0.451250 0.087500 0.087500
1 0.541250 0.451250 0.087500 0.087500
0 0.631250 0.451250 0.087500 0.087500
4 0.721250 0.451250 0.087500 0.087500
4 0.093750 0.543750 0.087500 0.087500
4 0.273750 0.541250 0.087500 0.087500
0 0.363750 0.541250 0.087500 0.087500
2 0.451250 0.541250 0.087500 0.087500
0 0.541250 0.541250 0.087500 0.087500
4 0.631250 0.541250 0.087500 0.087500
1 0.721250 0.541250 0.087500 0.087500
1 0.901250 0.541250 0.087500 0.087500
4 0.093750 0.633750 0.087500 0.087500
1 0.631250 0.631250 0.087500 0.087500
0 0.811250 0.631250 0.087500 0.087500
0 0.093750 0.721250 0.087500 0.087500
4 0.183750 0.721250 0.087500 0.087500
1 0.273750 0.721250 0.087500 0.087500
0 0.363750 0.721250 0.087500 0.087500
4 0.453750 0.721250 0.087500 0.087500
1 0.631250 0.721250 0.087500 0.087500
0 0.811250 0.721250 0.087500 0.087500
