1 0.336250 0.323750 0.092500 0.092500
1 0.576250 0.273750 0.092500 0.092500
1 0.736250 0.238750 0.092500 0.092500
4 0.113750 0.453750 0.092500 0.092500
2 0.193750 0.436250 0.092500 0.092500
4 0.433750 0.386250 0.092500 0.092500
0 0.511250 0.368750 0.092500 0.092500
1 0.671250 0.336250 0.092500 0.092500
2 0.128750 0.533750 0.092500 0.092500
1 0.208750 0.516250 0.092500 0.092500
2 0.528750 0.448750 0.092500 0.092500
4 0.608750 0.433750 0.092500 0.092500
4 0.688750 0.416250 0.092500 0.092500
4 0.768750 0.398750 0.092500 0.092500
1 0.146250 0.611250 0.092500 0.092500
2 0.306250 0.578750 0.092500 0.092500
3 0.466250 0.546250 0.092500 0.092500
1 0.546250 0.528750 0.092500 0.092500
4 0.626250 0.511250 0.092500 0.092500
4 0.786250 0.478750 0.092500 0.092500
4 0.483750 0.626250 0.092500 0.092500
1 0.641250 0.591250 0.092500 0.092500
1 0.721250 0.576250 0.092500 0.092500
4 0.881250 0.541250 0.092500 0.092500
3 0.178750 0.771250 0.092500 0.092500
2 0.418750 0.721250 0.092500 0.092500
1 0.498750 0.706250 0.092500 0.092500
1 0.658750 0.671250 0.092500 0.092500
4 0.738750 0.656250 0.092500 0.092500
1 0.818750 0.638750 0.092500 0.092500
0 0.898750 0.621250 0.092500 0.092500
