2 0.221250 0.458750 0.087500 0.087500
1 0.286250 0.433750 0.087500 0.087500
1 0.736250 0.256250 0.087500 0.087500
1 0.311250 0.498750 0.087500 0.087500
1 0.568750 0.396250 0.087500 0.087500
3 0.338750 0.561250 0.087500 0.087500
1 0.531250 0.486250 0.087500 0.087500
1 0.593750 0.461250 0.087500 0.087500
2 0.851250 0.358750 0.087500 0.087500
4 0.491250 0.576250 0.087500 0.087500
3 0.621250 0.523750 0.087500 0.087500
1 0.258750 0.741250 0.087500 0.087500
4 0.323750 0.716250 0.087500 0.087500
4 0.581250 0.613750 0.087500 0.087500
2 0.711250 0.563750 0.087500 0.087500
4 0.773750 0.538750 0.087500 0.087500
2 0.903750 0.486250 0.087500 0.087500
