4 0.093750 0.503750 0.087500 0.087500
4 0.158750 0.478750 0.087500 0.087500
2 0.223750 0.456250 0.087500 0.087500
4 0.351250 0.406250 0.087500 0.087500
4 0.416250 0.381250 0.087500 0.087500
2 0.546250 0.331250 0.087500 0.087500
4 0.611250 0.308750 0.087500 0.087500
4 0.676250 0.283750 0.087500 0.087500
1 0.741250 0.258750 0.087500 0.087500
0 0.806250 0.233750 0.087500 0.087500
2 0.248750 0.521250 0.087500 0.087500
3 0.311250 0.496250 0.087500 0.087500
0 0.506250 0.421250 0.087500 0.087500
1 0.701250 0.348750 0.087500 0.087500
1 0.336250 0.561250 0.087500 0.087500
2 0.596250 0.461250 0.087500 0.087500
4 0.661250 0.436250 0.087500 0.087500
4 0.853750 0.363750 0.087500 0.087500
1 0.231250 0.673750 0.087500 0.087500
0 0.296250 0.648750 0.087500 0.087500
4 0.491250 0.576250 0.087500 0.087500
4 0.556250 0.551250 0.087500 0.087500
1 0.621250 0.526250 0.087500 0.087500
1 0.748750 0.476250 0.087500 0.087500
4 0.386250 0.688750 0.087500 0.087500
4 0.581250 0.616250 0.087500 0.087500
1 0.708750 0.566250 0.087500 0.087500
4 0.838750 0.516250 0.087500 0.087500
3 0.903750 0.493750 0.087500 0.087500
