0 0.081250 0.451250 0.062500 0.062500
1 0.198750 0.441250 0.062500 0.062500
1 0.606250 0.398750 0.062500 0.062500
1 0.723750 0.386250 0.062500 0.062500
0 0.086250 0.511250 0.062500 0.062500
3 0.146250 0.503750 0.062500 0.062500
0 0.261250 0.493750 0.062500 0.062500
4 0.321250 0.486250 0.062500 0.062500
0 0.378750 0.481250 0.062500 0.062500
0 0.436250 0.476250 0.062500 0.062500
4 0.611250 0.456250 0.062500 0.062500
2 0.728750 0.446250 0.062500 0.062500
4 0.326250 0.546250 0.062500 0.062500
4 0.558750 0.521250 0.062500 0.062500
1 0.618750 0.516250 0.062500 0.062500
4 0.733750 0.503750 0.062500 0.062500
4 0.793750 0.498750 0.062500 0.062500
1 0.851250 0.491250 0.062500 0.062500
3 0.908750 0.486250 0.062500 0.062500
4 0.273750 0.608750 0.062500 0.062500
4 0.623750 0.573750 0.062500 0.062500
1 0.798750 0.556250 0.062500 0.062500
1 0.856250 0.551250 0.062500 0.062500
4 0.916250 0.543750 0.062500 0.062500
