4 0.226250 0.286250 0.082500 0.082500
1 0.431250 0.336250 0.082500 0.082500
4 0.498750 0.353750 0.082500 0.082500
4 0.633750 0.388750 0.082500 0.082500
1 0.906250 0.456250 0.082500 0.082500
4 0.141250 0.338750 0.082500 0.082500
4 0.208750 0.353750 0.082500 0.082500
1 0.276250 0.371250 0.082500 0.082500
4 0.616250 0.456250 0.082500 0.082500
2 0.888750 0.523750 0.082500 0.082500
1 0.123750 0.406250 0.082500 0.082500
3 0.193750 0.421250 0.082500 0.082500
1 0.396250 0.473750 0.082500 0.082500
4 0.531250 0.506250 0.082500 0.082500
1 0.668750 0.541250 0.082500 0.082500
4 0.803750 0.573750 0.082500 0.082500
1 0.108750 0.473750 0.082500 0.082500
3 0.651250 0.608750 0.082500 0.082500
4 0.293750 0.591250 0.082500 0.082500
1 0.363750 0.608750 0.082500 0.082500
3 0.633750 0.676250 0.082500 0.082500
2 0.838750 0.726250 0.082500 0.082500
