3 0.540000 0.305000 0.100000 0.100000
1 0.612500 0.337500 0.100000 0.100000
1 0.825000 0.430000 0.100000 0.100000
4 0.295000 0.282500 0.100000 0.100000
1 0.580000 0.407500 0.100000 0.100000
2 0.650000 0.440000 0.100000 0.100000
0 0.722500 0.470000 0.100000 0.100000
4 0.792500 0.502500 0.100000 0.100000
4 0.865000 0.532500 0.100000 0.100000
1 0.192500 0.320000 0.100000 0.100000
4 0.477500 0.447500 0.100000 0.100000
2 0.690000 0.542500 0.100000 0.100000
4 0.832500 0.605000 0.100000 0.100000
1 0.162500 0.392500 0.100000 0.100000
2 0.305000 0.455000 0.100000 0.100000
4 0.660000 0.612500 0.100000 0.100000
4 0.800000 0.675000 0.100000 0.100000
3 0.272500 0.525000 0.100000 0.100000
1 0.342500 0.557500 0.100000 0.100000
3 0.415000 0.590000 0.100000 0.100000
4 0.485000 0.620000 0.100000 0.100000
3 0.697500 0.715000 0.100000 0.100000
0 0.770000 0.747500 0.100000 0.100000
1 0.240000 0.597500 0.100000 0.100000
0 0.382500 0.660000 0.100000 0.100000
