4 0.185000 0.240000 0.085000 0.085000
1 0.380000 0.310000 0.085000 0.085000
4 0.445000 0.332500 0.085000 0.085000
1 0.512500 0.355000 0.085000 0.085000
2 0.577500 0.380000 0.085000 0.085000
4 0.642500 0.402500 0.085000 0.085000
4 0.162500 0.305000 0.085000 0.085000
4 0.292500 0.352500 0.085000 0.085000
1 0.487500 0.420000 0.085000 0.085000
3 0.552500 0.445000 0.085000 0.085000
1 0.750000 0.512500 0.085000 0.085000
0 0.815000 0.537500 0.085000 0.085000
1 0.880000 0.560000 0.085000 0.085000
4 0.205000 0.392500 0.085000 0.085000
0 0.270000 0.417500 0.085000 0.085000
1 0.660000 0.555000 0.085000 0.085000
2 0.725000 0.577500 0.085000 0.085000
4 0.312500 0.505000 0.085000 0.085000
4 0.352500 0.592500 0.085000 0.085000
4 0.420000 0.617500 0.085000 0.085000
4 0.485000 0.640000 0.085000 0.085000
4 0.550000 0.662500 0.085000 0.085000
1 0.745000 0.732500 0.085000 0.085000
2 0.810000 0.755000 0.085000 0.085000
