1 0.097500 0.400000 0.095000 0.095000
4 0.175000 0.380000 0.095000 0.095000
0 0.252500 0.357500 0.095000 0.095000
1 0.482500 0.295000 0.095000 0.095000
4 0.560000 0.272500 0.095000 0.095000
3 0.195000 0.457500 0.095000 0.095000
4 0.350000 0.415000 0.095000 0.095000
1 0.505000 0.372500 0.095000 0.095000
2 0.582500 0.350000 0.095000 0.095000
4 0.660000 0.330000 0.095000 0.095000
4 0.812500 0.287500 0.095000 0.095000
4 0.140000 0.555000 0.095000 0.095000
1 0.295000 0.512500 0.095000 0.095000
4 0.372500 0.490000 0.095000 0.095000
4 0.525000 0.447500 0.095000 0.095000
4 0.602500 0.427500 0.095000 0.095000
2 0.757500 0.385000 0.095000 0.095000
4 0.625000 0.505000 0.095000 0.095000
1 0.182500 0.710000 0.095000 0.095000
4 0.415000 0.645000 0.095000 0.095000
2 0.490000 0.625000 0.095000 0.095000
4 0.722500 0.560000 0.095000 0.095000
0 0.800000 0.540000 0.095000 0.095000
4 0.877500 0.517500 0.095000 0.095000
3 0.435000 0.722500 0.095000 0.095000
0 0.512500 0.702500 0.095000 0.095000
1 0.667500 0.660000 0.095000 0.095000
2 0.745000 0.637500 0.095000 0.095000
