4 0.110000 0.322500 0.075000 0.075000
4 0.255000 0.332500 0.075000 0.075000
1 0.400000 0.345000 0.075000 0.075000
1 0.472500 0.350000 0.075000 0.075000
0 0.835000 0.377500 0.075000 0.075000
4 0.907500 0.382500 0.075000 0.075000
0 0.177500 0.400000 0.075000 0.075000
4 0.467500 0.422500 0.075000 0.075000
2 0.540000 0.427500 0.075000 0.075000
4 0.612500 0.432500 0.075000 0.075000
2 0.170000 0.472500 0.075000 0.075000
4 0.390000 0.490000 0.075000 0.075000
0 0.607500 0.505000 0.075000 0.075000
1 0.897500 0.527500 0.075000 0.075000
4 0.092500 0.540000 0.075000 0.075000
4 0.165000 0.545000 0.075000 0.075000
4 0.237500 0.552500 0.075000 0.075000
4 0.382500 0.562500 0.075000 0.075000
1 0.455000 0.567500 0.075000 0.075000
4 0.602500 0.577500 0.075000 0.075000
2 0.232500 0.625000 0.075000 0.075000
0 0.522500 0.645000 0.075000 0.075000
2 0.595000 0.652500 0.075000 0.075000
1 0.667500 0.657500 0.075000 0.075000
4 0.742500 0.662500 0.075000 0.075000
0 0.887500 0.672500 0.075000 0.075000
