2 0.323750 0.281250 0.087500 0.087500
0 0.451250 0.331250 0.087500 0.087500
3 0.646250 0.406250 0.087500 0.087500
1 0.708750 0.431250 0.087500 0.087500
4 0.838750 0.481250 0.087500 0.087500
4 0.168750 0.296250 0.087500 0.087500
2 0.233750 0.321250 0.087500 0.087500
4 0.298750 0.346250 0.087500 0.087500
4 0.361250 0.371250 0.087500 0.087500
4 0.491250 0.421250 0.087500 0.087500
1 0.143750 0.361250 0.087500 0.087500
4 0.208750 0.386250 0.087500 0.087500
1 0.273750 0.411250 0.087500 0.087500
2 0.853750 0.636250 0.087500 0.087500
2 0.118750 0.426250 0.087500 0.087500
1 0.183750 0.451250 0.087500 0.087500
4 0.248750 0.476250 0.087500 0.087500
4 0.506250 0.576250 0.087500 0.087500
2 0.633750 0.626250 0.087500 0.087500
2 0.351250 0.588750 0.087500 0.087500
4 0.481250 0.638750 0.087500 0.087500
4 0.543750 0.663750 0.087500 0.087500
4 0.673750 0.716250 0.087500 0.087500
0 0.738750 0.741250 0.087500 0.087500
