4 0.258750 0.308750 0.072500 0.072500
4 0.528750 0.416250 0.072500 0.072500
4 0.693750 0.478750 0.072500 0.072500
2 0.746250 0.501250 0.072500 0.072500
1 0.801250 0.521250 0.072500 0.072500
1 0.908750 0.563750 0.072500 0.072500
1 0.183750 0.341250 0.072500 0.072500
2 0.291250 0.383750 0.072500 0.072500
4 0.346250 0.406250 0.072500 0.072500
1 0.398750 0.426250 0.072500 0.072500
2 0.508750 0.468750 0.072500 0.072500
4 0.616250 0.511250 0.072500 0.072500
1 0.833750 0.596250 0.072500 0.072500
4 0.323750 0.458750 0.072500 0.072500
0 0.378750 0.481250 0.072500 0.072500
4 0.596250 0.566250 0.072500 0.072500
1 0.648750 0.588750 0.072500 0.072500
4 0.703750 0.608750 0.072500 0.072500
4 0.758750 0.631250 0.072500 0.072500
2 0.813750 0.651250 0.072500 0.072500
2 0.866250 0.673750 0.072500 0.072500
4 0.086250 0.428750 0.072500 0.072500
2 0.193750 0.471250 0.072500 0.072500
2 0.466250 0.578750 0.072500 0.072500
3 0.573750 0.621250 0.072500 0.072500
0 0.628750 0.641250 0.072500 0.072500
4 0.683750 0.663750 0.072500 0.072500
