0 0.215000 0.272500 0.075000 0.075000
1 0.267500 0.297500 0.075000 0.075000
4 0.375000 0.345000 0.075000 0.075000
3 0.427500 0.370000 0.075000 0.075000
1 0.480000 0.392500 0.075000 0.075000
0 0.535000 0.417500 0.075000 0.075000
4 0.587500 0.442500 0.075000 0.075000
1 0.642500 0.467500 0.075000 0.075000
2 0.907500 0.587500 0.075000 0.075000
1 0.457500 0.447500 0.075000 0.075000
4 0.510000 0.472500 0.075000 0.075000
0 0.562500 0.495000 0.075000 0.075000
2 0.617500 0.520000 0.075000 0.075000
4 0.725000 0.567500 0.075000 0.075000
2 0.830000 0.617500 0.075000 0.075000
4 0.885000 0.642500 0.075000 0.075000
0 0.112500 0.355000 0.075000 0.075000
1 0.165000 0.380000 0.075000 0.075000
1 0.272500 0.427500 0.075000 0.075000
4 0.540000 0.550000 0.075000 0.075000
1 0.592500 0.572500 0.075000 0.075000
0 0.195000 0.457500 0.075000 0.075000
2 0.247500 0.480000 0.075000 0.075000
1 0.355000 0.530000 0.075000 0.075000
1 0.407500 0.555000 0.075000 0.075000
1 0.515000 0.602500 0.075000 0.075000
4 0.567500 0.627500 0.075000 0.075000
