1 0.347500 0.255000 0.095000 0.095000
1 0.427500 0.272500 0.095000 0.095000
2 0.505000 0.292500 0.095000 0.095000
3 0.662500 0.330000 0.095000 0.095000
0 0.820000 0.370000 0.095000 0.095000
0 0.250000 0.315000 0.095000 0.095000
1 0.407500 0.352500 0.095000 0.095000
4 0.487500 0.370000 0.095000 0.095000
1 0.642500 0.410000 0.095000 0.095000
1 0.800000 0.447500 0.095000 0.095000
2 0.310000 0.412500 0.095000 0.095000
4 0.467500 0.450000 0.095000 0.095000
3 0.545000 0.467500 0.095000 0.095000
4 0.625000 0.487500 0.095000 0.095000
1 0.702500 0.507500 0.095000 0.095000
4 0.527500 0.547500 0.095000 0.095000
1 0.605000 0.565000 0.095000 0.095000
2 0.840000 0.622500 0.095000 0.095000
4 0.115000 0.530000 0.095000 0.095000
4 0.272500 0.567500 0.095000 0.095000
4 0.507500 0.625000 0.095000 0.095000
2 0.742500 0.682500 0.095000 0.095000
1 0.097500 0.607500 0.095000 0.095000
3 0.332500 0.665000 0.095000 0.095000
4 0.725000 0.760000 0.095000 0.095000
4 0.802500 0.780000 0.095000 0.095000
