1 0.110000 0.322500 0.075000 0.075000
3 0.182500 0.327500 0.075000 0.075000
4 0.400000 0.345000 0.075000 0.075000
4 0.177500 0.400000 0.075000 0.075000
1 0.322500 0.412500 0.075000 0.075000
4 0.467500 0.422500 0.075000 0.075000
1 0.540000 0.427500 0.075000 0.075000
0 0.607500 0.505000 0.075000 0.075000
4 0.825000 0.522500 0.075000 0.075000
4 0.897500 0.527500 0.075000 0.075000
0 0.092500 0.540000 0.075000 0.075000
2 0.165000 0.545000 0.075000 0.075000
1 0.310000 0.557500 0.075000 0.075000
1 0.382500 0.562500 0.075000 0.075000
3 0.527500 0.572500 0.075000 0.075000
4 0.675000 0.585000 0.075000 0.075000
4 0.820000 0.595000 0.075000 0.075000
1 0.892500 0.600000 0.075000 0.075000
1 0.087500 0.612500 0.075000 0.075000
1 0.160000 0.617500 0.075000 0.075000
1 0.377500 0.635000 0.075000 0.075000
3 0.450000 0.640000 0.075000 0.075000
4 0.522500 0.645000 0.075000 0.075000
1 0.595000 0.652500 0.075000 0.075000
2 0.887500 0.672500 0.075000 0.075000
