2 0.140000 0.482500 0.065000 0.065000
4 0.310000 0.447500 0.065000 0.065000
2 0.707500 0.365000 0.065000 0.065000
3 0.877500 0.330000 0.065000 0.065000
4 0.095000 0.550000 0.065000 0.065000
1 0.435000 0.480000 0.065000 0.065000
1 0.492500 0.467500 0.065000 0.065000
4 0.605000 0.445000 0.065000 0.065000
4 0.662500 0.432500 0.065000 0.065000
4 0.720000 0.420000 0.065000 0.065000
4 0.775000 0.410000 0.065000 0.065000
2 0.105000 0.607500 0.065000 0.065000
4 0.275000 0.572500 0.065000 0.065000
1 0.502500 0.525000 0.065000 0.065000
4 0.787500 0.465000 0.065000 0.065000
1 0.845000 0.455000 0.065000 0.065000
4 0.230000 0.640000 0.065000 0.065000
2 0.402500 0.605000 0.065000 0.065000
1 0.630000 0.557500 0.065000 0.065000
