4 0.217500 0.485000 0.090000 0.090000
1 0.465000 0.357500 0.090000 0.090000
4 0.525000 0.325000 0.090000 0.090000
3 0.587500 0.295000 0.090000 0.090000
4 0.650000 0.262500 0.090000 0.090000
0 0.710000 0.230000 0.090000 0.090000
0 0.772500 0.200000 0.090000 0.090000
1 0.250000 0.545000 0.090000 0.090000
2 0.435000 0.450000 0.090000 0.090000
1 0.495000 0.420000 0.090000 0.090000
1 0.557500 0.387500 0.090000 0.090000
2 0.620000 0.355000 0.090000 0.090000
1 0.680000 0.325000 0.090000 0.090000
4 0.742500 0.292500 0.090000 0.090000
1 0.157500 0.670000 0.090000 0.090000
0 0.220000 0.640000 0.090000 0.090000
2 0.280000 0.607500 0.090000 0.090000
4 0.342500 0.575000 0.090000 0.090000
4 0.465000 0.512500 0.090000 0.090000
4 0.712500 0.385000 0.090000 0.090000
2 0.835000 0.322500 0.090000 0.090000
2 0.190000 0.732500 0.090000 0.090000
1 0.375000 0.637500 0.090000 0.090000
4 0.497500 0.575000 0.090000 0.090000
1 0.560000 0.542500 0.090000 0.090000
0 0.620000 0.510000 0.090000 0.090000
1 0.745000 0.447500 0.090000 0.090000
1 0.345000 0.730000 0.090000 0.090000
3 0.530000 0.635000 0.090000 0.090000
1 0.652500 0.572500 0.090000 0.090000
2 0.715000 0.540000 0.090000 0.090000
1 0.775000 0.510000 0.090000 0.090000
