3 0.097500 0.335000 0.075000 0.075000
4 0.172500 0.337500 0.075000 0.075000
1 0.245000 0.342500 0.075000 0.075000
2 0.392500 0.347500 0.075000 0.075000
1 0.540000 0.352500 0.075000 0.075000
4 0.615000 0.355000 0.075000 0.075000
4 0.687500 0.357500 0.075000 0.075000
2 0.762500 0.360000 0.075000 0.075000
0 0.390000 0.420000 0.075000 0.075000
1 0.465000 0.422500 0.075000 0.075000
3 0.685000 0.432500 0.075000 0.075000
0 0.760000 0.435000 0.075000 0.075000
4 0.832500 0.437500 0.075000 0.075000
2 0.907500 0.440000 0.075000 0.075000
1 0.167500 0.485000 0.075000 0.075000
3 0.462500 0.497500 0.075000 0.075000
1 0.682500 0.505000 0.075000 0.075000
4 0.757500 0.507500 0.075000 0.075000
0 0.905000 0.515000 0.075000 0.075000
4 0.165000 0.560000 0.075000 0.075000
1 0.312500 0.565000 0.075000 0.075000
1 0.460000 0.570000 0.075000 0.075000
2 0.607500 0.577500 0.075000 0.075000
4 0.755000 0.582500 0.075000 0.075000
4 0.827500 0.585000 0.075000 0.075000
1 0.087500 0.630000 0.075000 0.075000
1 0.235000 0.637500 0.075000 0.075000
2 0.677500 0.652500 0.075000 0.075000
1 0.825000 0.657500 0.075000 0.075000
0 0.900000 0.662500 0.075000 0.075000
