2 0.091250 0.446250 0.082500 0.082500
2 0.158750 0.431250 0.082500 0.082500
4 0.431250 0.368750 0.082500 0.082500
1 0.501250 0.353750 0.082500 0.082500
4 0.638750 0.323750 0.082500 0.082500
3 0.706250 0.308750 0.082500 0.082500
1 0.843750 0.276250 0.082500 0.082500
1 0.106250 0.516250 0.082500 0.082500
3 0.241250 0.483750 0.082500 0.082500
4 0.378750 0.453750 0.082500 0.082500
0 0.653750 0.391250 0.082500 0.082500
4 0.188750 0.568750 0.082500 0.082500
4 0.326250 0.536250 0.082500 0.082500
4 0.601250 0.476250 0.082500 0.082500
4 0.668750 0.458750 0.082500 0.082500
3 0.873750 0.413750 0.082500 0.082500
1 0.546250 0.558750 0.082500 0.082500
4 0.683750 0.528750 0.082500 0.082500
4 0.151250 0.721250 0.082500 0.082500
1 0.288750 0.688750 0.082500 0.082500
2 0.426250 0.658750 0.082500 0.082500
1 0.903750 0.551250 0.082500 0.082500
