0 0.125000 0.252500 0.090000 0.090000
3 0.212500 0.260000 0.090000 0.090000
1 0.297500 0.265000 0.090000 0.090000
4 0.470000 0.277500 0.090000 0.090000
4 0.555000 0.285000 0.090000 0.090000
0 0.642500 0.292500 0.090000 0.090000
1 0.120000 0.340000 0.090000 0.090000
1 0.205000 0.345000 0.090000 0.090000
1 0.462500 0.365000 0.090000 0.090000
1 0.635000 0.377500 0.090000 0.090000
3 0.895000 0.397500 0.090000 0.090000
1 0.200000 0.432500 0.090000 0.090000
1 0.542500 0.457500 0.090000 0.090000
4 0.887500 0.482500 0.090000 0.090000
3 0.192500 0.517500 0.090000 0.090000
4 0.277500 0.525000 0.090000 0.090000
3 0.365000 0.530000 0.090000 0.090000
2 0.710000 0.555000 0.090000 0.090000
4 0.795000 0.562500 0.090000 0.090000
4 0.100000 0.597500 0.090000 0.090000
1 0.187500 0.602500 0.090000 0.090000
4 0.357500 0.617500 0.090000 0.090000
1 0.530000 0.630000 0.090000 0.090000
2 0.875000 0.655000 0.090000 0.090000
1 0.525000 0.715000 0.090000 0.090000
4 0.695000 0.727500 0.090000 0.090000
