1 0.140000 0.597500 0.080000 0.080000
1 0.192500 0.567500 0.080000 0.080000
4 0.350000 0.480000 0.080000 0.080000
4 0.400000 0.450000 0.080000 0.080000
0 0.557500 0.362500 0.080000 0.080000
4 0.610000 0.332500 0.080000 0.080000
0 0.712500 0.272500 0.080000 0.080000
4 0.817500 0.215000 0.080000 0.080000
2 0.587500 0.412500 0.080000 0.080000
2 0.200000 0.702500 0.080000 0.080000
4 0.252500 0.672500 0.080000 0.080000
1 0.355000 0.612500 0.080000 0.080000
1 0.565000 0.495000 0.080000 0.080000
3 0.772500 0.377500 0.080000 0.080000
4 0.877500 0.317500 0.080000 0.080000
2 0.282500 0.725000 0.080000 0.080000
0 0.332500 0.695000 0.080000 0.080000
1 0.385000 0.665000 0.080000 0.080000
4 0.490000 0.605000 0.080000 0.080000
2 0.542500 0.577500 0.080000 0.080000
1 0.592500 0.547500 0.080000 0.080000
4 0.645000 0.517500 0.080000 0.080000
1 0.802500 0.430000 0.080000 0.080000
