1 0.203750 0.286250 0.072500 0.072500
1 0.258750 0.306250 0.072500 0.072500
1 0.313750 0.328750 0.072500 0.072500
0 0.368750 0.351250 0.072500 0.072500
4 0.746250 0.501250 0.072500 0.072500
0 0.128750 0.318750 0.072500 0.072500
2 0.291250 0.383750 0.072500 0.072500
3 0.346250 0.403750 0.072500 0.072500
3 0.401250 0.426250 0.072500 0.072500
1 0.508750 0.468750 0.072500 0.072500
1 0.671250 0.533750 0.072500 0.072500
3 0.726250 0.556250 0.072500 0.072500
4 0.888750 0.621250 0.072500 0.072500
4 0.108750 0.373750 0.072500 0.072500
1 0.216250 0.416250 0.072500 0.072500
1 0.433750 0.501250 0.072500 0.072500
0 0.486250 0.523750 0.072500 0.072500
1 0.541250 0.546250 0.072500 0.072500
1 0.596250 0.566250 0.072500 0.072500
1 0.703750 0.608750 0.072500 0.072500
4 0.811250 0.653750 0.072500 0.072500
2 0.141250 0.448750 0.072500 0.072500
4 0.356250 0.533750 0.072500 0.072500
2 0.411250 0.556250 0.072500 0.072500
1 0.518750 0.598750 0.072500 0.072500
4 0.573750 0.621250 0.072500 0.072500
