4 0.091250 0.446250 0.082500 0.082500
1 0.158750 0.431250 0.082500 0.082500
2 0.226250 0.416250 0.082500 0.082500
1 0.363750 0.383750 0.082500 0.082500
3 0.431250 0.368750 0.082500 0.082500
1 0.773750 0.291250 0.082500 0.082500
1 0.173750 0.498750 0.082500 0.082500
4 0.241250 0.483750 0.082500 0.082500
0 0.378750 0.453750 0.082500 0.082500
1 0.448750 0.438750 0.082500 0.082500
1 0.583750 0.406250 0.082500 0.082500
2 0.721250 0.376250 0.082500 0.082500
4 0.858750 0.346250 0.082500 0.082500
3 0.121250 0.583750 0.082500 0.082500
1 0.258750 0.553750 0.082500 0.082500
3 0.326250 0.536250 0.082500 0.082500
3 0.601250 0.476250 0.082500 0.082500
4 0.668750 0.461250 0.082500 0.082500
1 0.806250 0.428750 0.082500 0.082500
1 0.873750 0.413750 0.082500 0.082500
4 0.203750 0.636250 0.082500 0.082500
2 0.616250 0.543750 0.082500 0.082500
1 0.888750 0.483750 0.082500 0.082500
2 0.288750 0.688750 0.082500 0.082500
4 0.356250 0.673750 0.082500 0.082500
1 0.426250 0.658750 0.082500 0.082500
1 0.493750 0.643750 0.082500 0.082500
2 0.563750 0.628750 0.082500 0.082500
4 0.631250 0.613750 0.082500 0.082500
4 0.836250 0.566250 0.082500 0.082500
2 0.903750 0.551250 0.082500 0.082500
