0 0.151250 0.276250 0.082500 0.082500
4 0.221250 0.291250 0.082500 0.082500
2 0.358750 0.323750 0.082500 0.082500
1 0.836250 0.431250 0.082500 0.082500
4 0.903750 0.448750 0.082500 0.082500
1 0.136250 0.343750 0.082500 0.082500
4 0.206250 0.361250 0.082500 0.082500
2 0.478750 0.421250 0.082500 0.082500
2 0.616250 0.453750 0.082500 0.082500
2 0.683750 0.468750 0.082500 0.082500
4 0.821250 0.501250 0.082500 0.082500
2 0.888750 0.516250 0.082500 0.082500
0 0.188750 0.428750 0.082500 0.082500
1 0.258750 0.443750 0.082500 0.082500
0 0.326250 0.458750 0.082500 0.082500
4 0.806250 0.568750 0.082500 0.082500
1 0.106250 0.481250 0.082500 0.082500
4 0.173750 0.496250 0.082500 0.082500
2 0.241250 0.511250 0.082500 0.082500
0 0.378750 0.543750 0.082500 0.082500
4 0.788750 0.636250 0.082500 0.082500
4 0.091250 0.548750 0.082500 0.082500
0 0.158750 0.566250 0.082500 0.082500
1 0.296250 0.596250 0.082500 0.082500
3 0.363750 0.611250 0.082500 0.082500
0 0.568750 0.658750 0.082500 0.082500
2 0.636250 0.673750 0.082500 0.082500
4 0.706250 0.691250 0.082500 0.082500
0 0.841250 0.721250 0.082500 0.082500
