4 0.098750 0.438750 0.097500 0.097500
4 0.171250 0.411250 0.097500 0.097500
4 0.391250 0.328750 0.097500 0.097500
4 0.463750 0.301250 0.097500 0.097500
1 0.538750 0.273750 0.097500 0.097500
4 0.683750 0.218750 0.097500 0.097500
1 0.758750 0.191250 0.097500 0.097500
4 0.271250 0.456250 0.097500 0.097500
1 0.491250 0.373750 0.097500 0.097500
2 0.638750 0.318750 0.097500 0.097500
3 0.786250 0.263750 0.097500 0.097500
2 0.226250 0.558750 0.097500 0.097500
1 0.446250 0.476250 0.097500 0.097500
4 0.593750 0.418750 0.097500 0.097500
3 0.666250 0.391250 0.097500 0.097500
4 0.738750 0.363750 0.097500 0.097500
1 0.473750 0.548750 0.097500 0.097500
1 0.693750 0.466250 0.097500 0.097500
1 0.208750 0.731250 0.097500 0.097500
1 0.281250 0.703750 0.097500 0.097500
1 0.353750 0.676250 0.097500 0.097500
4 0.501250 0.621250 0.097500 0.097500
1 0.648750 0.566250 0.097500 0.097500
1 0.868750 0.483750 0.097500 0.097500
3 0.236250 0.806250 0.097500 0.097500
4 0.381250 0.751250 0.097500 0.097500
4 0.601250 0.666250 0.097500 0.097500
3 0.821250 0.583750 0.097500 0.097500
2 0.896250 0.556250 0.097500 0.097500
