2 0.715000 0.450000 0.090000 0.090000
1 0.187500 0.267500 0.090000 0.090000
4 0.247500 0.300000 0.090000 0.090000
2 0.435000 0.390000 0.090000 0.090000
3 0.560000 0.450000 0.090000 0.090000
4 0.747500 0.542500 0.090000 0.090000
4 0.807500 0.572500 0.090000 0.090000
1 0.870000 0.602500 0.090000 0.090000
1 0.155000 0.330000 0.090000 0.090000
1 0.652500 0.575000 0.090000 0.090000
2 0.715000 0.605000 0.090000 0.090000
1 0.125000 0.392500 0.090000 0.090000
4 0.187500 0.422500 0.090000 0.090000
1 0.500000 0.575000 0.090000 0.090000
4 0.685000 0.667500 0.090000 0.090000
1 0.810000 0.727500 0.090000 0.090000
0 0.157500 0.485000 0.090000 0.090000
3 0.345000 0.577500 0.090000 0.090000
