4 0.087500 0.387500 0.060000 0.060000
4 0.147500 0.390000 0.060000 0.060000
0 0.325000 0.400000 0.060000 0.060000
1 0.442500 0.405000 0.060000 0.060000
2 0.502500 0.407500 0.060000 0.060000
3 0.620000 0.415000 0.060000 0.060000
4 0.680000 0.417500 0.060000 0.060000
2 0.737500 0.420000 0.060000 0.060000
4 0.797500 0.422500 0.060000 0.060000
4 0.857500 0.425000 0.060000 0.060000
1 0.085000 0.447500 0.060000 0.060000
4 0.142500 0.450000 0.060000 0.060000
4 0.440000 0.465000 0.060000 0.060000
3 0.497500 0.467500 0.060000 0.060000
4 0.557500 0.470000 0.060000 0.060000
1 0.617500 0.472500 0.060000 0.060000
1 0.912500 0.487500 0.060000 0.060000
0 0.140000 0.510000 0.060000 0.060000
0 0.200000 0.512500 0.060000 0.060000
2 0.495000 0.527500 0.060000 0.060000
1 0.615000 0.532500 0.060000 0.060000
4 0.672500 0.535000 0.060000 0.060000
4 0.850000 0.545000 0.060000 0.060000
2 0.077500 0.565000 0.060000 0.060000
4 0.375000 0.580000 0.060000 0.060000
4 0.432500 0.582500 0.060000 0.060000
2 0.610000 0.592500 0.060000 0.060000
0 0.670000 0.595000 0.060000 0.060000
4 0.847500 0.602500 0.060000 0.060000
1 0.907500 0.605000 0.060000 0.060000
