1 0.570000 0.370000 0.075000 0.075000
4 0.622500 0.347500 0.075000 0.075000
1 0.675000 0.322500 0.075000 0.075000
4 0.837500 0.252500 0.075000 0.075000
4 0.110000 0.637500 0.075000 0.075000
1 0.270000 0.565000 0.075000 0.075000
1 0.325000 0.542500 0.075000 0.075000
4 0.432500 0.495000 0.075000 0.075000
0 0.485000 0.472500 0.075000 0.075000
1 0.540000 0.447500 0.075000 0.075000
4 0.645000 0.400000 0.075000 0.075000
4 0.700000 0.377500 0.075000 0.075000
1 0.752500 0.352500 0.075000 0.075000
2 0.132500 0.690000 0.075000 0.075000
1 0.187500 0.667500 0.075000 0.075000
3 0.562500 0.502500 0.075000 0.075000
4 0.722500 0.430000 0.075000 0.075000
1 0.885000 0.360000 0.075000 0.075000
4 0.157500 0.745000 0.075000 0.075000
2 0.210000 0.720000 0.075000 0.075000
1 0.265000 0.697500 0.075000 0.075000
2 0.692500 0.507500 0.075000 0.075000
2 0.747500 0.485000 0.075000 0.075000
0 0.855000 0.437500 0.075000 0.075000
