1 0.175000 0.372500 0.095000 0.095000
2 0.252500 0.352500 0.095000 0.095000
1 0.330000 0.332500 0.095000 0.095000
4 0.485000 0.292500 0.095000 0.095000
4 0.562500 0.272500 0.095000 0.095000
0 0.795000 0.210000 0.095000 0.095000
0 0.117500 0.472500 0.095000 0.095000
2 0.582500 0.350000 0.095000 0.095000
3 0.737500 0.310000 0.095000 0.095000
0 0.815000 0.290000 0.095000 0.095000
1 0.292500 0.510000 0.095000 0.095000
1 0.447500 0.467500 0.095000 0.095000
4 0.525000 0.447500 0.095000 0.095000
1 0.680000 0.407500 0.095000 0.095000
0 0.157500 0.627500 0.095000 0.095000
4 0.235000 0.607500 0.095000 0.095000
1 0.390000 0.565000 0.095000 0.095000
4 0.622500 0.505000 0.095000 0.095000
2 0.700000 0.485000 0.095000 0.095000
1 0.857500 0.445000 0.095000 0.095000
2 0.487500 0.622500 0.095000 0.095000
0 0.800000 0.542500 0.095000 0.095000
4 0.275000 0.762500 0.095000 0.095000
0 0.352500 0.742500 0.095000 0.095000
4 0.430000 0.722500 0.095000 0.095000
2 0.820000 0.620000 0.095000 0.095000
4 0.897500 0.600000 0.095000 0.095000
