4 0.178750 0.333750 0.067500 0.067500
2 0.291250 0.361250 0.067500 0.067500
1 0.346250 0.373750 0.067500 0.067500
4 0.403750 0.386250 0.067500 0.067500
0 0.628750 0.438750 0.067500 0.067500
1 0.221250 0.403750 0.067500 0.067500
0 0.278750 0.416250 0.067500 0.067500
2 0.391250 0.443750 0.067500 0.067500
1 0.446250 0.456250 0.067500 0.067500
4 0.616250 0.493750 0.067500 0.067500
4 0.841250 0.546250 0.067500 0.067500
1 0.898750 0.561250 0.067500 0.067500
2 0.096250 0.433750 0.067500 0.067500
1 0.263750 0.473750 0.067500 0.067500
4 0.378750 0.498750 0.067500 0.067500
4 0.433750 0.511250 0.067500 0.067500
1 0.828750 0.603750 0.067500 0.067500
3 0.886250 0.616250 0.067500 0.067500
4 0.081250 0.491250 0.067500 0.067500
4 0.251250 0.528750 0.067500 0.067500
2 0.533750 0.593750 0.067500 0.067500
3 0.591250 0.608750 0.067500 0.067500
4 0.646250 0.621250 0.067500 0.067500
4 0.703750 0.633750 0.067500 0.067500
1 0.758750 0.646250 0.067500 0.067500
4 0.873750 0.673750 0.067500 0.067500
