1 0.121250 0.323750 0.067500 0.067500
1 0.178750 0.336250 0.067500 0.067500
1 0.348750 0.373750 0.067500 0.067500
2 0.403750 0.386250 0.067500 0.067500
1 0.516250 0.411250 0.067500 0.067500
1 0.631250 0.438750 0.067500 0.067500
4 0.686250 0.451250 0.067500 0.067500
2 0.913750 0.501250 0.067500 0.067500
0 0.166250 0.393750 0.067500 0.067500
3 0.221250 0.406250 0.067500 0.067500
4 0.278750 0.418750 0.067500 0.067500
1 0.391250 0.443750 0.067500 0.067500
1 0.503750 0.468750 0.067500 0.067500
2 0.561250 0.481250 0.067500 0.067500
4 0.673750 0.506250 0.067500 0.067500
2 0.731250 0.518750 0.067500 0.067500
2 0.266250 0.473750 0.067500 0.067500
2 0.491250 0.526250 0.067500 0.067500
3 0.548750 0.538750 0.067500 0.067500
3 0.661250 0.563750 0.067500 0.067500
1 0.718750 0.576250 0.067500 0.067500
1 0.773750 0.588750 0.067500 0.067500
1 0.831250 0.601250 0.067500 0.067500
4 0.888750 0.613750 0.067500 0.067500
4 0.083750 0.493750 0.067500 0.067500
1 0.308750 0.543750 0.067500 0.067500
3 0.366250 0.556250 0.067500 0.067500
3 0.706250 0.633750 0.067500 0.067500
1 0.761250 0.646250 0.067500 0.067500
