1 0.356250 0.196250 0.102500 0.102500
2 0.491250 0.271250 0.102500 0.102500
0 0.626250 0.348750 0.102500 0.102500
3 0.251250 0.226250 0.102500 0.102500
4 0.386250 0.301250 0.102500 0.102500
0 0.588750 0.413750 0.102500 0.102500
4 0.858750 0.566250 0.102500 0.102500
3 0.416250 0.406250 0.102500 0.102500
3 0.551250 0.481250 0.102500 0.102500
4 0.378750 0.473750 0.102500 0.102500
1 0.581250 0.586250 0.102500 0.102500
2 0.648750 0.623750 0.102500 0.102500
4 0.716250 0.663750 0.102500 0.102500
4 0.781250 0.701250 0.102500 0.102500
0 0.138750 0.428750 0.102500 0.102500
4 0.206250 0.466250 0.102500 0.102500
0 0.341250 0.541250 0.102500 0.102500
4 0.476250 0.616250 0.102500 0.102500
2 0.743750 0.766250 0.102500 0.102500
1 0.236250 0.571250 0.102500 0.102500
2 0.573750 0.758750 0.102500 0.102500
