4 0.185000 0.220000 0.095000 0.095000
1 0.660000 0.325000 0.095000 0.095000
4 0.245000 0.317500 0.095000 0.095000
0 0.325000 0.335000 0.095000 0.095000
2 0.405000 0.352500 0.095000 0.095000
3 0.642500 0.405000 0.095000 0.095000
4 0.722500 0.422500 0.095000 0.095000
1 0.802500 0.440000 0.095000 0.095000
4 0.150000 0.377500 0.095000 0.095000
4 0.307500 0.412500 0.095000 0.095000
1 0.387500 0.432500 0.095000 0.095000
1 0.467500 0.450000 0.095000 0.095000
4 0.625000 0.485000 0.095000 0.095000
1 0.705000 0.502500 0.095000 0.095000
4 0.785000 0.520000 0.095000 0.095000
2 0.862500 0.537500 0.095000 0.095000
4 0.210000 0.475000 0.095000 0.095000
0 0.450000 0.527500 0.095000 0.095000
1 0.527500 0.545000 0.095000 0.095000
1 0.765000 0.597500 0.095000 0.095000
1 0.115000 0.537500 0.095000 0.095000
1 0.272500 0.572500 0.095000 0.095000
3 0.352500 0.590000 0.095000 0.095000
0 0.510000 0.625000 0.095000 0.095000
1 0.827500 0.695000 0.095000 0.095000
4 0.097500 0.617500 0.095000 0.095000
0 0.492500 0.705000 0.095000 0.095000
0 0.572500 0.722500 0.095000 0.095000
