1 0.222500 0.255000 0.090000 0.090000
4 0.307500 0.265000 0.090000 0.090000
0 0.475000 0.282500 0.090000 0.090000
1 0.645000 0.300000 0.090000 0.090000
0 0.815000 0.315000 0.090000 0.090000
1 0.127500 0.332500 0.090000 0.090000
1 0.805000 0.400000 0.090000 0.090000
1 0.890000 0.410000 0.090000 0.090000
3 0.205000 0.425000 0.090000 0.090000
4 0.290000 0.435000 0.090000 0.090000
0 0.542500 0.460000 0.090000 0.090000
4 0.712500 0.477500 0.090000 0.090000
2 0.797500 0.485000 0.090000 0.090000
2 0.195000 0.510000 0.090000 0.090000
1 0.365000 0.527500 0.090000 0.090000
4 0.535000 0.545000 0.090000 0.090000
4 0.705000 0.562500 0.090000 0.090000
2 0.790000 0.570000 0.090000 0.090000
4 0.187500 0.595000 0.090000 0.090000
4 0.272500 0.602500 0.090000 0.090000
0 0.610000 0.637500 0.090000 0.090000
1 0.695000 0.647500 0.090000 0.090000
0 0.095000 0.670000 0.090000 0.090000
0 0.177500 0.680000 0.090000 0.090000
4 0.262500 0.687500 0.090000 0.090000
2 0.432500 0.705000 0.090000 0.090000
4 0.517500 0.715000 0.090000 0.090000
4 0.687500 0.730000 0.090000 0.090000
2 0.772500 0.740000 0.090000 0.090000
