1 0.101250 0.266250 0.087500 0.087500
1 0.191250 0.268750 0.087500 0.087500
2 0.546250 0.276250 0.087500 0.087500
2 0.633750 0.278750 0.087500 0.087500
4 0.723750 0.278750 0.087500 0.087500
1 0.811250 0.281250 0.087500 0.087500
4 0.901250 0.283750 0.087500 0.087500
4 0.101250 0.356250 0.087500 0.087500
1 0.188750 0.356250 0.087500 0.087500
4 0.633750 0.366250 0.087500 0.087500
1 0.811250 0.371250 0.087500 0.087500
4 0.898750 0.371250 0.087500 0.087500
1 0.186250 0.446250 0.087500 0.087500
3 0.806250 0.548750 0.087500 0.087500
4 0.896250 0.548750 0.087500 0.087500
1 0.271250 0.626250 0.087500 0.087500
4 0.448750 0.628750 0.087500 0.087500
2 0.538750 0.631250 0.087500 0.087500
0 0.626250 0.633750 0.087500 0.087500
1 0.803750 0.636250 0.087500 0.087500
3 0.181250 0.711250 0.087500 0.087500
4 0.358750 0.716250 0.087500 0.087500
3 0.448750 0.718750 0.087500 0.087500
1 0.626250 0.721250 0.087500 0.087500
4 0.713750 0.723750 0.087500 0.087500
