1 0.312500 0.262500 0.090000 0.090000
0 0.387500 0.355000 0.090000 0.090000
0 0.722500 0.395000 0.090000 0.090000
1 0.545000 0.460000 0.090000 0.090000
4 0.712500 0.480000 0.090000 0.090000
1 0.115000 0.495000 0.090000 0.090000
1 0.282500 0.512500 0.090000 0.090000
2 0.367500 0.522500 0.090000 0.090000
0 0.535000 0.542500 0.090000 0.090000
2 0.702500 0.562500 0.090000 0.090000
0 0.870000 0.582500 0.090000 0.090000
2 0.105000 0.577500 0.090000 0.090000
2 0.525000 0.627500 0.090000 0.090000
0 0.610000 0.637500 0.090000 0.090000
1 0.692500 0.647500 0.090000 0.090000
3 0.180000 0.672500 0.090000 0.090000
4 0.262500 0.682500 0.090000 0.090000
