3 0.243750 0.246250 0.092500 0.092500
1 0.326250 0.258750 0.092500 0.092500
1 0.491250 0.286250 0.092500 0.092500
3 0.818750 0.338750 0.092500 0.092500
3 0.476250 0.366250 0.092500 0.092500
4 0.558750 0.381250 0.092500 0.092500
1 0.641250 0.393750 0.092500 0.092500
4 0.886250 0.433750 0.092500 0.092500
4 0.136250 0.396250 0.092500 0.092500
1 0.218750 0.408750 0.092500 0.092500
2 0.298750 0.423750 0.092500 0.092500
4 0.463750 0.448750 0.092500 0.092500
1 0.546250 0.463750 0.092500 0.092500
2 0.628750 0.476250 0.092500 0.092500
2 0.708750 0.488750 0.092500 0.092500
4 0.451250 0.531250 0.092500 0.092500
0 0.613750 0.558750 0.092500 0.092500
2 0.108750 0.561250 0.092500 0.092500
3 0.273750 0.586250 0.092500 0.092500
0 0.356250 0.601250 0.092500 0.092500
1 0.436250 0.613750 0.092500 0.092500
4 0.178750 0.656250 0.092500 0.092500
3 0.341250 0.681250 0.092500 0.092500
4 0.506250 0.708750 0.092500 0.092500
4 0.751250 0.748750 0.092500 0.092500
