1 0.100000 0.475000 0.100000 0.100000
3 0.240000 0.407500 0.100000 0.100000
4 0.520000 0.272500 0.100000 0.100000
2 0.657500 0.205000 0.100000 0.100000
2 0.132500 0.545000 0.100000 0.100000
4 0.202500 0.510000 0.100000 0.100000
1 0.342500 0.442500 0.100000 0.100000
3 0.412500 0.410000 0.100000 0.100000
3 0.622500 0.310000 0.100000 0.100000
1 0.692500 0.275000 0.100000 0.100000
2 0.762500 0.242500 0.100000 0.100000
2 0.237500 0.580000 0.100000 0.100000
4 0.515000 0.447500 0.100000 0.100000
2 0.725000 0.345000 0.100000 0.100000
1 0.795000 0.312500 0.100000 0.100000
4 0.200000 0.682500 0.100000 0.100000
3 0.270000 0.650000 0.100000 0.100000
0 0.340000 0.617500 0.100000 0.100000
3 0.410000 0.582500 0.100000 0.100000
2 0.550000 0.515000 0.100000 0.100000
0 0.690000 0.450000 0.100000 0.100000
1 0.827500 0.382500 0.100000 0.100000
0 0.442500 0.652500 0.100000 0.100000
1 0.512500 0.620000 0.100000 0.100000
1 0.722500 0.520000 0.100000 0.100000
4 0.862500 0.452500 0.100000 0.100000
2 0.617500 0.655000 0.100000 0.100000
1 0.755000 0.587500 0.100000 0.100000
0 0.825000 0.555000 0.100000 0.100000
