0 0.085000 0.595000 0.075000 0.075000
4 0.192500 0.545000 0.075000 0.075000
0 0.512500 0.392500 0.075000 0.075000
4 0.617500 0.342500 0.075000 0.075000
4 0.165000 0.622500 0.075000 0.075000
4 0.270000 0.572500 0.075000 0.075000
4 0.325000 0.547500 0.075000 0.075000
4 0.430000 0.497500 0.075000 0.075000
1 0.482500 0.470000 0.075000 0.075000
0 0.537500 0.445000 0.075000 0.075000
4 0.697500 0.370000 0.075000 0.075000
1 0.750000 0.345000 0.075000 0.075000
4 0.855000 0.292500 0.075000 0.075000
0 0.242500 0.650000 0.075000 0.075000
4 0.350000 0.600000 0.075000 0.075000
4 0.455000 0.550000 0.075000 0.075000
1 0.562500 0.500000 0.075000 0.075000
2 0.615000 0.472500 0.075000 0.075000
4 0.667500 0.447500 0.075000 0.075000
4 0.722500 0.422500 0.075000 0.075000
4 0.375000 0.652500 0.075000 0.075000
4 0.427500 0.627500 0.075000 0.075000
1 0.587500 0.552500 0.075000 0.075000
2 0.640000 0.527500 0.075000 0.075000
2 0.695000 0.502500 0.075000 0.075000
