0 0.221250 0.461250 0.087500 0.087500
4 0.413750 0.383750 0.087500 0.087500
4 0.671250 0.278750 0.087500 0.087500
0 0.503750 0.421250 0.087500 0.087500
1 0.696250 0.343750 0.087500 0.087500
1 0.761250 0.316250 0.087500 0.087500
3 0.146250 0.641250 0.087500 0.087500
1 0.338750 0.563750 0.087500 0.087500
1 0.401250 0.536250 0.087500 0.087500
1 0.593750 0.458750 0.087500 0.087500
4 0.658750 0.433750 0.087500 0.087500
3 0.786250 0.381250 0.087500 0.087500
4 0.363750 0.626250 0.087500 0.087500
4 0.428750 0.601250 0.087500 0.087500
3 0.748750 0.471250 0.087500 0.087500
0 0.813750 0.446250 0.087500 0.087500
4 0.198750 0.768750 0.087500 0.087500
2 0.391250 0.691250 0.087500 0.087500
0 0.581250 0.613750 0.087500 0.087500
2 0.646250 0.586250 0.087500 0.087500
3 0.773750 0.536250 0.087500 0.087500
2 0.838750 0.508750 0.087500 0.087500
