4 0.141250 0.593750 0.077500 0.077500
1 0.246250 0.533750 0.077500 0.077500
2 0.401250 0.446250 0.077500 0.077500
1 0.558750 0.358750 0.077500 0.077500
1 0.611250 0.331250 0.077500 0.077500
4 0.766250 0.243750 0.077500 0.077500
4 0.221250 0.616250 0.077500 0.077500
4 0.378750 0.528750 0.077500 0.077500
4 0.743750 0.323750 0.077500 0.077500
1 0.146250 0.726250 0.077500 0.077500
1 0.198750 0.696250 0.077500 0.077500
1 0.251250 0.668750 0.077500 0.077500
0 0.303750 0.638750 0.077500 0.077500
4 0.511250 0.521250 0.077500 0.077500
4 0.563750 0.493750 0.077500 0.077500
4 0.773750 0.376250 0.077500 0.077500
4 0.823750 0.346250 0.077500 0.077500
2 0.176250 0.778750 0.077500 0.077500
1 0.228750 0.748750 0.077500 0.077500
4 0.488750 0.603750 0.077500 0.077500
1 0.541250 0.573750 0.077500 0.077500
1 0.698750 0.486250 0.077500 0.077500
1 0.801250 0.428750 0.077500 0.077500
0 0.853750 0.398750 0.077500 0.077500
