4 0.246250 0.243750 0.092500 0.092500
3 0.571250 0.298750 0.092500 0.092500
4 0.653750 0.313750 0.092500 0.092500
1 0.816250 0.341250 0.092500 0.092500
2 0.231250 0.326250 0.092500 0.092500
2 0.313750 0.338750 0.092500 0.092500
2 0.476250 0.366250 0.092500 0.092500
2 0.558750 0.381250 0.092500 0.092500
0 0.638750 0.396250 0.092500 0.092500
4 0.721250 0.408750 0.092500 0.092500
4 0.218750 0.408750 0.092500 0.092500
4 0.543750 0.463750 0.092500 0.092500
0 0.123750 0.476250 0.092500 0.092500
3 0.448750 0.531250 0.092500 0.092500
1 0.531250 0.543750 0.092500 0.092500
2 0.856250 0.598750 0.092500 0.092500
0 0.516250 0.626250 0.092500 0.092500
4 0.598750 0.638750 0.092500 0.092500
4 0.176250 0.653750 0.092500 0.092500
4 0.258750 0.666250 0.092500 0.092500
2 0.503750 0.708750 0.092500 0.092500
4 0.583750 0.721250 0.092500 0.092500
