1 0.156250 0.236250 0.092500 0.092500
4 0.321250 0.261250 0.092500 0.092500
4 0.403750 0.273750 0.092500 0.092500
3 0.488750 0.286250 0.092500 0.092500
4 0.571250 0.298750 0.092500 0.092500
4 0.901250 0.346250 0.092500 0.092500
1 0.228750 0.331250 0.092500 0.092500
4 0.311250 0.343750 0.092500 0.092500
2 0.393750 0.356250 0.092500 0.092500
0 0.476250 0.368750 0.092500 0.092500
1 0.641250 0.393750 0.092500 0.092500
4 0.463750 0.451250 0.092500 0.092500
4 0.203750 0.496250 0.092500 0.092500
4 0.451250 0.533750 0.092500 0.092500
3 0.533750 0.546250 0.092500 0.092500
4 0.616250 0.558750 0.092500 0.092500
0 0.781250 0.581250 0.092500 0.092500
1 0.108750 0.566250 0.092500 0.092500
4 0.438750 0.616250 0.092500 0.092500
4 0.603750 0.641250 0.092500 0.092500
1 0.768750 0.663750 0.092500 0.092500
3 0.851250 0.676250 0.092500 0.092500
0 0.096250 0.651250 0.092500 0.092500
4 0.426250 0.698750 0.092500 0.092500
4 0.508750 0.711250 0.092500 0.092500
0 0.591250 0.723750 0.092500 0.092500
0 0.673750 0.736250 0.092500 0.092500
4 0.838750 0.758750 0.092500 0.092500
