1 0.335000 0.327500 0.095000 0.095000
3 0.412500 0.310000 0.095000 0.095000
2 0.730000 0.237500 0.095000 0.095000
1 0.115000 0.462500 0.095000 0.095000
4 0.275000 0.425000 0.095000 0.095000
4 0.667500 0.335000 0.095000 0.095000
4 0.747500 0.315000 0.095000 0.095000
0 0.825000 0.297500 0.095000 0.095000
0 0.212500 0.522500 0.095000 0.095000
0 0.450000 0.467500 0.095000 0.095000
1 0.765000 0.395000 0.095000 0.095000
1 0.845000 0.377500 0.095000 0.095000
1 0.232500 0.602500 0.095000 0.095000
1 0.390000 0.565000 0.095000 0.095000
1 0.467500 0.547500 0.095000 0.095000
4 0.782500 0.475000 0.095000 0.095000
2 0.862500 0.455000 0.095000 0.095000
1 0.170000 0.700000 0.095000 0.095000
1 0.250000 0.680000 0.095000 0.095000
1 0.880000 0.535000 0.095000 0.095000
3 0.582500 0.687500 0.095000 0.095000
2 0.742500 0.650000 0.095000 0.095000
1 0.900000 0.612500 0.095000 0.095000
