4 0.140000 0.507500 0.070000 0.070000
1 0.250000 0.477500 0.070000 0.070000
1 0.362500 0.445000 0.070000 0.070000
2 0.585000 0.382500 0.070000 0.070000
3 0.697500 0.350000 0.070000 0.070000
2 0.865000 0.302500 0.070000 0.070000
1 0.100000 0.580000 0.070000 0.070000
4 0.210000 0.547500 0.070000 0.070000
0 0.267500 0.532500 0.070000 0.070000
1 0.322500 0.517500 0.070000 0.070000
4 0.767500 0.390000 0.070000 0.070000
2 0.115000 0.635000 0.070000 0.070000
4 0.227500 0.605000 0.070000 0.070000
3 0.282500 0.587500 0.070000 0.070000
0 0.392500 0.557500 0.070000 0.070000
4 0.450000 0.540000 0.070000 0.070000
1 0.560000 0.510000 0.070000 0.070000
1 0.617500 0.495000 0.070000 0.070000
1 0.785000 0.447500 0.070000 0.070000
1 0.895000 0.415000 0.070000 0.070000
1 0.130000 0.690000 0.070000 0.070000
4 0.577500 0.565000 0.070000 0.070000
1 0.855000 0.487500 0.070000 0.070000
