4 0.175000 0.377500 0.095000 0.095000
2 0.252500 0.355000 0.095000 0.095000
2 0.330000 0.335000 0.095000 0.095000
1 0.407500 0.315000 0.095000 0.095000
1 0.482500 0.295000 0.095000 0.095000
4 0.792500 0.210000 0.095000 0.095000
1 0.117500 0.475000 0.095000 0.095000
3 0.350000 0.412500 0.095000 0.095000
1 0.215000 0.532500 0.095000 0.095000
1 0.292500 0.510000 0.095000 0.095000
4 0.525000 0.450000 0.095000 0.095000
1 0.602500 0.427500 0.095000 0.095000
4 0.680000 0.407500 0.095000 0.095000
4 0.235000 0.610000 0.095000 0.095000
3 0.312500 0.587500 0.095000 0.095000
1 0.390000 0.567500 0.095000 0.095000
0 0.467500 0.547500 0.095000 0.095000
3 0.777500 0.465000 0.095000 0.095000
4 0.855000 0.442500 0.095000 0.095000
3 0.257500 0.687500 0.095000 0.095000
1 0.335000 0.665000 0.095000 0.095000
4 0.412500 0.645000 0.095000 0.095000
4 0.490000 0.625000 0.095000 0.095000
2 0.567500 0.605000 0.095000 0.095000
4 0.800000 0.542500 0.095000 0.095000
1 0.200000 0.785000 0.095000 0.095000
1 0.432500 0.722500 0.095000 0.095000
1 0.510000 0.702500 0.095000 0.095000
4 0.665000 0.660000 0.095000 0.095000
