4 0.430000 0.272500 0.095000 0.095000
2 0.507500 0.292500 0.095000 0.095000
2 0.665000 0.332500 0.095000 0.095000
4 0.742500 0.350000 0.095000 0.095000
4 0.332500 0.330000 0.095000 0.095000
4 0.800000 0.450000 0.095000 0.095000
4 0.157500 0.370000 0.095000 0.095000
1 0.470000 0.447500 0.095000 0.095000
1 0.625000 0.487500 0.095000 0.095000
2 0.215000 0.467500 0.095000 0.095000
4 0.527500 0.545000 0.095000 0.095000
4 0.840000 0.625000 0.095000 0.095000
4 0.117500 0.525000 0.095000 0.095000
4 0.352500 0.585000 0.095000 0.095000
4 0.430000 0.605000 0.095000 0.095000
4 0.662500 0.662500 0.095000 0.095000
2 0.175000 0.622500 0.095000 0.095000
