1 0.270000 0.235000 0.095000 0.095000
4 0.347500 0.255000 0.095000 0.095000
3 0.505000 0.292500 0.095000 0.095000
0 0.582500 0.312500 0.095000 0.095000
4 0.662500 0.330000 0.095000 0.095000
4 0.820000 0.367500 0.095000 0.095000
3 0.407500 0.352500 0.095000 0.095000
1 0.642500 0.410000 0.095000 0.095000
2 0.152500 0.375000 0.095000 0.095000
1 0.387500 0.430000 0.095000 0.095000
0 0.467500 0.450000 0.095000 0.095000
4 0.860000 0.545000 0.095000 0.095000
4 0.135000 0.452500 0.095000 0.095000
4 0.290000 0.490000 0.095000 0.095000
4 0.447500 0.527500 0.095000 0.095000
0 0.527500 0.547500 0.095000 0.095000
3 0.685000 0.585000 0.095000 0.095000
4 0.840000 0.622500 0.095000 0.095000
4 0.115000 0.530000 0.095000 0.095000
1 0.192500 0.550000 0.095000 0.095000
2 0.272500 0.570000 0.095000 0.095000
1 0.587500 0.645000 0.095000 0.095000
2 0.822500 0.702500 0.095000 0.095000
4 0.095000 0.610000 0.095000 0.095000
4 0.332500 0.667500 0.095000 0.095000
4 0.410000 0.685000 0.095000 0.095000
1 0.490000 0.705000 0.095000 0.095000
1 0.645000 0.742500 0.095000 0.095000
2 0.725000 0.760000 0.095000 0.095000
3 0.802500 0.780000 0.095000 0.095000
