4 0.328750 0.276250 0.087500 0.087500
2 0.521250 0.356250 0.087500 0.087500
4 0.711250 0.438750 0.087500 0.087500
1 0.773750 0.466250 0.087500 0.087500
4 0.838750 0.491250 0.087500 0.087500
1 0.493750 0.421250 0.087500 0.087500
2 0.556250 0.448750 0.087500 0.087500
0 0.683750 0.501250 0.087500 0.087500
2 0.748750 0.528750 0.087500 0.087500
0 0.811250 0.556250 0.087500 0.087500
4 0.873750 0.583750 0.087500 0.087500
4 0.211250 0.376250 0.087500 0.087500
4 0.276250 0.403750 0.087500 0.087500
4 0.466250 0.483750 0.087500 0.087500
1 0.593750 0.538750 0.087500 0.087500
4 0.121250 0.413750 0.087500 0.087500
1 0.376250 0.521250 0.087500 0.087500
2 0.438750 0.548750 0.087500 0.087500
4 0.566250 0.601250 0.087500 0.087500
4 0.628750 0.628750 0.087500 0.087500
1 0.693750 0.656250 0.087500 0.087500
1 0.093750 0.476250 0.087500 0.087500
1 0.158750 0.503750 0.087500 0.087500
4 0.221250 0.531250 0.087500 0.087500
2 0.283750 0.558750 0.087500 0.087500
0 0.411250 0.611250 0.087500 0.087500
1 0.476250 0.638750 0.087500 0.087500
1 0.538750 0.666250 0.087500 0.087500
0 0.666250 0.718750 0.087500 0.087500
4 0.793750 0.773750 0.087500 0.087500
