2 0.278750 0.461250 0.092500 0.092500
1 0.338750 0.428750 0.092500 0.092500
1 0.398750 0.393750 0.092500 0.092500
1 0.518750 0.323750 0.092500 0.092500
4 0.701250 0.221250 0.092500 0.092500
1 0.131250 0.626250 0.092500 0.092500
4 0.191250 0.591250 0.092500 0.092500
2 0.251250 0.556250 0.092500 0.092500
3 0.736250 0.281250 0.092500 0.092500
1 0.796250 0.246250 0.092500 0.092500
2 0.166250 0.686250 0.092500 0.092500
4 0.226250 0.651250 0.092500 0.092500
1 0.286250 0.618750 0.092500 0.092500
4 0.468750 0.513750 0.092500 0.092500
4 0.528750 0.478750 0.092500 0.092500
2 0.648750 0.411250 0.092500 0.092500
1 0.711250 0.376250 0.092500 0.092500
0 0.198750 0.748750 0.092500 0.092500
1 0.321250 0.678750 0.092500 0.092500
1 0.381250 0.643750 0.092500 0.092500
4 0.441250 0.608750 0.092500 0.092500
1 0.683750 0.471250 0.092500 0.092500
4 0.743750 0.436250 0.092500 0.092500
4 0.806250 0.401250 0.092500 0.092500
1 0.866250 0.366250 0.092500 0.092500
4 0.356250 0.738750 0.092500 0.092500
4 0.718750 0.531250 0.092500 0.092500
2 0.901250 0.428750 0.092500 0.092500
