4 0.172500 0.422500 0.100000 0.100000
1 0.605000 0.242500 0.100000 0.100000
2 0.202500 0.495000 0.100000 0.100000
1 0.275000 0.465000 0.100000 0.100000
4 0.490000 0.375000 0.100000 0.100000
0 0.232500 0.565000 0.100000 0.100000
1 0.305000 0.535000 0.100000 0.100000
4 0.375000 0.505000 0.100000 0.100000
1 0.592500 0.417500 0.100000 0.100000
4 0.735000 0.357500 0.100000 0.100000
1 0.807500 0.327500 0.100000 0.100000
3 0.190000 0.667500 0.100000 0.100000
4 0.765000 0.430000 0.100000 0.100000
4 0.837500 0.400000 0.100000 0.100000
4 0.362500 0.680000 0.100000 0.100000
1 0.652500 0.560000 0.100000 0.100000
4 0.867500 0.472500 0.100000 0.100000
1 0.322500 0.782500 0.100000 0.100000
1 0.392500 0.752500 0.100000 0.100000
1 0.465000 0.722500 0.100000 0.100000
1 0.610000 0.662500 0.100000 0.100000
4 0.825000 0.572500 0.100000 0.100000
