4 0.271250 0.286250 0.077500 0.077500
4 0.696250 0.498750 0.077500 0.077500
4 0.748750 0.523750 0.077500 0.077500
4 0.853750 0.578750 0.077500 0.077500
4 0.193750 0.313750 0.077500 0.077500
4 0.298750 0.366250 0.077500 0.077500
1 0.403750 0.418750 0.077500 0.077500
1 0.563750 0.498750 0.077500 0.077500
4 0.773750 0.603750 0.077500 0.077500
1 0.881250 0.656250 0.077500 0.077500
1 0.166250 0.366250 0.077500 0.077500
1 0.218750 0.393750 0.077500 0.077500
0 0.271250 0.418750 0.077500 0.077500
2 0.378750 0.471250 0.077500 0.077500
2 0.483750 0.523750 0.077500 0.077500
4 0.588750 0.578750 0.077500 0.077500
4 0.696250 0.631250 0.077500 0.077500
0 0.853750 0.708750 0.077500 0.077500
4 0.141250 0.418750 0.077500 0.077500
2 0.193750 0.446250 0.077500 0.077500
0 0.246250 0.471250 0.077500 0.077500
1 0.351250 0.526250 0.077500 0.077500
1 0.458750 0.578750 0.077500 0.077500
3 0.616250 0.656250 0.077500 0.077500
4 0.668750 0.683750 0.077500 0.077500
0 0.721250 0.708750 0.077500 0.077500
