2 0.088750 0.343750 0.072500 0.072500
2 0.611250 0.348750 0.072500 0.072500
4 0.908750 0.353750 0.072500 0.072500
1 0.163750 0.418750 0.072500 0.072500
4 0.238750 0.418750 0.072500 0.072500
4 0.461250 0.421250 0.072500 0.072500
4 0.536250 0.423750 0.072500 0.072500
4 0.758750 0.426250 0.072500 0.072500
4 0.833750 0.426250 0.072500 0.072500
1 0.908750 0.426250 0.072500 0.072500
4 0.311250 0.493750 0.072500 0.072500
4 0.461250 0.496250 0.072500 0.072500
4 0.608750 0.498750 0.072500 0.072500
1 0.758750 0.498750 0.072500 0.072500
4 0.236250 0.568750 0.072500 0.072500
1 0.311250 0.568750 0.072500 0.072500
2 0.683750 0.573750 0.072500 0.072500
2 0.758750 0.573750 0.072500 0.072500
1 0.236250 0.643750 0.072500 0.072500
1 0.308750 0.643750 0.072500 0.072500
4 0.383750 0.643750 0.072500 0.072500
2 0.608750 0.646250 0.072500 0.072500
4 0.681250 0.648750 0.072500 0.072500
0 0.756250 0.648750 0.072500 0.072500
1 0.831250 0.648750 0.072500 0.072500
0 0.906250 0.651250 0.072500 0.072500
