1 0.525000 0.415000 0.070000 0.070000
0 0.580000 0.432500 0.070000 0.070000
2 0.690000 0.470000 0.070000 0.070000
1 0.800000 0.507500 0.070000 0.070000
4 0.122500 0.337500 0.070000 0.070000
4 0.232500 0.375000 0.070000 0.070000
1 0.397500 0.432500 0.070000 0.070000
4 0.452500 0.450000 0.070000 0.070000
2 0.617500 0.505000 0.070000 0.070000
4 0.672500 0.525000 0.070000 0.070000
0 0.782500 0.562500 0.070000 0.070000
4 0.892500 0.600000 0.070000 0.070000
1 0.102500 0.392500 0.070000 0.070000
3 0.267500 0.450000 0.070000 0.070000
1 0.652500 0.580000 0.070000 0.070000
1 0.707500 0.597500 0.070000 0.070000
2 0.140000 0.467500 0.070000 0.070000
4 0.250000 0.505000 0.070000 0.070000
3 0.360000 0.542500 0.070000 0.070000
0 0.525000 0.597500 0.070000 0.070000
1 0.580000 0.615000 0.070000 0.070000
3 0.635000 0.635000 0.070000 0.070000
0 0.690000 0.652500 0.070000 0.070000
2 0.745000 0.672500 0.070000 0.070000
4 0.800000 0.690000 0.070000 0.070000
