1 0.172500 0.345000 0.065000 0.065000
4 0.230000 0.357500 0.065000 0.065000
4 0.285000 0.367500 0.065000 0.065000
4 0.857500 0.475000 0.065000 0.065000
1 0.912500 0.487500 0.065000 0.065000
2 0.160000 0.402500 0.065000 0.065000
4 0.502500 0.467500 0.065000 0.065000
4 0.787500 0.522500 0.065000 0.065000
4 0.845000 0.532500 0.065000 0.065000
4 0.902500 0.545000 0.065000 0.065000
1 0.150000 0.460000 0.065000 0.065000
1 0.265000 0.482500 0.065000 0.065000
0 0.435000 0.515000 0.065000 0.065000
3 0.492500 0.525000 0.065000 0.065000
1 0.662500 0.557500 0.065000 0.065000
3 0.835000 0.590000 0.065000 0.065000
4 0.140000 0.517500 0.065000 0.065000
1 0.252500 0.540000 0.065000 0.065000
1 0.310000 0.550000 0.065000 0.065000
3 0.425000 0.572500 0.065000 0.065000
3 0.482500 0.582500 0.065000 0.065000
4 0.537500 0.592500 0.065000 0.065000
4 0.652500 0.615000 0.065000 0.065000
0 0.767500 0.637500 0.065000 0.065000
