2 0.085000 0.582500 0.075000 0.075000
4 0.140000 0.560000 0.075000 0.075000
4 0.355000 0.465000 0.075000 0.075000
4 0.462500 0.417500 0.075000 0.075000
4 0.675000 0.322500 0.075000 0.075000
4 0.162500 0.612500 0.075000 0.075000
2 0.270000 0.565000 0.075000 0.075000
3 0.540000 0.447500 0.075000 0.075000
1 0.752500 0.352500 0.075000 0.075000
1 0.295000 0.620000 0.075000 0.075000
1 0.402500 0.572500 0.075000 0.075000
4 0.562500 0.502500 0.075000 0.075000
4 0.615000 0.477500 0.075000 0.075000
1 0.670000 0.455000 0.075000 0.075000
2 0.830000 0.382500 0.075000 0.075000
2 0.885000 0.360000 0.075000 0.075000
3 0.585000 0.555000 0.075000 0.075000
1 0.640000 0.532500 0.075000 0.075000
4 0.747500 0.485000 0.075000 0.075000
1 0.855000 0.437500 0.075000 0.075000
