3 0.172500 0.342500 0.065000 0.065000
1 0.287500 0.365000 0.065000 0.065000
1 0.345000 0.377500 0.065000 0.065000
2 0.400000 0.387500 0.065000 0.065000
4 0.457500 0.400000 0.065000 0.065000
4 0.572500 0.422500 0.065000 0.065000
4 0.742500 0.457500 0.065000 0.065000
1 0.912500 0.492500 0.065000 0.065000
4 0.105000 0.387500 0.065000 0.065000
1 0.162500 0.397500 0.065000 0.065000
1 0.332500 0.432500 0.065000 0.065000
1 0.390000 0.445000 0.065000 0.065000
0 0.730000 0.515000 0.065000 0.065000
0 0.787500 0.525000 0.065000 0.065000
4 0.265000 0.477500 0.065000 0.065000
3 0.435000 0.512500 0.065000 0.065000
1 0.605000 0.547500 0.065000 0.065000
4 0.720000 0.570000 0.065000 0.065000
3 0.775000 0.582500 0.065000 0.065000
1 0.140000 0.512500 0.065000 0.065000
3 0.195000 0.525000 0.065000 0.065000
3 0.310000 0.547500 0.065000 0.065000
2 0.822500 0.650000 0.065000 0.065000
1 0.877500 0.662500 0.065000 0.065000
