4 0.081250 0.401250 0.057500 0.057500
1 0.261250 0.403750 0.057500 0.057500
1 0.498750 0.406250 0.057500 0.057500
0 0.916250 0.413750 0.057500 0.057500
1 0.081250 0.461250 0.057500 0.057500
0 0.138750 0.461250 0.057500 0.057500
4 0.198750 0.461250 0.057500 0.057500
3 0.318750 0.463750 0.057500 0.057500
4 0.558750 0.468750 0.057500 0.057500
1 0.618750 0.468750 0.057500 0.057500
1 0.736250 0.471250 0.057500 0.057500
3 0.138750 0.521250 0.057500 0.057500
3 0.438750 0.526250 0.057500 0.057500
1 0.496250 0.526250 0.057500 0.057500
4 0.556250 0.526250 0.057500 0.057500
1 0.736250 0.531250 0.057500 0.057500
4 0.856250 0.531250 0.057500 0.057500
4 0.078750 0.578750 0.057500 0.057500
1 0.316250 0.583750 0.057500 0.057500
4 0.436250 0.586250 0.057500 0.057500
4 0.496250 0.586250 0.057500 0.057500
1 0.556250 0.586250 0.057500 0.057500
1 0.793750 0.591250 0.057500 0.057500
