1 0.296250 0.403750 0.082500 0.082500
4 0.431250 0.371250 0.082500 0.082500
2 0.498750 0.353750 0.082500 0.082500
1 0.703750 0.303750 0.082500 0.082500
4 0.108750 0.521250 0.082500 0.082500
1 0.176250 0.503750 0.082500 0.082500
4 0.243750 0.488750 0.082500 0.082500
4 0.583750 0.406250 0.082500 0.082500
1 0.856250 0.338750 0.082500 0.082500
1 0.123750 0.588750 0.082500 0.082500
1 0.261250 0.556250 0.082500 0.082500
1 0.396250 0.523750 0.082500 0.082500
4 0.668750 0.456250 0.082500 0.082500
1 0.736250 0.441250 0.082500 0.082500
2 0.803750 0.423750 0.082500 0.082500
2 0.141250 0.658750 0.082500 0.082500
4 0.343750 0.608750 0.082500 0.082500
2 0.548750 0.558750 0.082500 0.082500
0 0.616250 0.541250 0.082500 0.082500
4 0.683750 0.523750 0.082500 0.082500
4 0.753750 0.508750 0.082500 0.082500
2 0.821250 0.491250 0.082500 0.082500
0 0.888750 0.476250 0.082500 0.082500
4 0.158750 0.726250 0.082500 0.082500
1 0.293750 0.691250 0.082500 0.082500
1 0.361250 0.676250 0.082500 0.082500
0 0.498750 0.643750 0.082500 0.082500
2 0.633750 0.608750 0.082500 0.082500
2 0.701250 0.593750 0.082500 0.082500
1 0.768750 0.576250 0.082500 0.082500
