1 0.158750 0.401250 0.077500 0.077500
2 0.441250 0.361250 0.077500 0.077500
4 0.723750 0.318750 0.077500 0.077500
1 0.098750 0.481250 0.077500 0.077500
2 0.381250 0.441250 0.077500 0.077500
3 0.108750 0.551250 0.077500 0.077500
2 0.178750 0.541250 0.077500 0.077500
1 0.248750 0.531250 0.077500 0.077500
2 0.318750 0.521250 0.077500 0.077500
0 0.531250 0.491250 0.077500 0.077500
4 0.603750 0.481250 0.077500 0.077500
1 0.743750 0.461250 0.077500 0.077500
2 0.328750 0.591250 0.077500 0.077500
0 0.613750 0.551250 0.077500 0.077500
4 0.753750 0.531250 0.077500 0.077500
0 0.896250 0.511250 0.077500 0.077500
4 0.128750 0.693750 0.077500 0.077500
4 0.198750 0.683750 0.077500 0.077500
4 0.268750 0.673750 0.077500 0.077500
1 0.693750 0.613750 0.077500 0.077500
1 0.763750 0.603750 0.077500 0.077500
4 0.833750 0.591250 0.077500 0.077500
4 0.906250 0.581250 0.077500 0.077500
