1 0.192500 0.215000 0.095000 0.095000
4 0.820000 0.370000 0.095000 0.095000
4 0.897500 0.387500 0.095000 0.095000
1 0.172500 0.292500 0.095000 0.095000
4 0.252500 0.312500 0.095000 0.095000
1 0.330000 0.332500 0.095000 0.095000
4 0.407500 0.350000 0.095000 0.095000
0 0.232500 0.390000 0.095000 0.095000
4 0.625000 0.487500 0.095000 0.095000
4 0.702500 0.505000 0.095000 0.095000
2 0.780000 0.525000 0.095000 0.095000
4 0.860000 0.545000 0.095000 0.095000
4 0.212500 0.467500 0.095000 0.095000
4 0.292500 0.487500 0.095000 0.095000
0 0.370000 0.507500 0.095000 0.095000
1 0.447500 0.527500 0.095000 0.095000
0 0.762500 0.602500 0.095000 0.095000
1 0.840000 0.622500 0.095000 0.095000
4 0.195000 0.547500 0.095000 0.095000
4 0.507500 0.625000 0.095000 0.095000
2 0.665000 0.662500 0.095000 0.095000
2 0.742500 0.682500 0.095000 0.095000
4 0.097500 0.605000 0.095000 0.095000
4 0.175000 0.625000 0.095000 0.095000
0 0.565000 0.722500 0.095000 0.095000
4 0.645000 0.740000 0.095000 0.095000
1 0.722500 0.760000 0.095000 0.095000
