3 0.093750 0.376250 0.062500 0.062500
4 0.211250 0.386250 0.062500 0.062500
4 0.506250 0.411250 0.062500 0.062500
4 0.738750 0.431250 0.062500 0.062500
1 0.148750 0.438750 0.062500 0.062500
4 0.206250 0.443750 0.062500 0.062500
1 0.323750 0.453750 0.062500 0.062500
0 0.558750 0.473750 0.062500 0.062500
2 0.676250 0.483750 0.062500 0.062500
1 0.733750 0.488750 0.062500 0.062500
0 0.911250 0.503750 0.062500 0.062500
1 0.201250 0.503750 0.062500 0.062500
1 0.261250 0.508750 0.062500 0.062500
4 0.671250 0.543750 0.062500 0.062500
3 0.846250 0.558750 0.062500 0.062500
2 0.078750 0.551250 0.062500 0.062500
2 0.138750 0.556250 0.062500 0.062500
4 0.431250 0.581250 0.062500 0.062500
1 0.548750 0.591250 0.062500 0.062500
1 0.783750 0.611250 0.062500 0.062500
2 0.841250 0.616250 0.062500 0.062500
