1 0.250000 0.335000 0.075000 0.075000
0 0.325000 0.340000 0.075000 0.075000
4 0.615000 0.360000 0.075000 0.075000
1 0.687500 0.365000 0.075000 0.075000
4 0.762500 0.370000 0.075000 0.075000
4 0.835000 0.372500 0.075000 0.075000
4 0.172500 0.402500 0.075000 0.075000
0 0.247500 0.407500 0.075000 0.075000
2 0.392500 0.417500 0.075000 0.075000
1 0.757500 0.442500 0.075000 0.075000
2 0.830000 0.447500 0.075000 0.075000
4 0.902500 0.452500 0.075000 0.075000
3 0.167500 0.477500 0.075000 0.075000
4 0.242500 0.482500 0.075000 0.075000
4 0.315000 0.485000 0.075000 0.075000
1 0.387500 0.490000 0.075000 0.075000
4 0.237500 0.555000 0.075000 0.075000
3 0.382500 0.565000 0.075000 0.075000
0 0.527500 0.572500 0.075000 0.075000
1 0.675000 0.582500 0.075000 0.075000
2 0.747500 0.587500 0.075000 0.075000
2 0.820000 0.592500 0.075000 0.075000
2 0.892500 0.597500 0.075000 0.075000
0 0.160000 0.622500 0.075000 0.075000
1 0.377500 0.637500 0.075000 0.075000
4 0.597500 0.650000 0.075000 0.075000
4 0.670000 0.655000 0.075000 0.075000
4 0.815000 0.665000 0.075000 0.075000
