2 0.172500 0.252500 0.085000 0.085000
3 0.240000 0.272500 0.085000 0.085000
1 0.305000 0.292500 0.085000 0.085000
4 0.437500 0.335000 0.085000 0.085000
1 0.505000 0.355000 0.085000 0.085000
4 0.570000 0.375000 0.085000 0.085000
1 0.637500 0.395000 0.085000 0.085000
0 0.705000 0.415000 0.085000 0.085000
4 0.837500 0.455000 0.085000 0.085000
4 0.902500 0.475000 0.085000 0.085000
1 0.217500 0.340000 0.085000 0.085000
4 0.352500 0.380000 0.085000 0.085000
4 0.417500 0.400000 0.085000 0.085000
4 0.485000 0.420000 0.085000 0.085000
1 0.685000 0.482500 0.085000 0.085000
4 0.817500 0.522500 0.085000 0.085000
1 0.882500 0.542500 0.085000 0.085000
2 0.330000 0.447500 0.085000 0.085000
4 0.397500 0.467500 0.085000 0.085000
2 0.465000 0.487500 0.085000 0.085000
2 0.597500 0.527500 0.085000 0.085000
2 0.730000 0.567500 0.085000 0.085000
1 0.112500 0.452500 0.085000 0.085000
4 0.177500 0.472500 0.085000 0.085000
4 0.245000 0.492500 0.085000 0.085000
4 0.577500 0.595000 0.085000 0.085000
1 0.642500 0.615000 0.085000 0.085000
0 0.842500 0.675000 0.085000 0.085000
1 0.622500 0.680000 0.085000 0.085000
0 0.690000 0.702500 0.085000 0.085000
