2 0.095000 0.540000 0.090000 0.090000
4 0.157500 0.510000 0.090000 0.090000
0 0.220000 0.480000 0.090000 0.090000
1 0.282500 0.450000 0.090000 0.090000
1 0.407500 0.387500 0.090000 0.090000
4 0.532500 0.327500 0.090000 0.090000
1 0.125000 0.602500 0.090000 0.090000
4 0.250000 0.542500 0.090000 0.090000
1 0.312500 0.512500 0.090000 0.090000
1 0.625000 0.360000 0.090000 0.090000
4 0.747500 0.300000 0.090000 0.090000
4 0.810000 0.270000 0.090000 0.090000
4 0.280000 0.605000 0.090000 0.090000
4 0.342500 0.572500 0.090000 0.090000
2 0.405000 0.542500 0.090000 0.090000
1 0.530000 0.482500 0.090000 0.090000
2 0.717500 0.392500 0.090000 0.090000
0 0.777500 0.362500 0.090000 0.090000
2 0.185000 0.727500 0.090000 0.090000
1 0.372500 0.635000 0.090000 0.090000
2 0.622500 0.515000 0.090000 0.090000
4 0.810000 0.425000 0.090000 0.090000
3 0.215000 0.790000 0.090000 0.090000
4 0.277500 0.760000 0.090000 0.090000
4 0.402500 0.697500 0.090000 0.090000
4 0.465000 0.667500 0.090000 0.090000
1 0.527500 0.637500 0.090000 0.090000
4 0.590000 0.607500 0.090000 0.090000
4 0.652500 0.577500 0.090000 0.090000
1 0.715000 0.547500 0.090000 0.090000
4 0.840000 0.487500 0.090000 0.090000
0 0.902500 0.457500 0.090000 0.090000
