4 0.175000 0.360000 0.095000 0.095000
4 0.255000 0.342500 0.095000 0.095000
0 0.412500 0.307500 0.095000 0.095000
4 0.492500 0.290000 0.095000 0.095000
4 0.572500 0.272500 0.095000 0.095000
1 0.730000 0.237500 0.095000 0.095000
2 0.115000 0.457500 0.095000 0.095000
2 0.192500 0.440000 0.095000 0.095000
3 0.272500 0.422500 0.095000 0.095000
1 0.352500 0.405000 0.095000 0.095000
0 0.510000 0.370000 0.095000 0.095000
3 0.747500 0.317500 0.095000 0.095000
1 0.827500 0.297500 0.095000 0.095000
1 0.370000 0.485000 0.095000 0.095000
0 0.450000 0.467500 0.095000 0.095000
1 0.607500 0.430000 0.095000 0.095000
4 0.687500 0.412500 0.095000 0.095000
4 0.845000 0.377500 0.095000 0.095000
1 0.150000 0.617500 0.095000 0.095000
1 0.307500 0.580000 0.095000 0.095000
4 0.705000 0.492500 0.095000 0.095000
4 0.562500 0.607500 0.095000 0.095000
3 0.185000 0.775000 0.095000 0.095000
2 0.422500 0.722500 0.095000 0.095000
4 0.580000 0.687500 0.095000 0.095000
1 0.660000 0.670000 0.095000 0.095000
1 0.740000 0.650000 0.095000 0.095000
2 0.897500 0.615000 0.095000 0.095000
