4 0.137500 0.417500 0.060000 0.060000
1 0.257500 0.415000 0.060000 0.060000
4 0.317500 0.412500 0.060000 0.060000
1 0.375000 0.410000 0.060000 0.060000
1 0.435000 0.410000 0.060000 0.060000
2 0.495000 0.407500 0.060000 0.060000
4 0.555000 0.407500 0.060000 0.060000
1 0.615000 0.405000 0.060000 0.060000
2 0.852500 0.400000 0.060000 0.060000
2 0.140000 0.477500 0.060000 0.060000
4 0.437500 0.470000 0.060000 0.060000
2 0.735000 0.462500 0.060000 0.060000
3 0.140000 0.535000 0.060000 0.060000
4 0.200000 0.535000 0.060000 0.060000
1 0.260000 0.532500 0.060000 0.060000
1 0.320000 0.532500 0.060000 0.060000
1 0.380000 0.530000 0.060000 0.060000
4 0.437500 0.527500 0.060000 0.060000
4 0.557500 0.525000 0.060000 0.060000
4 0.617500 0.525000 0.060000 0.060000
0 0.677500 0.522500 0.060000 0.060000
4 0.737500 0.522500 0.060000 0.060000
2 0.795000 0.520000 0.060000 0.060000
4 0.142500 0.595000 0.060000 0.060000
2 0.202500 0.595000 0.060000 0.060000
3 0.737500 0.580000 0.060000 0.060000
2 0.797500 0.580000 0.060000 0.060000
0 0.857500 0.577500 0.060000 0.060000
