2 0.092500 0.497500 0.085000 0.085000
0 0.222500 0.450000 0.085000 0.085000
4 0.352500 0.402500 0.085000 0.085000
1 0.547500 0.332500 0.085000 0.085000
2 0.612500 0.307500 0.085000 0.085000
4 0.677500 0.285000 0.085000 0.085000
2 0.115000 0.562500 0.085000 0.085000
4 0.180000 0.537500 0.085000 0.085000
1 0.377500 0.467500 0.085000 0.085000
4 0.507500 0.420000 0.085000 0.085000
1 0.637500 0.372500 0.085000 0.085000
4 0.767500 0.327500 0.085000 0.085000
4 0.832500 0.302500 0.085000 0.085000
4 0.140000 0.627500 0.085000 0.085000
1 0.205000 0.605000 0.085000 0.085000
2 0.530000 0.485000 0.085000 0.085000
2 0.595000 0.462500 0.085000 0.085000
4 0.660000 0.437500 0.085000 0.085000
3 0.855000 0.367500 0.085000 0.085000
1 0.162500 0.692500 0.085000 0.085000
4 0.422500 0.597500 0.085000 0.085000
2 0.487500 0.575000 0.085000 0.085000
4 0.555000 0.550000 0.085000 0.085000
4 0.750000 0.480000 0.085000 0.085000
4 0.880000 0.432500 0.085000 0.085000
1 0.317500 0.710000 0.085000 0.085000
1 0.447500 0.662500 0.085000 0.085000
1 0.772500 0.545000 0.085000 0.085000
