4 0.236250 0.423750 0.102500 0.102500
1 0.371250 0.348750 0.102500 0.102500
4 0.438750 0.311250 0.102500 0.102500
1 0.503750 0.271250 0.102500 0.102500
0 0.571250 0.233750 0.102500 0.102500
4 0.638750 0.196250 0.102500 0.102500
2 0.706250 0.158750 0.102500 0.102500
2 0.206250 0.528750 0.102500 0.102500
4 0.341250 0.453750 0.102500 0.102500
4 0.176250 0.633750 0.102500 0.102500
4 0.311250 0.558750 0.102500 0.102500
4 0.581250 0.406250 0.102500 0.102500
2 0.648750 0.368750 0.102500 0.102500
1 0.781250 0.293750 0.102500 0.102500
4 0.281250 0.663750 0.102500 0.102500
0 0.348750 0.626250 0.102500 0.102500
0 0.416250 0.586250 0.102500 0.102500
1 0.618750 0.473750 0.102500 0.102500
1 0.686250 0.436250 0.102500 0.102500
1 0.751250 0.398750 0.102500 0.102500
4 0.818750 0.361250 0.102500 0.102500
1 0.318750 0.731250 0.102500 0.102500
3 0.453750 0.653750 0.102500 0.102500
1 0.521250 0.616250 0.102500 0.102500
4 0.791250 0.466250 0.102500 0.102500
0 0.423750 0.758750 0.102500 0.102500
4 0.558750 0.683750 0.102500 0.102500
4 0.626250 0.646250 0.102500 0.102500
2 0.761250 0.571250 0.102500 0.102500
2 0.828750 0.533750 0.102500 0.102500
