2 0.250000 0.362500 0.095000 0.095000
1 0.327500 0.340000 0.095000 0.095000
3 0.402500 0.317500 0.095000 0.095000
1 0.480000 0.295000 0.095000 0.095000
2 0.555000 0.272500 0.095000 0.095000
4 0.707500 0.227500 0.095000 0.095000
1 0.120000 0.482500 0.095000 0.095000
2 0.197500 0.460000 0.095000 0.095000
4 0.807500 0.280000 0.095000 0.095000
1 0.142500 0.560000 0.095000 0.095000
4 0.220000 0.537500 0.095000 0.095000
1 0.372500 0.492500 0.095000 0.095000
0 0.752500 0.380000 0.095000 0.095000
1 0.395000 0.567500 0.095000 0.095000
3 0.470000 0.545000 0.095000 0.095000
1 0.852500 0.432500 0.095000 0.095000
1 0.265000 0.690000 0.095000 0.095000
1 0.340000 0.667500 0.095000 0.095000
0 0.492500 0.622500 0.095000 0.095000
0 0.722500 0.555000 0.095000 0.095000
1 0.797500 0.532500 0.095000 0.095000
1 0.210000 0.790000 0.095000 0.095000
4 0.287500 0.767500 0.095000 0.095000
4 0.362500 0.742500 0.095000 0.095000
1 0.440000 0.720000 0.095000 0.095000
3 0.515000 0.697500 0.095000 0.095000
2 0.592500 0.675000 0.095000 0.095000
1 0.667500 0.652500 0.095000 0.095000
4 0.745000 0.630000 0.095000 0.095000
1 0.820000 0.607500 0.095000 0.095000
