4 0.198750 0.413750 0.057500 0.057500
0 0.256250 0.411250 0.057500 0.057500
4 0.316250 0.411250 0.057500 0.057500
1 0.436250 0.408750 0.057500 0.057500
0 0.496250 0.406250 0.057500 0.057500
1 0.616250 0.403750 0.057500 0.057500
1 0.673750 0.403750 0.057500 0.057500
1 0.078750 0.473750 0.057500 0.057500
0 0.138750 0.473750 0.057500 0.057500
4 0.318750 0.471250 0.057500 0.057500
4 0.378750 0.468750 0.057500 0.057500
4 0.556250 0.466250 0.057500 0.057500
4 0.676250 0.463750 0.057500 0.057500
3 0.853750 0.458750 0.057500 0.057500
4 0.081250 0.533750 0.057500 0.057500
4 0.318750 0.528750 0.057500 0.057500
1 0.378750 0.528750 0.057500 0.057500
4 0.558750 0.523750 0.057500 0.057500
3 0.796250 0.521250 0.057500 0.057500
4 0.201250 0.591250 0.057500 0.057500
3 0.321250 0.588750 0.057500 0.057500
4 0.381250 0.588750 0.057500 0.057500
0 0.438750 0.586250 0.057500 0.057500
1 0.498750 0.586250 0.057500 0.057500
2 0.738750 0.581250 0.057500 0.057500
4 0.798750 0.578750 0.057500 0.057500
1 0.916250 0.576250 0.057500 0.057500
