1 0.097500 0.402500 0.095000 0.095000
4 0.480000 0.295000 0.095000 0.095000
4 0.557500 0.272500 0.095000 0.095000
1 0.635000 0.252500 0.095000 0.095000
4 0.712500 0.230000 0.095000 0.095000
1 0.272500 0.437500 0.095000 0.095000
4 0.502500 0.372500 0.095000 0.095000
2 0.580000 0.350000 0.095000 0.095000
4 0.655000 0.327500 0.095000 0.095000
1 0.732500 0.307500 0.095000 0.095000
1 0.810000 0.285000 0.095000 0.095000
4 0.217500 0.535000 0.095000 0.095000
3 0.292500 0.512500 0.095000 0.095000
2 0.370000 0.492500 0.095000 0.095000
1 0.447500 0.470000 0.095000 0.095000
1 0.525000 0.447500 0.095000 0.095000
1 0.677500 0.405000 0.095000 0.095000
4 0.832500 0.362500 0.095000 0.095000
1 0.162500 0.635000 0.095000 0.095000
3 0.237500 0.612500 0.095000 0.095000
2 0.315000 0.590000 0.095000 0.095000
2 0.392500 0.567500 0.095000 0.095000
1 0.470000 0.547500 0.095000 0.095000
3 0.545000 0.525000 0.095000 0.095000
1 0.567500 0.602500 0.095000 0.095000
3 0.645000 0.580000 0.095000 0.095000
1 0.875000 0.515000 0.095000 0.095000
2 0.512500 0.700000 0.095000 0.095000
4 0.820000 0.615000 0.095000 0.095000
