0 0.191250 0.268750 0.087500 0.087500
4 0.278750 0.271250 0.087500 0.087500
4 0.456250 0.273750 0.087500 0.087500
4 0.546250 0.276250 0.087500 0.087500
0 0.811250 0.281250 0.087500 0.087500
3 0.098750 0.356250 0.087500 0.087500
4 0.188750 0.356250 0.087500 0.087500
1 0.366250 0.361250 0.087500 0.087500
2 0.453750 0.363750 0.087500 0.087500
4 0.633750 0.366250 0.087500 0.087500
1 0.898750 0.371250 0.087500 0.087500
0 0.098750 0.443750 0.087500 0.087500
0 0.276250 0.448750 0.087500 0.087500
2 0.541250 0.453750 0.087500 0.087500
1 0.631250 0.453750 0.087500 0.087500
2 0.896250 0.461250 0.087500 0.087500
3 0.183750 0.533750 0.087500 0.087500
1 0.363750 0.538750 0.087500 0.087500
4 0.451250 0.541250 0.087500 0.087500
1 0.541250 0.541250 0.087500 0.087500
1 0.628750 0.543750 0.087500 0.087500
1 0.806250 0.546250 0.087500 0.087500
4 0.093750 0.621250 0.087500 0.087500
4 0.183750 0.623750 0.087500 0.087500
1 0.538750 0.631250 0.087500 0.087500
0 0.626250 0.633750 0.087500 0.087500
4 0.806250 0.636250 0.087500 0.087500
4 0.448750 0.718750 0.087500 0.087500
4 0.536250 0.718750 0.087500 0.087500
1 0.626250 0.721250 0.087500 0.087500
3 0.713750 0.723750 0.087500 0.087500
