4 0.293750 0.223750 0.092500 0.092500
0 0.353750 0.256250 0.092500 0.092500
1 0.413750 0.291250 0.092500 0.092500
4 0.476250 0.323750 0.092500 0.092500
4 0.536250 0.358750 0.092500 0.092500
1 0.596250 0.393750 0.092500 0.092500
4 0.656250 0.426250 0.092500 0.092500
4 0.718750 0.461250 0.092500 0.092500
0 0.778750 0.493750 0.092500 0.092500
4 0.838750 0.528750 0.092500 0.092500
1 0.901250 0.561250 0.092500 0.092500
0 0.258750 0.283750 0.092500 0.092500
3 0.318750 0.318750 0.092500 0.092500
1 0.501250 0.418750 0.092500 0.092500
4 0.563750 0.453750 0.092500 0.092500
4 0.623750 0.486250 0.092500 0.092500
1 0.866250 0.623750 0.092500 0.092500
1 0.346250 0.413750 0.092500 0.092500
2 0.406250 0.446250 0.092500 0.092500
4 0.528750 0.513750 0.092500 0.092500
1 0.588750 0.548750 0.092500 0.092500
4 0.711250 0.616250 0.092500 0.092500
0 0.131250 0.371250 0.092500 0.092500
2 0.191250 0.406250 0.092500 0.092500
1 0.373750 0.506250 0.092500 0.092500
0 0.433750 0.541250 0.092500 0.092500
4 0.556250 0.608750 0.092500 0.092500
0 0.738750 0.711250 0.092500 0.092500
4 0.218750 0.501250 0.092500 0.092500
0 0.521250 0.668750 0.092500 0.092500
