2 0.291250 0.408750 0.082500 0.082500
4 0.358750 0.388750 0.082500 0.082500
3 0.763750 0.283750 0.082500 0.082500
1 0.831250 0.263750 0.082500 0.082500
1 0.176250 0.511250 0.082500 0.082500
1 0.311250 0.476250 0.082500 0.082500
4 0.378750 0.456250 0.082500 0.082500
4 0.446250 0.438750 0.082500 0.082500
1 0.193750 0.578750 0.082500 0.082500
1 0.396250 0.523750 0.082500 0.082500
4 0.598750 0.471250 0.082500 0.082500
1 0.666250 0.453750 0.082500 0.082500
1 0.683750 0.521250 0.082500 0.082500
1 0.751250 0.503750 0.082500 0.082500
4 0.886250 0.466250 0.082500 0.082500
1 0.161250 0.731250 0.082500 0.082500
1 0.228750 0.713750 0.082500 0.082500
4 0.566250 0.623750 0.082500 0.082500
1 0.633750 0.606250 0.082500 0.082500
2 0.836250 0.551250 0.082500 0.082500
