3 0.387500 0.332500 0.100000 0.100000
1 0.530000 0.272500 0.100000 0.100000
3 0.675000 0.212500 0.100000 0.100000
1 0.745000 0.182500 0.100000 0.100000
4 0.130000 0.525000 0.100000 0.100000
4 0.200000 0.495000 0.100000 0.100000
0 0.632500 0.315000 0.100000 0.100000
4 0.447500 0.477500 0.100000 0.100000
2 0.517500 0.447500 0.100000 0.100000
0 0.735000 0.357500 0.100000 0.100000
2 0.190000 0.667500 0.100000 0.100000
4 0.332500 0.607500 0.100000 0.100000
1 0.405000 0.577500 0.100000 0.100000
4 0.547500 0.517500 0.100000 0.100000
1 0.620000 0.487500 0.100000 0.100000
0 0.765000 0.427500 0.100000 0.100000
4 0.507500 0.620000 0.100000 0.100000
3 0.247500 0.812500 0.100000 0.100000
1 0.392500 0.752500 0.100000 0.100000
4 0.465000 0.722500 0.100000 0.100000
1 0.537500 0.692500 0.100000 0.100000
4 0.825000 0.572500 0.100000 0.100000
