1 0.160000 0.365000 0.075000 0.075000
4 0.232500 0.362500 0.075000 0.075000
4 0.307500 0.357500 0.075000 0.075000
1 0.455000 0.352500 0.075000 0.075000
4 0.527500 0.347500 0.075000 0.075000
4 0.675000 0.342500 0.075000 0.075000
0 0.822500 0.335000 0.075000 0.075000
3 0.895000 0.332500 0.075000 0.075000
1 0.090000 0.442500 0.075000 0.075000
1 0.457500 0.425000 0.075000 0.075000
4 0.530000 0.422500 0.075000 0.075000
3 0.312500 0.505000 0.075000 0.075000
1 0.387500 0.502500 0.075000 0.075000
0 0.755000 0.485000 0.075000 0.075000
1 0.902500 0.480000 0.075000 0.075000
1 0.095000 0.587500 0.075000 0.075000
1 0.390000 0.575000 0.075000 0.075000
1 0.462500 0.572500 0.075000 0.075000
4 0.610000 0.565000 0.075000 0.075000
3 0.100000 0.662500 0.075000 0.075000
2 0.172500 0.660000 0.075000 0.075000
1 0.467500 0.645000 0.075000 0.075000
4 0.615000 0.640000 0.075000 0.075000
