4 0.126250 0.301250 0.077500 0.077500
0 0.411250 0.341250 0.077500 0.077500
4 0.551250 0.358750 0.077500 0.077500
3 0.623750 0.368750 0.077500 0.077500
4 0.906250 0.406250 0.077500 0.077500
4 0.188750 0.383750 0.077500 0.077500
2 0.258750 0.391250 0.077500 0.077500
4 0.331250 0.401250 0.077500 0.077500
4 0.471250 0.421250 0.077500 0.077500
4 0.108750 0.443750 0.077500 0.077500
1 0.248750 0.463750 0.077500 0.077500
3 0.321250 0.473750 0.077500 0.077500
3 0.533750 0.501250 0.077500 0.077500
4 0.676250 0.521250 0.077500 0.077500
2 0.816250 0.538750 0.077500 0.077500
3 0.381250 0.553750 0.077500 0.077500
4 0.736250 0.601250 0.077500 0.077500
0 0.808750 0.611250 0.077500 0.077500
1 0.158750 0.596250 0.077500 0.077500
4 0.656250 0.661250 0.077500 0.077500
2 0.798750 0.681250 0.077500 0.077500
