1 0.085000 0.542500 0.070000 0.070000
1 0.140000 0.522500 0.070000 0.070000
4 0.305000 0.467500 0.070000 0.070000
4 0.470000 0.415000 0.070000 0.070000
0 0.525000 0.395000 0.070000 0.070000
3 0.745000 0.322500 0.070000 0.070000
1 0.800000 0.305000 0.070000 0.070000
1 0.855000 0.287500 0.070000 0.070000
1 0.765000 0.377500 0.070000 0.070000
2 0.875000 0.342500 0.070000 0.070000
4 0.232500 0.615000 0.070000 0.070000
2 0.672500 0.470000 0.070000 0.070000
1 0.782500 0.432500 0.070000 0.070000
1 0.837500 0.415000 0.070000 0.070000
1 0.470000 0.597500 0.070000 0.070000
4 0.525000 0.580000 0.070000 0.070000
1 0.580000 0.560000 0.070000 0.070000
1 0.635000 0.542500 0.070000 0.070000
4 0.690000 0.525000 0.070000 0.070000
2 0.800000 0.487500 0.070000 0.070000
4 0.855000 0.470000 0.070000 0.070000
