1 0.460000 0.302500 0.100000 0.100000
4 0.532500 0.272500 0.100000 0.100000
1 0.605000 0.242500 0.100000 0.100000
1 0.202500 0.492500 0.100000 0.100000
0 0.275000 0.462500 0.100000 0.100000
2 0.345000 0.435000 0.100000 0.100000
2 0.417500 0.405000 0.100000 0.100000
4 0.707500 0.285000 0.100000 0.100000
4 0.160000 0.595000 0.100000 0.100000
4 0.232500 0.565000 0.100000 0.100000
1 0.302500 0.535000 0.100000 0.100000
0 0.375000 0.505000 0.100000 0.100000
2 0.520000 0.447500 0.100000 0.100000
2 0.592500 0.417500 0.100000 0.100000
4 0.735000 0.357500 0.100000 0.100000
0 0.262500 0.637500 0.100000 0.100000
1 0.332500 0.607500 0.100000 0.100000
1 0.477500 0.547500 0.100000 0.100000
2 0.622500 0.490000 0.100000 0.100000
0 0.765000 0.430000 0.100000 0.100000
4 0.837500 0.400000 0.100000 0.100000
4 0.435000 0.650000 0.100000 0.100000
4 0.507500 0.620000 0.100000 0.100000
1 0.580000 0.590000 0.100000 0.100000
0 0.722500 0.532500 0.100000 0.100000
1 0.247500 0.810000 0.100000 0.100000
2 0.320000 0.782500 0.100000 0.100000
4 0.392500 0.752500 0.100000 0.100000
1 0.537500 0.692500 0.100000 0.100000
2 0.897500 0.545000 0.100000 0.100000
