1 0.252500 0.457500 0.065000 0.065000
4 0.425000 0.422500 0.065000 0.065000
1 0.595000 0.387500 0.065000 0.065000
1 0.652500 0.377500 0.065000 0.065000
1 0.822500 0.342500 0.065000 0.065000
0 0.092500 0.547500 0.065000 0.065000
1 0.377500 0.490000 0.065000 0.065000
4 0.605000 0.445000 0.065000 0.065000
2 0.662500 0.435000 0.065000 0.065000
4 0.720000 0.422500 0.065000 0.065000
0 0.777500 0.412500 0.065000 0.065000
4 0.832500 0.400000 0.065000 0.065000
0 0.890000 0.387500 0.065000 0.065000
2 0.105000 0.605000 0.065000 0.065000
2 0.162500 0.592500 0.065000 0.065000
4 0.217500 0.582500 0.065000 0.065000
4 0.275000 0.570000 0.065000 0.065000
4 0.390000 0.547500 0.065000 0.065000
4 0.447500 0.535000 0.065000 0.065000
4 0.502500 0.525000 0.065000 0.065000
1 0.560000 0.512500 0.065000 0.065000
2 0.730000 0.480000 0.065000 0.065000
2 0.787500 0.467500 0.065000 0.065000
4 0.845000 0.457500 0.065000 0.065000
0 0.115000 0.660000 0.065000 0.065000
1 0.172500 0.650000 0.065000 0.065000
4 0.287500 0.627500 0.065000 0.065000
1 0.345000 0.615000 0.065000 0.065000
3 0.457500 0.592500 0.065000 0.065000
