1 0.658750 0.256250 0.092500 0.092500
4 0.741250 0.241250 0.092500 0.092500
4 0.193750 0.431250 0.092500 0.092500
0 0.353750 0.398750 0.092500 0.092500
2 0.513750 0.368750 0.092500 0.092500
1 0.128750 0.526250 0.092500 0.092500
0 0.208750 0.511250 0.092500 0.092500
1 0.368750 0.478750 0.092500 0.092500
1 0.531250 0.448750 0.092500 0.092500
4 0.611250 0.433750 0.092500 0.092500
4 0.303750 0.576250 0.092500 0.092500
1 0.466250 0.543750 0.092500 0.092500
0 0.706250 0.498750 0.092500 0.092500
4 0.158750 0.688750 0.092500 0.092500
0 0.321250 0.656250 0.092500 0.092500
1 0.561250 0.608750 0.092500 0.092500
1 0.803750 0.561250 0.092500 0.092500
1 0.336250 0.736250 0.092500 0.092500
4 0.496250 0.706250 0.092500 0.092500
0 0.658750 0.673750 0.092500 0.092500
4 0.738750 0.658750 0.092500 0.092500
2 0.818750 0.643750 0.092500 0.092500
4 0.898750 0.626250 0.092500 0.092500
