2 0.173750 0.406250 0.097500 0.097500
4 0.246250 0.378750 0.097500 0.097500
1 0.321250 0.353750 0.097500 0.097500
0 0.468750 0.298750 0.097500 0.097500
1 0.543750 0.273750 0.097500 0.097500
1 0.226250 0.553750 0.097500 0.097500
4 0.596250 0.421250 0.097500 0.097500
1 0.668750 0.393750 0.097500 0.097500
3 0.743750 0.368750 0.097500 0.097500
2 0.818750 0.341250 0.097500 0.097500
1 0.326250 0.601250 0.097500 0.097500
1 0.401250 0.573750 0.097500 0.097500
0 0.473750 0.548750 0.097500 0.097500
1 0.548750 0.521250 0.097500 0.097500
4 0.696250 0.468750 0.097500 0.097500
2 0.353750 0.676250 0.097500 0.097500
4 0.426250 0.648750 0.097500 0.097500
4 0.573750 0.596250 0.097500 0.097500
1 0.231250 0.801250 0.097500 0.097500
4 0.306250 0.776250 0.097500 0.097500
4 0.378750 0.748750 0.097500 0.097500
2 0.453750 0.723750 0.097500 0.097500
1 0.526250 0.696250 0.097500 0.097500
0 0.601250 0.668750 0.097500 0.097500
2 0.823750 0.591250 0.097500 0.097500
