1 0.096250 0.371250 0.092500 0.092500
0 0.191250 0.433750 0.092500 0.092500
0 0.431250 0.386250 0.092500 0.092500
4 0.511250 0.368750 0.092500 0.092500
0 0.671250 0.336250 0.092500 0.092500
4 0.831250 0.303750 0.092500 0.092500
2 0.528750 0.448750 0.092500 0.092500
3 0.688750 0.416250 0.092500 0.092500
3 0.463750 0.546250 0.092500 0.092500
1 0.623750 0.513750 0.092500 0.092500
1 0.161250 0.691250 0.092500 0.092500
1 0.241250 0.676250 0.092500 0.092500
2 0.321250 0.658750 0.092500 0.092500
4 0.481250 0.626250 0.092500 0.092500
3 0.641250 0.593750 0.092500 0.092500
2 0.801250 0.561250 0.092500 0.092500
2 0.256250 0.756250 0.092500 0.092500
4 0.336250 0.738750 0.092500 0.092500
1 0.416250 0.721250 0.092500 0.092500
4 0.576250 0.688750 0.092500 0.092500
