1 0.087500 0.372500 0.075000 0.075000
0 0.160000 0.367500 0.075000 0.075000
4 0.380000 0.357500 0.075000 0.075000
1 0.672500 0.340000 0.075000 0.075000
4 0.892500 0.327500 0.075000 0.075000
2 0.310000 0.435000 0.075000 0.075000
1 0.530000 0.422500 0.075000 0.075000
4 0.677500 0.412500 0.075000 0.075000
0 0.750000 0.410000 0.075000 0.075000
0 0.825000 0.405000 0.075000 0.075000
2 0.167500 0.515000 0.075000 0.075000
1 0.242500 0.510000 0.075000 0.075000
1 0.315000 0.507500 0.075000 0.075000
0 0.387500 0.502500 0.075000 0.075000
4 0.535000 0.495000 0.075000 0.075000
4 0.827500 0.480000 0.075000 0.075000
1 0.100000 0.592500 0.075000 0.075000
4 0.320000 0.580000 0.075000 0.075000
1 0.392500 0.577500 0.075000 0.075000
4 0.540000 0.567500 0.075000 0.075000
1 0.685000 0.560000 0.075000 0.075000
2 0.832500 0.552500 0.075000 0.075000
2 0.905000 0.547500 0.075000 0.075000
0 0.102500 0.665000 0.075000 0.075000
2 0.177500 0.662500 0.075000 0.075000
0 0.250000 0.657500 0.075000 0.075000
0 0.470000 0.645000 0.075000 0.075000
4 0.762500 0.630000 0.075000 0.075000
2 0.910000 0.622500 0.075000 0.075000
