1 0.620000 0.342500 0.100000 0.100000
4 0.515000 0.375000 0.100000 0.100000
4 0.652500 0.447500 0.100000 0.100000
4 0.857500 0.552500 0.100000 0.100000
3 0.205000 0.302500 0.100000 0.100000
3 0.547500 0.480000 0.100000 0.100000
4 0.617500 0.515000 0.100000 0.100000
4 0.685000 0.550000 0.100000 0.100000
1 0.755000 0.585000 0.100000 0.100000
0 0.237500 0.407500 0.100000 0.100000
4 0.307500 0.442500 0.100000 0.100000
4 0.445000 0.512500 0.100000 0.100000
2 0.512500 0.547500 0.100000 0.100000
4 0.582500 0.585000 0.100000 0.100000
0 0.787500 0.690000 0.100000 0.100000
2 0.135000 0.440000 0.100000 0.100000
2 0.340000 0.545000 0.100000 0.100000
2 0.410000 0.582500 0.100000 0.100000
2 0.100000 0.507500 0.100000 0.100000
2 0.167500 0.542500 0.100000 0.100000
3 0.442500 0.685000 0.100000 0.100000
1 0.580000 0.757500 0.100000 0.100000
