4 0.201250 0.403750 0.057500 0.057500
1 0.258750 0.403750 0.057500 0.057500
1 0.438750 0.406250 0.057500 0.057500
0 0.558750 0.408750 0.057500 0.057500
1 0.738750 0.411250 0.057500 0.057500
1 0.798750 0.411250 0.057500 0.057500
4 0.856250 0.411250 0.057500 0.057500
0 0.916250 0.411250 0.057500 0.057500
0 0.138750 0.461250 0.057500 0.057500
1 0.318750 0.463750 0.057500 0.057500
1 0.438750 0.466250 0.057500 0.057500
4 0.498750 0.466250 0.057500 0.057500
1 0.618750 0.468750 0.057500 0.057500
4 0.676250 0.468750 0.057500 0.057500
3 0.736250 0.468750 0.057500 0.057500
1 0.796250 0.471250 0.057500 0.057500
1 0.856250 0.471250 0.057500 0.057500
4 0.138750 0.521250 0.057500 0.057500
1 0.258750 0.523750 0.057500 0.057500
1 0.318750 0.523750 0.057500 0.057500
4 0.796250 0.531250 0.057500 0.057500
1 0.198750 0.581250 0.057500 0.057500
1 0.258750 0.583750 0.057500 0.057500
3 0.436250 0.586250 0.057500 0.057500
2 0.556250 0.586250 0.057500 0.057500
4 0.796250 0.591250 0.057500 0.057500
1 0.913750 0.591250 0.057500 0.057500
