1 0.083750 0.496250 0.067500 0.067500
2 0.481250 0.411250 0.067500 0.067500
4 0.593750 0.388750 0.067500 0.067500
4 0.651250 0.376250 0.067500 0.067500
4 0.821250 0.341250 0.067500 0.067500
1 0.096250 0.553750 0.067500 0.067500
4 0.151250 0.541250 0.067500 0.067500
4 0.378750 0.493750 0.067500 0.067500
4 0.436250 0.481250 0.067500 0.067500
0 0.493750 0.468750 0.067500 0.067500
1 0.663750 0.433750 0.067500 0.067500
1 0.833750 0.396250 0.067500 0.067500
3 0.221250 0.586250 0.067500 0.067500
4 0.391250 0.548750 0.067500 0.067500
2 0.673750 0.488750 0.067500 0.067500
3 0.516250 0.583750 0.067500 0.067500
3 0.573750 0.571250 0.067500 0.067500
2 0.686250 0.546250 0.067500 0.067500
1 0.801250 0.521250 0.067500 0.067500
0 0.856250 0.511250 0.067500 0.067500
