2 0.088750 0.611250 0.077500 0.077500
1 0.298750 0.501250 0.077500 0.077500
4 0.403750 0.446250 0.077500 0.077500
4 0.508750 0.391250 0.077500 0.077500
1 0.561250 0.363750 0.077500 0.077500
4 0.666250 0.308750 0.077500 0.077500
0 0.718750 0.281250 0.077500 0.077500
2 0.771250 0.253750 0.077500 0.077500
1 0.221250 0.608750 0.077500 0.077500
4 0.483750 0.471250 0.077500 0.077500
4 0.536250 0.443750 0.077500 0.077500
2 0.641250 0.388750 0.077500 0.077500
1 0.693750 0.361250 0.077500 0.077500
1 0.248750 0.661250 0.077500 0.077500
2 0.353750 0.606250 0.077500 0.077500
0 0.406250 0.578750 0.077500 0.077500
4 0.563750 0.496250 0.077500 0.077500
2 0.616250 0.468750 0.077500 0.077500
4 0.878750 0.331250 0.077500 0.077500
1 0.171250 0.768750 0.077500 0.077500
2 0.433750 0.631250 0.077500 0.077500
0 0.486250 0.603750 0.077500 0.077500
0 0.538750 0.576250 0.077500 0.077500
0 0.591250 0.548750 0.077500 0.077500
4 0.908750 0.383750 0.077500 0.077500
