2 0.182500 0.222500 0.095000 0.095000
4 0.262500 0.240000 0.095000 0.095000
2 0.500000 0.290000 0.095000 0.095000
2 0.740000 0.342500 0.095000 0.095000
1 0.820000 0.360000 0.095000 0.095000
4 0.245000 0.320000 0.095000 0.095000
2 0.485000 0.370000 0.095000 0.095000
4 0.565000 0.387500 0.095000 0.095000
4 0.642500 0.405000 0.095000 0.095000
0 0.147500 0.382500 0.095000 0.095000
4 0.387500 0.432500 0.095000 0.095000
4 0.467500 0.450000 0.095000 0.095000
1 0.547500 0.467500 0.095000 0.095000
3 0.627500 0.485000 0.095000 0.095000
1 0.785000 0.517500 0.095000 0.095000
1 0.132500 0.462500 0.095000 0.095000
1 0.370000 0.512500 0.095000 0.095000
4 0.450000 0.530000 0.095000 0.095000
4 0.530000 0.547500 0.095000 0.095000
4 0.610000 0.565000 0.095000 0.095000
1 0.850000 0.615000 0.095000 0.095000
3 0.195000 0.560000 0.095000 0.095000
2 0.355000 0.592500 0.095000 0.095000
4 0.592500 0.642500 0.095000 0.095000
0 0.097500 0.622500 0.095000 0.095000
2 0.257500 0.655000 0.095000 0.095000
1 0.575000 0.722500 0.095000 0.095000
1 0.655000 0.740000 0.095000 0.095000
1 0.815000 0.775000 0.095000 0.095000
