4 0.426250 0.233750 0.102500 0.102500
1 0.493750 0.271250 0.102500 0.102500
2 0.561250 0.311250 0.102500 0.102500
4 0.626250 0.348750 0.102500 0.102500
4 0.828750 0.463750 0.102500 0.102500
4 0.893750 0.501250 0.102500 0.102500
1 0.253750 0.223750 0.102500 0.102500
4 0.656250 0.453750 0.102500 0.102500
2 0.723750 0.491250 0.102500 0.102500
4 0.283750 0.328750 0.102500 0.102500
4 0.551250 0.483750 0.102500 0.102500
2 0.683750 0.558750 0.102500 0.102500
4 0.751250 0.598750 0.102500 0.102500
2 0.246250 0.396250 0.102500 0.102500
4 0.341250 0.538750 0.102500 0.102500
2 0.406250 0.578750 0.102500 0.102500
1 0.541250 0.653750 0.102500 0.102500
2 0.741250 0.768750 0.102500 0.102500
1 0.101250 0.491250 0.102500 0.102500
4 0.301250 0.606250 0.102500 0.102500
4 0.503750 0.721250 0.102500 0.102500
