2 0.170000 0.440000 0.100000 0.100000
4 0.240000 0.407500 0.100000 0.100000
2 0.310000 0.372500 0.100000 0.100000
1 0.450000 0.307500 0.100000 0.100000
1 0.520000 0.272500 0.100000 0.100000
4 0.202500 0.510000 0.100000 0.100000
4 0.272500 0.475000 0.100000 0.100000
4 0.342500 0.442500 0.100000 0.100000
4 0.412500 0.410000 0.100000 0.100000
1 0.482500 0.377500 0.100000 0.100000
4 0.552500 0.342500 0.100000 0.100000
1 0.622500 0.310000 0.100000 0.100000
1 0.762500 0.242500 0.100000 0.100000
2 0.167500 0.612500 0.100000 0.100000
2 0.237500 0.580000 0.100000 0.100000
1 0.307500 0.545000 0.100000 0.100000
4 0.447500 0.480000 0.100000 0.100000
0 0.587500 0.412500 0.100000 0.100000
4 0.725000 0.347500 0.100000 0.100000
4 0.795000 0.312500 0.100000 0.100000
4 0.200000 0.682500 0.100000 0.100000
1 0.410000 0.582500 0.100000 0.100000
4 0.550000 0.517500 0.100000 0.100000
2 0.690000 0.450000 0.100000 0.100000
1 0.760000 0.417500 0.100000 0.100000
1 0.830000 0.382500 0.100000 0.100000
2 0.232500 0.752500 0.100000 0.100000
1 0.372500 0.685000 0.100000 0.100000
4 0.442500 0.652500 0.100000 0.100000
1 0.652500 0.552500 0.100000 0.100000
4 0.722500 0.520000 0.100000 0.100000
3 0.792500 0.487500 0.100000 0.100000
1 0.267500 0.822500 0.100000 0.100000
4 0.337500 0.790000 0.100000 0.100000
2 0.407500 0.755000 0.100000 0.100000
2 0.545000 0.690000 0.100000 0.100000
1 0.825000 0.557500 0.100000 0.100000
