1 0.098750 0.426250 0.097500 0.097500
4 0.468750 0.298750 0.097500 0.097500
1 0.618750 0.246250 0.097500 0.097500
4 0.693750 0.221250 0.097500 0.097500
1 0.198750 0.476250 0.097500 0.097500
4 0.421250 0.398750 0.097500 0.097500
2 0.568750 0.346250 0.097500 0.097500
4 0.643750 0.321250 0.097500 0.097500
0 0.718750 0.296250 0.097500 0.097500
4 0.223750 0.551250 0.097500 0.097500
0 0.373750 0.498750 0.097500 0.097500
0 0.446250 0.473750 0.097500 0.097500
1 0.521250 0.446250 0.097500 0.097500
0 0.668750 0.396250 0.097500 0.097500
1 0.818750 0.343750 0.097500 0.097500
4 0.248750 0.623750 0.097500 0.097500
4 0.323750 0.598750 0.097500 0.097500
0 0.546250 0.521250 0.097500 0.097500
0 0.696250 0.468750 0.097500 0.097500
2 0.843750 0.418750 0.097500 0.097500
0 0.276250 0.698750 0.097500 0.097500
1 0.348750 0.673750 0.097500 0.097500
1 0.646250 0.568750 0.097500 0.097500
0 0.226250 0.798750 0.097500 0.097500
1 0.301250 0.773750 0.097500 0.097500
4 0.448750 0.721250 0.097500 0.097500
4 0.523750 0.696250 0.097500 0.097500
4 0.598750 0.668750 0.097500 0.097500
2 0.746250 0.618750 0.097500 0.097500
