1 0.182500 0.295000 0.090000 0.090000
0 0.270000 0.290000 0.090000 0.090000
1 0.357500 0.287500 0.090000 0.090000
3 0.445000 0.282500 0.090000 0.090000
2 0.882500 0.262500 0.090000 0.090000
1 0.622500 0.362500 0.090000 0.090000
1 0.885000 0.350000 0.090000 0.090000
4 0.190000 0.470000 0.090000 0.090000
4 0.277500 0.465000 0.090000 0.090000
4 0.452500 0.457500 0.090000 0.090000
2 0.627500 0.450000 0.090000 0.090000
1 0.802500 0.440000 0.090000 0.090000
1 0.282500 0.552500 0.090000 0.090000
4 0.632500 0.537500 0.090000 0.090000
1 0.720000 0.532500 0.090000 0.090000
1 0.807500 0.527500 0.090000 0.090000
4 0.895000 0.525000 0.090000 0.090000
1 0.112500 0.647500 0.090000 0.090000
3 0.200000 0.645000 0.090000 0.090000
3 0.372500 0.635000 0.090000 0.090000
4 0.115000 0.735000 0.090000 0.090000
4 0.202500 0.732500 0.090000 0.090000
4 0.290000 0.727500 0.090000 0.090000
4 0.640000 0.710000 0.090000 0.090000
4 0.727500 0.707500 0.090000 0.090000
4 0.902500 0.700000 0.090000 0.090000
