4 0.097500 0.382500 0.095000 0.095000
1 0.335000 0.327500 0.095000 0.095000
0 0.412500 0.310000 0.095000 0.095000
4 0.492500 0.292500 0.095000 0.095000
4 0.570000 0.272500 0.095000 0.095000
0 0.807500 0.220000 0.095000 0.095000
2 0.272500 0.425000 0.095000 0.095000
0 0.352500 0.407500 0.095000 0.095000
0 0.432500 0.390000 0.095000 0.095000
4 0.510000 0.370000 0.095000 0.095000
4 0.747500 0.315000 0.095000 0.095000
0 0.825000 0.297500 0.095000 0.095000
1 0.212500 0.522500 0.095000 0.095000
2 0.450000 0.467500 0.095000 0.095000
4 0.687500 0.412500 0.095000 0.095000
2 0.765000 0.395000 0.095000 0.095000
4 0.845000 0.377500 0.095000 0.095000
4 0.152500 0.620000 0.095000 0.095000
4 0.467500 0.547500 0.095000 0.095000
2 0.547500 0.527500 0.095000 0.095000
4 0.625000 0.510000 0.095000 0.095000
0 0.785000 0.475000 0.095000 0.095000
4 0.327500 0.662500 0.095000 0.095000
1 0.487500 0.625000 0.095000 0.095000
3 0.645000 0.590000 0.095000 0.095000
4 0.880000 0.535000 0.095000 0.095000
4 0.190000 0.777500 0.095000 0.095000
