0 0.170000 0.340000 0.075000 0.075000
2 0.392500 0.347500 0.075000 0.075000
4 0.465000 0.350000 0.075000 0.075000
4 0.760000 0.360000 0.075000 0.075000
1 0.907500 0.365000 0.075000 0.075000
1 0.095000 0.410000 0.075000 0.075000
2 0.167500 0.412500 0.075000 0.075000
0 0.242500 0.415000 0.075000 0.075000
4 0.390000 0.420000 0.075000 0.075000
1 0.685000 0.432500 0.075000 0.075000
2 0.757500 0.435000 0.075000 0.075000
1 0.905000 0.440000 0.075000 0.075000
4 0.165000 0.487500 0.075000 0.075000
4 0.240000 0.490000 0.075000 0.075000
4 0.460000 0.497500 0.075000 0.075000
1 0.535000 0.500000 0.075000 0.075000
4 0.682500 0.505000 0.075000 0.075000
4 0.830000 0.510000 0.075000 0.075000
4 0.902500 0.512500 0.075000 0.075000
4 0.310000 0.565000 0.075000 0.075000
1 0.457500 0.570000 0.075000 0.075000
2 0.605000 0.577500 0.075000 0.075000
1 0.752500 0.582500 0.075000 0.075000
1 0.085000 0.632500 0.075000 0.075000
1 0.160000 0.635000 0.075000 0.075000
0 0.235000 0.637500 0.075000 0.075000
4 0.455000 0.645000 0.075000 0.075000
2 0.825000 0.657500 0.075000 0.075000
4 0.897500 0.660000 0.075000 0.075000
