4 0.330000 0.335000 0.095000 0.095000
4 0.407500 0.315000 0.095000 0.095000
0 0.117500 0.475000 0.095000 0.095000
1 0.660000 0.330000 0.095000 0.095000
1 0.815000 0.287500 0.095000 0.095000
4 0.140000 0.552500 0.095000 0.095000
1 0.295000 0.512500 0.095000 0.095000
1 0.372500 0.490000 0.095000 0.095000
3 0.450000 0.470000 0.095000 0.095000
4 0.602500 0.427500 0.095000 0.095000
3 0.680000 0.407500 0.095000 0.095000
1 0.757500 0.385000 0.095000 0.095000
3 0.835000 0.365000 0.095000 0.095000
0 0.160000 0.630000 0.095000 0.095000
1 0.315000 0.590000 0.095000 0.095000
1 0.470000 0.547500 0.095000 0.095000
0 0.625000 0.505000 0.095000 0.095000
1 0.780000 0.462500 0.095000 0.095000
1 0.857500 0.442500 0.095000 0.095000
3 0.335000 0.667500 0.095000 0.095000
1 0.800000 0.540000 0.095000 0.095000
4 0.877500 0.520000 0.095000 0.095000
1 0.280000 0.765000 0.095000 0.095000
1 0.435000 0.722500 0.095000 0.095000
4 0.667500 0.660000 0.095000 0.095000
0 0.742500 0.640000 0.095000 0.095000
1 0.820000 0.617500 0.095000 0.095000
1 0.897500 0.597500 0.095000 0.095000
