4 0.267500 0.172500 0.100000 0.100000
1 0.335000 0.207500 0.100000 0.100000
0 0.545000 0.307500 0.100000 0.100000
4 0.755000 0.405000 0.100000 0.100000
1 0.825000 0.440000 0.100000 0.100000
4 0.895000 0.472500 0.100000 0.100000
4 0.232500 0.242500 0.100000 0.100000
2 0.862500 0.542500 0.100000 0.100000
1 0.200000 0.312500 0.100000 0.100000
0 0.270000 0.347500 0.100000 0.100000
4 0.620000 0.512500 0.100000 0.100000
4 0.377500 0.482500 0.100000 0.100000
4 0.587500 0.582500 0.100000 0.100000
1 0.657500 0.615000 0.100000 0.100000
1 0.342500 0.552500 0.100000 0.100000
2 0.622500 0.685000 0.100000 0.100000
1 0.170000 0.557500 0.100000 0.100000
2 0.310000 0.622500 0.100000 0.100000
1 0.380000 0.657500 0.100000 0.100000
1 0.450000 0.690000 0.100000 0.100000
