1 0.526250 0.416250 0.072500 0.072500
1 0.636250 0.453750 0.072500 0.072500
1 0.801250 0.513750 0.072500 0.072500
2 0.123750 0.331250 0.072500 0.072500
0 0.233750 0.371250 0.072500 0.072500
0 0.288750 0.391250 0.072500 0.072500
3 0.398750 0.431250 0.072500 0.072500
4 0.561250 0.488750 0.072500 0.072500
4 0.836250 0.588750 0.072500 0.072500
1 0.158750 0.406250 0.072500 0.072500
2 0.268750 0.446250 0.072500 0.072500
0 0.378750 0.483750 0.072500 0.072500
3 0.486250 0.523750 0.072500 0.072500
3 0.541250 0.543750 0.072500 0.072500
1 0.596250 0.563750 0.072500 0.072500
4 0.651250 0.583750 0.072500 0.072500
2 0.706250 0.603750 0.072500 0.072500
4 0.761250 0.623750 0.072500 0.072500
4 0.816250 0.643750 0.072500 0.072500
4 0.868750 0.663750 0.072500 0.072500
4 0.193750 0.481250 0.072500 0.072500
0 0.248750 0.501250 0.072500 0.072500
3 0.576250 0.618750 0.072500 0.072500
4 0.631250 0.638750 0.072500 0.072500
