0 0.088750 0.458750 0.082500 0.082500
3 0.631250 0.318750 0.082500 0.082500
4 0.766250 0.283750 0.082500 0.082500
2 0.833750 0.266250 0.082500 0.082500
0 0.378750 0.456250 0.082500 0.082500
3 0.513750 0.421250 0.082500 0.082500
1 0.648750 0.386250 0.082500 0.082500
1 0.851250 0.333750 0.082500 0.082500
3 0.123750 0.593750 0.082500 0.082500
3 0.193750 0.576250 0.082500 0.082500
0 0.463750 0.506250 0.082500 0.082500
1 0.733750 0.436250 0.082500 0.082500
1 0.801250 0.418750 0.082500 0.082500
2 0.868750 0.401250 0.082500 0.082500
4 0.141250 0.661250 0.082500 0.082500
1 0.278750 0.626250 0.082500 0.082500
4 0.346250 0.608750 0.082500 0.082500
4 0.481250 0.573750 0.082500 0.082500
1 0.616250 0.538750 0.082500 0.082500
2 0.683750 0.521250 0.082500 0.082500
2 0.886250 0.468750 0.082500 0.082500
4 0.158750 0.728750 0.082500 0.082500
1 0.296250 0.693750 0.082500 0.082500
4 0.566250 0.623750 0.082500 0.082500
2 0.633750 0.606250 0.082500 0.082500
4 0.701250 0.588750 0.082500 0.082500
1 0.768750 0.571250 0.082500 0.082500
1 0.836250 0.553750 0.082500 0.082500
