1 0.221250 0.261250 0.077500 0.077500
1 0.326250 0.313750 0.077500 0.077500
1 0.538750 0.418750 0.077500 0.077500
2 0.643750 0.471250 0.077500 0.077500
1 0.803750 0.548750 0.077500 0.077500
3 0.246250 0.341250 0.077500 0.077500
1 0.353750 0.393750 0.077500 0.077500
2 0.458750 0.446250 0.077500 0.077500
0 0.511250 0.471250 0.077500 0.077500
4 0.776250 0.603750 0.077500 0.077500
4 0.168750 0.368750 0.077500 0.077500
4 0.221250 0.393750 0.077500 0.077500
4 0.433750 0.498750 0.077500 0.077500
2 0.486250 0.526250 0.077500 0.077500
2 0.591250 0.576250 0.077500 0.077500
2 0.643750 0.603750 0.077500 0.077500
1 0.751250 0.656250 0.077500 0.077500
1 0.803750 0.681250 0.077500 0.077500
2 0.141250 0.421250 0.077500 0.077500
4 0.353750 0.526250 0.077500 0.077500
4 0.458750 0.578750 0.077500 0.077500
1 0.511250 0.603750 0.077500 0.077500
4 0.723750 0.708750 0.077500 0.077500
4 0.776250 0.733750 0.077500 0.077500
4 0.831250 0.761250 0.077500 0.077500
