2 0.087500 0.387500 0.075000 0.075000
1 0.377500 0.362500 0.075000 0.075000
4 0.447500 0.355000 0.075000 0.075000
4 0.592500 0.342500 0.075000 0.075000
1 0.527500 0.420000 0.075000 0.075000
4 0.672500 0.407500 0.075000 0.075000
0 0.745000 0.402500 0.075000 0.075000
2 0.172500 0.525000 0.075000 0.075000
4 0.317500 0.512500 0.075000 0.075000
1 0.390000 0.505000 0.075000 0.075000
0 0.462500 0.500000 0.075000 0.075000
1 0.750000 0.472500 0.075000 0.075000
1 0.895000 0.460000 0.075000 0.075000
4 0.107500 0.605000 0.075000 0.075000
4 0.252500 0.590000 0.075000 0.075000
0 0.322500 0.585000 0.075000 0.075000
4 0.467500 0.572500 0.075000 0.075000
4 0.540000 0.565000 0.075000 0.075000
4 0.685000 0.552500 0.075000 0.075000
2 0.757500 0.545000 0.075000 0.075000
4 0.257500 0.662500 0.075000 0.075000
4 0.330000 0.657500 0.075000 0.075000
4 0.402500 0.650000 0.075000 0.075000
3 0.620000 0.630000 0.075000 0.075000
4 0.762500 0.617500 0.075000 0.075000
1 0.835000 0.612500 0.075000 0.075000
