1 0.138750 0.441250 0.062500 0.062500
3 0.723750 0.391250 0.062500 0.062500
0 0.083750 0.506250 0.062500 0.062500
1 0.318750 0.483750 0.062500 0.062500
4 0.493750 0.468750 0.062500 0.062500
0 0.788750 0.443750 0.062500 0.062500
4 0.148750 0.558750 0.062500 0.062500
1 0.206250 0.553750 0.062500 0.062500
2 0.266250 0.548750 0.062500 0.062500
4 0.323750 0.543750 0.062500 0.062500
4 0.441250 0.533750 0.062500 0.062500
4 0.498750 0.528750 0.062500 0.062500
1 0.558750 0.523750 0.062500 0.062500
1 0.733750 0.506250 0.062500 0.062500
4 0.908750 0.491250 0.062500 0.062500
2 0.096250 0.623750 0.062500 0.062500
4 0.328750 0.601250 0.062500 0.062500
2 0.563750 0.581250 0.062500 0.062500
1 0.621250 0.576250 0.062500 0.062500
4 0.681250 0.571250 0.062500 0.062500
