3 0.213750 0.383750 0.062500 0.062500
2 0.273750 0.388750 0.062500 0.062500
4 0.331250 0.393750 0.062500 0.062500
4 0.448750 0.406250 0.062500 0.062500
1 0.681250 0.426250 0.062500 0.062500
3 0.741250 0.433750 0.062500 0.062500
1 0.208750 0.441250 0.062500 0.062500
2 0.266250 0.446250 0.062500 0.062500
3 0.326250 0.453750 0.062500 0.062500
1 0.558750 0.473750 0.062500 0.062500
0 0.911250 0.508750 0.062500 0.062500
2 0.086250 0.488750 0.062500 0.062500
1 0.203750 0.501250 0.062500 0.062500
3 0.321250 0.511250 0.062500 0.062500
2 0.496250 0.528750 0.062500 0.062500
4 0.553750 0.533750 0.062500 0.062500
0 0.846250 0.561250 0.062500 0.062500
4 0.081250 0.548750 0.062500 0.062500
2 0.198750 0.558750 0.062500 0.062500
1 0.431250 0.581250 0.062500 0.062500
2 0.491250 0.586250 0.062500 0.062500
2 0.606250 0.596250 0.062500 0.062500
1 0.666250 0.603750 0.062500 0.062500
1 0.783750 0.613750 0.062500 0.062500
