4 0.195000 0.490000 0.070000 0.070000
4 0.307500 0.460000 0.070000 0.070000
1 0.417500 0.430000 0.070000 0.070000
1 0.530000 0.397500 0.070000 0.070000
1 0.697500 0.352500 0.070000 0.070000
4 0.155000 0.562500 0.070000 0.070000
0 0.210000 0.545000 0.070000 0.070000
1 0.377500 0.500000 0.070000 0.070000
4 0.490000 0.470000 0.070000 0.070000
4 0.545000 0.455000 0.070000 0.070000
4 0.770000 0.392500 0.070000 0.070000
1 0.282500 0.587500 0.070000 0.070000
1 0.505000 0.525000 0.070000 0.070000
2 0.560000 0.510000 0.070000 0.070000
2 0.672500 0.480000 0.070000 0.070000
4 0.785000 0.450000 0.070000 0.070000
0 0.840000 0.432500 0.070000 0.070000
0 0.895000 0.417500 0.070000 0.070000
4 0.130000 0.687500 0.070000 0.070000
4 0.240000 0.657500 0.070000 0.070000
4 0.410000 0.612500 0.070000 0.070000
1 0.465000 0.597500 0.070000 0.070000
0 0.687500 0.535000 0.070000 0.070000
0 0.745000 0.520000 0.070000 0.070000
2 0.800000 0.505000 0.070000 0.070000
4 0.855000 0.490000 0.070000 0.070000
