1 0.093750 0.506250 0.087500 0.087500
0 0.223750 0.456250 0.087500 0.087500
1 0.286250 0.431250 0.087500 0.087500
1 0.481250 0.356250 0.087500 0.087500
4 0.608750 0.306250 0.087500 0.087500
1 0.738750 0.256250 0.087500 0.087500
4 0.376250 0.471250 0.087500 0.087500
1 0.441250 0.446250 0.087500 0.087500
0 0.506250 0.421250 0.087500 0.087500
4 0.698750 0.346250 0.087500 0.087500
2 0.763750 0.321250 0.087500 0.087500
1 0.336250 0.561250 0.087500 0.087500
4 0.401250 0.536250 0.087500 0.087500
4 0.466250 0.511250 0.087500 0.087500
1 0.658750 0.436250 0.087500 0.087500
4 0.723750 0.411250 0.087500 0.087500
4 0.788750 0.386250 0.087500 0.087500
1 0.853750 0.361250 0.087500 0.087500
4 0.233750 0.676250 0.087500 0.087500
1 0.426250 0.601250 0.087500 0.087500
4 0.621250 0.526250 0.087500 0.087500
2 0.748750 0.476250 0.087500 0.087500
0 0.193750 0.763750 0.087500 0.087500
4 0.386250 0.688750 0.087500 0.087500
4 0.516250 0.638750 0.087500 0.087500
1 0.708750 0.566250 0.087500 0.087500
4 0.773750 0.541250 0.087500 0.087500
