1 0.293750 0.406250 0.082500 0.082500
4 0.361250 0.388750 0.082500 0.082500
3 0.428750 0.371250 0.082500 0.082500
1 0.563750 0.336250 0.082500 0.082500
4 0.631250 0.318750 0.082500 0.082500
4 0.698750 0.301250 0.082500 0.082500
1 0.833750 0.268750 0.082500 0.082500
3 0.106250 0.526250 0.082500 0.082500
4 0.173750 0.508750 0.082500 0.082500
1 0.446250 0.438750 0.082500 0.082500
1 0.581250 0.403750 0.082500 0.082500
4 0.783750 0.353750 0.082500 0.082500
4 0.123750 0.593750 0.082500 0.082500
4 0.328750 0.541250 0.082500 0.082500
1 0.396250 0.523750 0.082500 0.082500
1 0.598750 0.471250 0.082500 0.082500
4 0.666250 0.456250 0.082500 0.082500
0 0.801250 0.421250 0.082500 0.082500
4 0.141250 0.661250 0.082500 0.082500
4 0.276250 0.626250 0.082500 0.082500
2 0.481250 0.573750 0.082500 0.082500
4 0.548750 0.556250 0.082500 0.082500
4 0.616250 0.541250 0.082500 0.082500
1 0.361250 0.676250 0.082500 0.082500
4 0.428750 0.658750 0.082500 0.082500
4 0.566250 0.626250 0.082500 0.082500
4 0.701250 0.591250 0.082500 0.082500
