1 0.146250 0.273750 0.072500 0.072500
1 0.308750 0.333750 0.072500 0.072500
2 0.418750 0.373750 0.072500 0.072500
1 0.473750 0.393750 0.072500 0.072500
1 0.581250 0.436250 0.072500 0.072500
0 0.636250 0.456250 0.072500 0.072500
2 0.746250 0.496250 0.072500 0.072500
1 0.801250 0.516250 0.072500 0.072500
2 0.126250 0.328750 0.072500 0.072500
3 0.343750 0.408750 0.072500 0.072500
1 0.506250 0.468750 0.072500 0.072500
1 0.778750 0.571250 0.072500 0.072500
1 0.888750 0.611250 0.072500 0.072500
3 0.106250 0.383750 0.072500 0.072500
1 0.158750 0.403750 0.072500 0.072500
3 0.268750 0.443750 0.072500 0.072500
4 0.541250 0.543750 0.072500 0.072500
4 0.596250 0.563750 0.072500 0.072500
4 0.758750 0.626250 0.072500 0.072500
0 0.813750 0.646250 0.072500 0.072500
1 0.868750 0.666250 0.072500 0.072500
1 0.193750 0.478750 0.072500 0.072500
4 0.248750 0.498750 0.072500 0.072500
3 0.411250 0.558750 0.072500 0.072500
0 0.848750 0.721250 0.072500 0.072500
