3 0.156250 0.528750 0.092500 0.092500
1 0.401250 0.391250 0.092500 0.092500
2 0.521250 0.323750 0.092500 0.092500
2 0.703750 0.223750 0.092500 0.092500
2 0.313750 0.521250 0.092500 0.092500
4 0.433750 0.453750 0.092500 0.092500
4 0.556250 0.386250 0.092500 0.092500
1 0.678750 0.318750 0.092500 0.092500
1 0.798750 0.251250 0.092500 0.092500
1 0.223750 0.648750 0.092500 0.092500
3 0.286250 0.616250 0.092500 0.092500
4 0.528750 0.481250 0.092500 0.092500
2 0.771250 0.346250 0.092500 0.092500
2 0.833750 0.311250 0.092500 0.092500
2 0.198750 0.743750 0.092500 0.092500
1 0.258750 0.711250 0.092500 0.092500
2 0.318750 0.676250 0.092500 0.092500
3 0.441250 0.608750 0.092500 0.092500
4 0.683750 0.473750 0.092500 0.092500
1 0.806250 0.406250 0.092500 0.092500
1 0.231250 0.803750 0.092500 0.092500
3 0.778750 0.501250 0.092500 0.092500
