4 0.155000 0.255000 0.075000 0.075000
4 0.207500 0.277500 0.075000 0.075000
4 0.800000 0.532500 0.075000 0.075000
1 0.292500 0.377500 0.075000 0.075000
1 0.347500 0.402500 0.075000 0.075000
1 0.885000 0.630000 0.075000 0.075000
2 0.110000 0.362500 0.075000 0.075000
2 0.162500 0.387500 0.075000 0.075000
4 0.217500 0.410000 0.075000 0.075000
1 0.377500 0.477500 0.075000 0.075000
1 0.540000 0.547500 0.075000 0.075000
1 0.592500 0.570000 0.075000 0.075000
4 0.647500 0.592500 0.075000 0.075000
2 0.700000 0.615000 0.075000 0.075000
1 0.755000 0.640000 0.075000 0.075000
4 0.862500 0.685000 0.075000 0.075000
3 0.140000 0.440000 0.075000 0.075000
4 0.247500 0.485000 0.075000 0.075000
0 0.302500 0.510000 0.075000 0.075000
1 0.732500 0.692500 0.075000 0.075000
