4 0.077500 0.430000 0.060000 0.060000
4 0.197500 0.422500 0.060000 0.060000
0 0.315000 0.417500 0.060000 0.060000
4 0.375000 0.415000 0.060000 0.060000
1 0.552500 0.405000 0.060000 0.060000
1 0.670000 0.400000 0.060000 0.060000
1 0.730000 0.395000 0.060000 0.060000
1 0.787500 0.392500 0.060000 0.060000
4 0.847500 0.390000 0.060000 0.060000
1 0.082500 0.487500 0.060000 0.060000
1 0.260000 0.480000 0.060000 0.060000
4 0.377500 0.472500 0.060000 0.060000
0 0.437500 0.470000 0.060000 0.060000
1 0.495000 0.467500 0.060000 0.060000
2 0.555000 0.465000 0.060000 0.060000
0 0.612500 0.462500 0.060000 0.060000
0 0.672500 0.457500 0.060000 0.060000
1 0.142500 0.545000 0.060000 0.060000
4 0.380000 0.532500 0.060000 0.060000
0 0.440000 0.530000 0.060000 0.060000
2 0.735000 0.515000 0.060000 0.060000
4 0.852500 0.507500 0.060000 0.060000
4 0.265000 0.597500 0.060000 0.060000
0 0.325000 0.595000 0.060000 0.060000
0 0.382500 0.592500 0.060000 0.060000
1 0.442500 0.587500 0.060000 0.060000
2 0.857500 0.567500 0.060000 0.060000
3 0.915000 0.565000 0.060000 0.060000
