0 0.421250 0.301250 0.092500 0.092500
4 0.583750 0.273750 0.092500 0.092500
4 0.666250 0.258750 0.092500 0.092500
1 0.746250 0.246250 0.092500 0.092500
1 0.828750 0.231250 0.092500 0.092500
1 0.191250 0.426250 0.092500 0.092500
3 0.273750 0.411250 0.092500 0.092500
3 0.436250 0.383750 0.092500 0.092500
4 0.516250 0.368750 0.092500 0.092500
4 0.681250 0.341250 0.092500 0.092500
1 0.288750 0.493750 0.092500 0.092500
4 0.368750 0.478750 0.092500 0.092500
4 0.693750 0.421250 0.092500 0.092500
4 0.776250 0.408750 0.092500 0.092500
0 0.138750 0.601250 0.092500 0.092500
4 0.463750 0.546250 0.092500 0.092500
3 0.546250 0.531250 0.092500 0.092500
4 0.871250 0.476250 0.092500 0.092500
0 0.233750 0.668750 0.092500 0.092500
1 0.316250 0.656250 0.092500 0.092500
4 0.396250 0.641250 0.092500 0.092500
4 0.558750 0.613750 0.092500 0.092500
4 0.641250 0.598750 0.092500 0.092500
2 0.803750 0.571250 0.092500 0.092500
3 0.886250 0.556250 0.092500 0.092500
0 0.248750 0.751250 0.092500 0.092500
2 0.493750 0.708750 0.092500 0.092500
4 0.573750 0.693750 0.092500 0.092500
1 0.656250 0.681250 0.092500 0.092500
2 0.736250 0.666250 0.092500 0.092500
1 0.818750 0.651250 0.092500 0.092500
