0 0.405000 0.297500 0.090000 0.090000
2 0.715000 0.450000 0.090000 0.090000
1 0.777500 0.482500 0.090000 0.090000
4 0.187500 0.267500 0.090000 0.090000
2 0.312500 0.327500 0.090000 0.090000
4 0.435000 0.390000 0.090000 0.090000
4 0.497500 0.420000 0.090000 0.090000
4 0.560000 0.452500 0.090000 0.090000
1 0.807500 0.575000 0.090000 0.090000
0 0.157500 0.330000 0.090000 0.090000
4 0.342500 0.420000 0.090000 0.090000
4 0.590000 0.545000 0.090000 0.090000
1 0.715000 0.605000 0.090000 0.090000
1 0.840000 0.667500 0.090000 0.090000
2 0.187500 0.422500 0.090000 0.090000
4 0.437500 0.545000 0.090000 0.090000
4 0.560000 0.607500 0.090000 0.090000
4 0.157500 0.482500 0.090000 0.090000
2 0.220000 0.515000 0.090000 0.090000
4 0.467500 0.637500 0.090000 0.090000
2 0.530000 0.667500 0.090000 0.090000
2 0.592500 0.700000 0.090000 0.090000
1 0.715000 0.760000 0.090000 0.090000
