1 0.221250 0.198750 0.097500 0.097500
1 0.521250 0.298750 0.097500 0.097500
1 0.898750 0.421250 0.097500 0.097500
3 0.346250 0.323750 0.097500 0.097500
1 0.573750 0.398750 0.097500 0.097500
4 0.173750 0.351250 0.097500 0.097500
0 0.248750 0.373750 0.097500 0.097500
2 0.398750 0.423750 0.097500 0.097500
1 0.473750 0.448750 0.097500 0.097500
1 0.448750 0.523750 0.097500 0.097500
1 0.523750 0.548750 0.097500 0.097500
2 0.673750 0.598750 0.097500 0.097500
1 0.123750 0.501250 0.097500 0.097500
1 0.198750 0.526250 0.097500 0.097500
1 0.498750 0.623750 0.097500 0.097500
1 0.648750 0.673750 0.097500 0.097500
1 0.798750 0.721250 0.097500 0.097500
1 0.248750 0.623750 0.097500 0.097500
0 0.323750 0.648750 0.097500 0.097500
3 0.548750 0.723750 0.097500 0.097500
4 0.776250 0.796250 0.097500 0.097500
