4 0.095000 0.552500 0.090000 0.090000
1 0.462500 0.357500 0.090000 0.090000
3 0.250000 0.547500 0.090000 0.090000
1 0.432500 0.450000 0.090000 0.090000
4 0.555000 0.387500 0.090000 0.090000
0 0.617500 0.355000 0.090000 0.090000
1 0.677500 0.322500 0.090000 0.090000
3 0.740000 0.290000 0.090000 0.090000
1 0.802500 0.257500 0.090000 0.090000
4 0.160000 0.675000 0.090000 0.090000
1 0.220000 0.642500 0.090000 0.090000
3 0.282500 0.610000 0.090000 0.090000
4 0.405000 0.545000 0.090000 0.090000
2 0.465000 0.512500 0.090000 0.090000
3 0.527500 0.480000 0.090000 0.090000
1 0.587500 0.447500 0.090000 0.090000
1 0.192500 0.737500 0.090000 0.090000
4 0.315000 0.672500 0.090000 0.090000
1 0.375000 0.640000 0.090000 0.090000
1 0.437500 0.607500 0.090000 0.090000
2 0.620000 0.510000 0.090000 0.090000
4 0.742500 0.445000 0.090000 0.090000
4 0.867500 0.380000 0.090000 0.090000
1 0.285000 0.765000 0.090000 0.090000
3 0.592500 0.602500 0.090000 0.090000
1 0.652500 0.570000 0.090000 0.090000
1 0.715000 0.537500 0.090000 0.090000
4 0.775000 0.505000 0.090000 0.090000
