1 0.137500 0.427500 0.060000 0.060000
4 0.197500 0.425000 0.060000 0.060000
3 0.375000 0.415000 0.060000 0.060000
1 0.492500 0.407500 0.060000 0.060000
1 0.727500 0.395000 0.060000 0.060000
4 0.082500 0.490000 0.060000 0.060000
3 0.140000 0.487500 0.060000 0.060000
1 0.317500 0.477500 0.060000 0.060000
1 0.555000 0.465000 0.060000 0.060000
4 0.085000 0.550000 0.060000 0.060000
4 0.202500 0.542500 0.060000 0.060000
0 0.320000 0.535000 0.060000 0.060000
1 0.557500 0.522500 0.060000 0.060000
2 0.675000 0.517500 0.060000 0.060000
4 0.852500 0.507500 0.060000 0.060000
1 0.502500 0.585000 0.060000 0.060000
2 0.737500 0.572500 0.060000 0.060000
3 0.797500 0.570000 0.060000 0.060000
1 0.855000 0.565000 0.060000 0.060000
