4 0.090000 0.477500 0.085000 0.085000
1 0.357500 0.395000 0.085000 0.085000
4 0.422500 0.375000 0.085000 0.085000
4 0.112500 0.542500 0.085000 0.085000
1 0.177500 0.522500 0.085000 0.085000
2 0.245000 0.502500 0.085000 0.085000
4 0.310000 0.482500 0.085000 0.085000
1 0.377500 0.462500 0.085000 0.085000
4 0.442500 0.440000 0.085000 0.085000
4 0.710000 0.360000 0.085000 0.085000
1 0.842500 0.320000 0.085000 0.085000
3 0.132500 0.610000 0.085000 0.085000
3 0.197500 0.590000 0.085000 0.085000
4 0.265000 0.567500 0.085000 0.085000
4 0.397500 0.527500 0.085000 0.085000
3 0.465000 0.507500 0.085000 0.085000
4 0.862500 0.385000 0.085000 0.085000
1 0.285000 0.635000 0.085000 0.085000
4 0.417500 0.595000 0.085000 0.085000
1 0.485000 0.575000 0.085000 0.085000
3 0.240000 0.722500 0.085000 0.085000
2 0.372500 0.680000 0.085000 0.085000
4 0.505000 0.640000 0.085000 0.085000
4 0.572500 0.620000 0.085000 0.085000
4 0.637500 0.600000 0.085000 0.085000
2 0.705000 0.580000 0.085000 0.085000
0 0.770000 0.560000 0.085000 0.085000
4 0.902500 0.517500 0.085000 0.085000
