0 0.402500 0.297500 0.090000 0.090000
0 0.465000 0.327500 0.090000 0.090000
3 0.590000 0.390000 0.090000 0.090000
2 0.712500 0.452500 0.090000 0.090000
1 0.775000 0.482500 0.090000 0.090000
1 0.837500 0.512500 0.090000 0.090000
1 0.900000 0.545000 0.090000 0.090000
4 0.250000 0.297500 0.090000 0.090000
4 0.435000 0.390000 0.090000 0.090000
0 0.620000 0.482500 0.090000 0.090000
4 0.682500 0.512500 0.090000 0.090000
4 0.745000 0.545000 0.090000 0.090000
4 0.807500 0.575000 0.090000 0.090000
4 0.867500 0.607500 0.090000 0.090000
2 0.217500 0.357500 0.090000 0.090000
4 0.280000 0.390000 0.090000 0.090000
2 0.342500 0.420000 0.090000 0.090000
1 0.590000 0.545000 0.090000 0.090000
4 0.652500 0.575000 0.090000 0.090000
3 0.715000 0.607500 0.090000 0.090000
4 0.125000 0.390000 0.090000 0.090000
2 0.310000 0.482500 0.090000 0.090000
4 0.497500 0.575000 0.090000 0.090000
0 0.620000 0.637500 0.090000 0.090000
4 0.682500 0.667500 0.090000 0.090000
1 0.095000 0.452500 0.090000 0.090000
4 0.155000 0.482500 0.090000 0.090000
4 0.280000 0.545000 0.090000 0.090000
0 0.405000 0.607500 0.090000 0.090000
4 0.652500 0.730000 0.090000 0.090000
