1 0.100000 0.475000 0.100000 0.100000
4 0.170000 0.440000 0.100000 0.100000
4 0.520000 0.272500 0.100000 0.100000
4 0.342500 0.442500 0.100000 0.100000
2 0.482500 0.377500 0.100000 0.100000
1 0.167500 0.612500 0.100000 0.100000
1 0.307500 0.547500 0.100000 0.100000
1 0.515000 0.447500 0.100000 0.100000
0 0.585000 0.412500 0.100000 0.100000
4 0.725000 0.345000 0.100000 0.100000
1 0.795000 0.312500 0.100000 0.100000
4 0.340000 0.617500 0.100000 0.100000
3 0.410000 0.582500 0.100000 0.100000
1 0.480000 0.550000 0.100000 0.100000
4 0.760000 0.415000 0.100000 0.100000
4 0.235000 0.752500 0.100000 0.100000
4 0.305000 0.720000 0.100000 0.100000
1 0.582500 0.585000 0.100000 0.100000
1 0.652500 0.552500 0.100000 0.100000
1 0.862500 0.452500 0.100000 0.100000
4 0.267500 0.822500 0.100000 0.100000
1 0.477500 0.722500 0.100000 0.100000
0 0.547500 0.690000 0.100000 0.100000
2 0.825000 0.555000 0.100000 0.100000
4 0.895000 0.522500 0.100000 0.100000
