4 0.317500 0.325000 0.075000 0.075000
3 0.477500 0.392500 0.075000 0.075000
4 0.640000 0.462500 0.075000 0.075000
4 0.800000 0.532500 0.075000 0.075000
1 0.907500 0.577500 0.075000 0.075000
4 0.292500 0.377500 0.075000 0.075000
1 0.617500 0.515000 0.075000 0.075000
0 0.777500 0.585000 0.075000 0.075000
1 0.110000 0.362500 0.075000 0.075000
1 0.162500 0.387500 0.075000 0.075000
1 0.270000 0.432500 0.075000 0.075000
4 0.325000 0.455000 0.075000 0.075000
1 0.432500 0.500000 0.075000 0.075000
4 0.540000 0.547500 0.075000 0.075000
4 0.700000 0.615000 0.075000 0.075000
4 0.755000 0.640000 0.075000 0.075000
0 0.807500 0.662500 0.075000 0.075000
0 0.140000 0.440000 0.075000 0.075000
3 0.247500 0.485000 0.075000 0.075000
0 0.355000 0.532500 0.075000 0.075000
0 0.625000 0.647500 0.075000 0.075000
3 0.677500 0.670000 0.075000 0.075000
3 0.785000 0.715000 0.075000 0.075000
