4 0.092500 0.495000 0.085000 0.085000
0 0.222500 0.447500 0.085000 0.085000
2 0.420000 0.377500 0.085000 0.085000
1 0.485000 0.355000 0.085000 0.085000
3 0.615000 0.310000 0.085000 0.085000
4 0.680000 0.287500 0.085000 0.085000
4 0.810000 0.240000 0.085000 0.085000
1 0.180000 0.535000 0.085000 0.085000
4 0.245000 0.512500 0.085000 0.085000
4 0.507500 0.420000 0.085000 0.085000
1 0.637500 0.375000 0.085000 0.085000
0 0.835000 0.305000 0.085000 0.085000
4 0.137500 0.625000 0.085000 0.085000
2 0.205000 0.602500 0.085000 0.085000
2 0.270000 0.577500 0.085000 0.085000
4 0.335000 0.555000 0.085000 0.085000
2 0.595000 0.462500 0.085000 0.085000
3 0.660000 0.440000 0.085000 0.085000
4 0.227500 0.667500 0.085000 0.085000
0 0.292500 0.642500 0.085000 0.085000
1 0.357500 0.620000 0.085000 0.085000
1 0.487500 0.575000 0.085000 0.085000
2 0.552500 0.552500 0.085000 0.085000
4 0.620000 0.527500 0.085000 0.085000
4 0.685000 0.505000 0.085000 0.085000
4 0.250000 0.732500 0.085000 0.085000
0 0.577500 0.617500 0.085000 0.085000
1 0.642500 0.595000 0.085000 0.085000
4 0.772500 0.547500 0.085000 0.085000
1 0.902500 0.502500 0.085000 0.085000
