1 0.157500 0.472500 0.085000 0.085000
1 0.222500 0.450000 0.085000 0.085000
4 0.352500 0.402500 0.085000 0.085000
4 0.745000 0.262500 0.085000 0.085000
0 0.810000 0.240000 0.085000 0.085000
2 0.115000 0.560000 0.085000 0.085000
1 0.312500 0.490000 0.085000 0.085000
1 0.442500 0.445000 0.085000 0.085000
0 0.637500 0.375000 0.085000 0.085000
1 0.660000 0.440000 0.085000 0.085000
2 0.227500 0.667500 0.085000 0.085000
1 0.422500 0.597500 0.085000 0.085000
1 0.487500 0.575000 0.085000 0.085000
1 0.552500 0.552500 0.085000 0.085000
3 0.620000 0.527500 0.085000 0.085000
2 0.685000 0.505000 0.085000 0.085000
1 0.815000 0.457500 0.085000 0.085000
4 0.185000 0.755000 0.085000 0.085000
4 0.315000 0.710000 0.085000 0.085000
2 0.447500 0.662500 0.085000 0.085000
2 0.512500 0.640000 0.085000 0.085000
4 0.642500 0.592500 0.085000 0.085000
4 0.772500 0.547500 0.085000 0.085000
