2 0.085000 0.577500 0.075000 0.075000
4 0.195000 0.530000 0.075000 0.075000
0 0.247500 0.507500 0.075000 0.075000
0 0.355000 0.462500 0.075000 0.075000
1 0.462500 0.417500 0.075000 0.075000
4 0.570000 0.370000 0.075000 0.075000
0 0.677500 0.325000 0.075000 0.075000
4 0.110000 0.630000 0.075000 0.075000
4 0.162500 0.607500 0.075000 0.075000
1 0.217500 0.585000 0.075000 0.075000
4 0.325000 0.540000 0.075000 0.075000
1 0.432500 0.492500 0.075000 0.075000
1 0.540000 0.447500 0.075000 0.075000
4 0.647500 0.402500 0.075000 0.075000
4 0.810000 0.332500 0.075000 0.075000
4 0.240000 0.637500 0.075000 0.075000
2 0.347500 0.592500 0.075000 0.075000
2 0.400000 0.570000 0.075000 0.075000
0 0.507500 0.525000 0.075000 0.075000
0 0.670000 0.455000 0.075000 0.075000
4 0.832500 0.387500 0.075000 0.075000
2 0.155000 0.737500 0.075000 0.075000
4 0.262500 0.692500 0.075000 0.075000
1 0.425000 0.625000 0.075000 0.075000
1 0.532500 0.577500 0.075000 0.075000
0 0.855000 0.440000 0.075000 0.075000
1 0.907500 0.417500 0.075000 0.075000
