1 0.171250 0.411250 0.097500 0.097500
2 0.243750 0.383750 0.097500 0.097500
2 0.316250 0.356250 0.097500 0.097500
1 0.756250 0.188750 0.097500 0.097500
4 0.126250 0.513750 0.097500 0.097500
0 0.271250 0.458750 0.097500 0.097500
1 0.418750 0.401250 0.097500 0.097500
3 0.563750 0.346250 0.097500 0.097500
1 0.638750 0.318750 0.097500 0.097500
1 0.783750 0.263750 0.097500 0.097500
1 0.226250 0.558750 0.097500 0.097500
2 0.298750 0.531250 0.097500 0.097500
0 0.518750 0.446250 0.097500 0.097500
1 0.591250 0.418750 0.097500 0.097500
2 0.401250 0.576250 0.097500 0.097500
1 0.546250 0.521250 0.097500 0.097500
3 0.621250 0.493750 0.097500 0.097500
3 0.766250 0.436250 0.097500 0.097500
3 0.356250 0.676250 0.097500 0.097500
0 0.501250 0.621250 0.097500 0.097500
0 0.868750 0.481250 0.097500 0.097500
2 0.311250 0.778750 0.097500 0.097500
2 0.383750 0.751250 0.097500 0.097500
2 0.528750 0.693750 0.097500 0.097500
2 0.603750 0.666250 0.097500 0.097500
4 0.676250 0.638750 0.097500 0.097500
