1 0.406250 0.343750 0.077500 0.077500
1 0.621250 0.368750 0.077500 0.077500
3 0.763750 0.386250 0.077500 0.077500
4 0.836250 0.393750 0.077500 0.077500
0 0.113750 0.381250 0.077500 0.077500
4 0.183750 0.388750 0.077500 0.077500
1 0.256250 0.396250 0.077500 0.077500
4 0.326250 0.406250 0.077500 0.077500
1 0.468750 0.423750 0.077500 0.077500
4 0.541250 0.431250 0.077500 0.077500
1 0.613750 0.438750 0.077500 0.077500
1 0.756250 0.456250 0.077500 0.077500
4 0.898750 0.473750 0.077500 0.077500
1 0.318750 0.476250 0.077500 0.077500
1 0.388750 0.486250 0.077500 0.077500
1 0.746250 0.528750 0.077500 0.077500
4 0.523750 0.573750 0.077500 0.077500
4 0.596250 0.581250 0.077500 0.077500
4 0.738750 0.598750 0.077500 0.077500
4 0.086250 0.593750 0.077500 0.077500
4 0.158750 0.603750 0.077500 0.077500
0 0.443750 0.636250 0.077500 0.077500
4 0.658750 0.661250 0.077500 0.077500
1 0.801250 0.678750 0.077500 0.077500
