3 0.098750 0.428750 0.097500 0.097500
3 0.246250 0.376250 0.097500 0.097500
2 0.321250 0.348750 0.097500 0.097500
3 0.543750 0.271250 0.097500 0.097500
1 0.618750 0.246250 0.097500 0.097500
0 0.691250 0.221250 0.097500 0.097500
4 0.198750 0.476250 0.097500 0.097500
1 0.346250 0.423750 0.097500 0.097500
4 0.421250 0.398750 0.097500 0.097500
0 0.496250 0.373750 0.097500 0.097500
4 0.446250 0.473750 0.097500 0.097500
0 0.521250 0.446250 0.097500 0.097500
1 0.668750 0.396250 0.097500 0.097500
0 0.818750 0.343750 0.097500 0.097500
3 0.398750 0.573750 0.097500 0.097500
2 0.473750 0.546250 0.097500 0.097500
4 0.771250 0.443750 0.097500 0.097500
4 0.276250 0.698750 0.097500 0.097500
2 0.573750 0.596250 0.097500 0.097500
4 0.646250 0.568750 0.097500 0.097500
3 0.796250 0.518750 0.097500 0.097500
4 0.871250 0.491250 0.097500 0.097500
4 0.226250 0.798750 0.097500 0.097500
2 0.598750 0.668750 0.097500 0.097500
1 0.673750 0.643750 0.097500 0.097500
4 0.896250 0.566250 0.097500 0.097500
