1 0.161250 0.263750 0.082500 0.082500
1 0.296250 0.298750 0.082500 0.082500
0 0.363750 0.316250 0.082500 0.082500
1 0.498750 0.353750 0.082500 0.082500
2 0.566250 0.371250 0.082500 0.082500
4 0.633750 0.388750 0.082500 0.082500
1 0.836250 0.443750 0.082500 0.082500
4 0.278750 0.366250 0.082500 0.082500
1 0.481250 0.421250 0.082500 0.082500
1 0.616250 0.456250 0.082500 0.082500
1 0.683750 0.473750 0.082500 0.082500
4 0.751250 0.491250 0.082500 0.082500
1 0.818750 0.511250 0.082500 0.082500
4 0.126250 0.398750 0.082500 0.082500
1 0.261250 0.433750 0.082500 0.082500
1 0.328750 0.451250 0.082500 0.082500
4 0.463750 0.488750 0.082500 0.082500
2 0.666250 0.541250 0.082500 0.082500
4 0.868750 0.596250 0.082500 0.082500
2 0.176250 0.483750 0.082500 0.082500
3 0.378750 0.536250 0.082500 0.082500
2 0.713750 0.626250 0.082500 0.082500
4 0.781250 0.643750 0.082500 0.082500
4 0.088750 0.533750 0.082500 0.082500
0 0.291250 0.586250 0.082500 0.082500
1 0.358750 0.603750 0.082500 0.082500
4 0.493750 0.641250 0.082500 0.082500
1 0.561250 0.658750 0.082500 0.082500
1 0.763750 0.711250 0.082500 0.082500
