0 0.376250 0.246250 0.097500 0.097500
0 0.448750 0.271250 0.097500 0.097500
2 0.523750 0.298750 0.097500 0.097500
1 0.673750 0.348750 0.097500 0.097500
4 0.896250 0.426250 0.097500 0.097500
4 0.348750 0.321250 0.097500 0.097500
4 0.423750 0.346250 0.097500 0.097500
4 0.573750 0.398750 0.097500 0.097500
2 0.871250 0.501250 0.097500 0.097500
3 0.323750 0.396250 0.097500 0.097500
4 0.473750 0.446250 0.097500 0.097500
4 0.546250 0.473750 0.097500 0.097500
1 0.771250 0.548750 0.097500 0.097500
1 0.843750 0.576250 0.097500 0.097500
4 0.298750 0.471250 0.097500 0.097500
4 0.371250 0.496250 0.097500 0.097500
1 0.818750 0.648750 0.097500 0.097500
2 0.198750 0.518750 0.097500 0.097500
1 0.346250 0.571250 0.097500 0.097500
0 0.421250 0.596250 0.097500 0.097500
0 0.496250 0.621250 0.097500 0.097500
3 0.571250 0.646250 0.097500 0.097500
1 0.643750 0.673750 0.097500 0.097500
3 0.793750 0.723750 0.097500 0.097500
2 0.246250 0.618750 0.097500 0.097500
4 0.396250 0.671250 0.097500 0.097500
4 0.471250 0.696250 0.097500 0.097500
4 0.618750 0.746250 0.097500 0.097500
0 0.768750 0.798750 0.097500 0.097500
