1 0.165000 0.357500 0.065000 0.065000
2 0.222500 0.367500 0.065000 0.065000
4 0.452500 0.402500 0.065000 0.065000
1 0.510000 0.410000 0.065000 0.065000
3 0.625000 0.427500 0.065000 0.065000
4 0.682500 0.437500 0.065000 0.065000
1 0.740000 0.447500 0.065000 0.065000
1 0.912500 0.472500 0.065000 0.065000
2 0.155000 0.415000 0.065000 0.065000
3 0.387500 0.450000 0.065000 0.065000
4 0.560000 0.477500 0.065000 0.065000
1 0.732500 0.505000 0.065000 0.065000
1 0.790000 0.512500 0.065000 0.065000
1 0.847500 0.522500 0.065000 0.065000
1 0.905000 0.530000 0.065000 0.065000
4 0.320000 0.500000 0.065000 0.065000
4 0.435000 0.517500 0.065000 0.065000
2 0.607500 0.545000 0.065000 0.065000
4 0.137500 0.530000 0.065000 0.065000
1 0.427500 0.575000 0.065000 0.065000
4 0.887500 0.645000 0.065000 0.065000
