2 0.245000 0.265000 0.085000 0.085000
2 0.310000 0.287500 0.085000 0.085000
0 0.377500 0.310000 0.085000 0.085000
2 0.442500 0.332500 0.085000 0.085000
0 0.507500 0.355000 0.085000 0.085000
0 0.770000 0.442500 0.085000 0.085000
4 0.902500 0.487500 0.085000 0.085000
1 0.157500 0.310000 0.085000 0.085000
4 0.290000 0.355000 0.085000 0.085000
4 0.355000 0.375000 0.085000 0.085000
4 0.552500 0.442500 0.085000 0.085000
4 0.617500 0.465000 0.085000 0.085000
2 0.750000 0.507500 0.085000 0.085000
1 0.815000 0.530000 0.085000 0.085000
0 0.880000 0.552500 0.085000 0.085000
1 0.135000 0.375000 0.085000 0.085000
1 0.332500 0.442500 0.085000 0.085000
0 0.465000 0.485000 0.085000 0.085000
0 0.857500 0.617500 0.085000 0.085000
4 0.112500 0.442500 0.085000 0.085000
2 0.507500 0.572500 0.085000 0.085000
1 0.572500 0.595000 0.085000 0.085000
4 0.640000 0.617500 0.085000 0.085000
2 0.770000 0.662500 0.085000 0.085000
1 0.157500 0.530000 0.085000 0.085000
0 0.485000 0.640000 0.085000 0.085000
3 0.617500 0.682500 0.085000 0.085000
4 0.682500 0.705000 0.085000 0.085000
