1 0.138750 0.456250 0.062500 0.062500
0 0.428750 0.416250 0.062500 0.062500
1 0.601250 0.393750 0.062500 0.062500
4 0.658750 0.386250 0.062500 0.062500
2 0.776250 0.371250 0.062500 0.062500
1 0.833750 0.363750 0.062500 0.062500
3 0.146250 0.513750 0.062500 0.062500
3 0.261250 0.498750 0.062500 0.062500
3 0.321250 0.491250 0.062500 0.062500
1 0.493750 0.468750 0.062500 0.062500
4 0.551250 0.458750 0.062500 0.062500
3 0.841250 0.421250 0.062500 0.062500
3 0.898750 0.413750 0.062500 0.062500
4 0.153750 0.571250 0.062500 0.062500
1 0.328750 0.548750 0.062500 0.062500
3 0.906250 0.471250 0.062500 0.062500
4 0.161250 0.628750 0.062500 0.062500
1 0.221250 0.621250 0.062500 0.062500
1 0.278750 0.613750 0.062500 0.062500
4 0.336250 0.606250 0.062500 0.062500
2 0.393750 0.598750 0.062500 0.062500
1 0.451250 0.591250 0.062500 0.062500
1 0.741250 0.551250 0.062500 0.062500
