1 0.141250 0.531250 0.072500 0.072500
4 0.196250 0.511250 0.072500 0.072500
1 0.306250 0.473750 0.072500 0.072500
2 0.413750 0.433750 0.072500 0.072500
1 0.468750 0.416250 0.072500 0.072500
4 0.633750 0.356250 0.072500 0.072500
1 0.798750 0.298750 0.072500 0.072500
0 0.543750 0.451250 0.072500 0.072500
1 0.653750 0.411250 0.072500 0.072500
1 0.708750 0.391250 0.072500 0.072500
2 0.763750 0.373750 0.072500 0.072500
4 0.178750 0.641250 0.072500 0.072500
2 0.836250 0.408750 0.072500 0.072500
4 0.198750 0.696250 0.072500 0.072500
3 0.363750 0.638750 0.072500 0.072500
4 0.581250 0.558750 0.072500 0.072500
1 0.636250 0.541250 0.072500 0.072500
1 0.691250 0.521250 0.072500 0.072500
1 0.801250 0.481250 0.072500 0.072500
1 0.856250 0.463750 0.072500 0.072500
