4 0.291250 0.226250 0.097500 0.097500
2 0.518750 0.296250 0.097500 0.097500
2 0.593750 0.321250 0.097500 0.097500
1 0.896250 0.413750 0.097500 0.097500
0 0.343750 0.326250 0.097500 0.097500
4 0.493750 0.373750 0.097500 0.097500
2 0.571250 0.396250 0.097500 0.097500
2 0.721250 0.443750 0.097500 0.097500
4 0.318750 0.401250 0.097500 0.097500
4 0.471250 0.448750 0.097500 0.097500
3 0.546250 0.473750 0.097500 0.097500
3 0.773750 0.543750 0.097500 0.097500
4 0.121250 0.506250 0.097500 0.097500
3 0.348750 0.576250 0.097500 0.097500
1 0.423750 0.601250 0.097500 0.097500
4 0.803750 0.718750 0.097500 0.097500
2 0.248750 0.628750 0.097500 0.097500
1 0.323750 0.653750 0.097500 0.097500
3 0.551250 0.723750 0.097500 0.097500
