4 0.205000 0.307500 0.080000 0.080000
0 0.627500 0.375000 0.080000 0.080000
2 0.767500 0.397500 0.080000 0.080000
4 0.907500 0.420000 0.080000 0.080000
4 0.475000 0.422500 0.080000 0.080000
0 0.545000 0.435000 0.080000 0.080000
4 0.615000 0.445000 0.080000 0.080000
2 0.897500 0.490000 0.080000 0.080000
0 0.112500 0.437500 0.080000 0.080000
1 0.252500 0.460000 0.080000 0.080000
2 0.322500 0.470000 0.080000 0.080000
1 0.605000 0.515000 0.080000 0.080000
1 0.675000 0.527500 0.080000 0.080000
2 0.745000 0.537500 0.080000 0.080000
4 0.885000 0.560000 0.080000 0.080000
2 0.170000 0.520000 0.080000 0.080000
4 0.242500 0.530000 0.080000 0.080000
2 0.312500 0.542500 0.080000 0.080000
0 0.452500 0.562500 0.080000 0.080000
4 0.592500 0.585000 0.080000 0.080000
1 0.805000 0.620000 0.080000 0.080000
4 0.300000 0.612500 0.080000 0.080000
4 0.512500 0.645000 0.080000 0.080000
4 0.582500 0.655000 0.080000 0.080000
4 0.652500 0.667500 0.080000 0.080000
4 0.792500 0.690000 0.080000 0.080000
0 0.862500 0.700000 0.080000 0.080000
