3 0.210000 0.277500 0.075000 0.075000
4 0.262500 0.302500 0.075000 0.075000
4 0.477500 0.395000 0.075000 0.075000
0 0.855000 0.557500 0.075000 0.075000
2 0.185000 0.332500 0.075000 0.075000
0 0.455000 0.447500 0.075000 0.075000
4 0.617500 0.517500 0.075000 0.075000
2 0.670000 0.540000 0.075000 0.075000
4 0.725000 0.565000 0.075000 0.075000
1 0.777500 0.587500 0.075000 0.075000
3 0.832500 0.610000 0.075000 0.075000
1 0.885000 0.635000 0.075000 0.075000
0 0.110000 0.362500 0.075000 0.075000
4 0.217500 0.410000 0.075000 0.075000
1 0.270000 0.432500 0.075000 0.075000
4 0.485000 0.525000 0.075000 0.075000
1 0.755000 0.640000 0.075000 0.075000
4 0.300000 0.510000 0.075000 0.075000
1 0.515000 0.602500 0.075000 0.075000
