1 0.177500 0.365000 0.095000 0.095000
4 0.255000 0.347500 0.095000 0.095000
1 0.335000 0.327500 0.095000 0.095000
1 0.412500 0.310000 0.095000 0.095000
4 0.492500 0.292500 0.095000 0.095000
4 0.650000 0.255000 0.095000 0.095000
3 0.352500 0.407500 0.095000 0.095000
3 0.510000 0.370000 0.095000 0.095000
1 0.747500 0.315000 0.095000 0.095000
3 0.825000 0.297500 0.095000 0.095000
2 0.135000 0.542500 0.095000 0.095000
4 0.292500 0.505000 0.095000 0.095000
1 0.450000 0.467500 0.095000 0.095000
1 0.310000 0.582500 0.095000 0.095000
1 0.547500 0.527500 0.095000 0.095000
4 0.782500 0.475000 0.095000 0.095000
4 0.170000 0.700000 0.095000 0.095000
3 0.802500 0.552500 0.095000 0.095000
0 0.347500 0.742500 0.095000 0.095000
1 0.505000 0.705000 0.095000 0.095000
1 0.662500 0.667500 0.095000 0.095000
4 0.742500 0.650000 0.095000 0.095000
