1 0.121250 0.323750 0.067500 0.067500
1 0.178750 0.336250 0.067500 0.067500
4 0.403750 0.386250 0.067500 0.067500
3 0.518750 0.411250 0.067500 0.067500
4 0.631250 0.438750 0.067500 0.067500
1 0.686250 0.451250 0.067500 0.067500
4 0.856250 0.488750 0.067500 0.067500
0 0.221250 0.406250 0.067500 0.067500
1 0.278750 0.418750 0.067500 0.067500
1 0.391250 0.443750 0.067500 0.067500
4 0.618750 0.493750 0.067500 0.067500
4 0.843750 0.546250 0.067500 0.067500
1 0.096250 0.436250 0.067500 0.067500
1 0.153750 0.448750 0.067500 0.067500
2 0.266250 0.473750 0.067500 0.067500
1 0.661250 0.563750 0.067500 0.067500
4 0.718750 0.576250 0.067500 0.067500
1 0.196250 0.518750 0.067500 0.067500
4 0.366250 0.556250 0.067500 0.067500
4 0.706250 0.633750 0.067500 0.067500
