2 0.291250 0.223750 0.092500 0.092500
4 0.413750 0.291250 0.092500 0.092500
4 0.536250 0.358750 0.092500 0.092500
2 0.596250 0.391250 0.092500 0.092500
4 0.656250 0.426250 0.092500 0.092500
4 0.778750 0.493750 0.092500 0.092500
1 0.838750 0.526250 0.092500 0.092500
0 0.901250 0.561250 0.092500 0.092500
2 0.196250 0.251250 0.092500 0.092500
2 0.258750 0.286250 0.092500 0.092500
1 0.501250 0.418750 0.092500 0.092500
1 0.806250 0.588750 0.092500 0.092500
1 0.286250 0.378750 0.092500 0.092500
1 0.346250 0.413750 0.092500 0.092500
0 0.406250 0.446250 0.092500 0.092500
2 0.528750 0.513750 0.092500 0.092500
4 0.588750 0.548750 0.092500 0.092500
4 0.711250 0.613750 0.092500 0.092500
2 0.833750 0.681250 0.092500 0.092500
1 0.128750 0.373750 0.092500 0.092500
4 0.251250 0.441250 0.092500 0.092500
4 0.433750 0.541250 0.092500 0.092500
1 0.616250 0.641250 0.092500 0.092500
0 0.798750 0.743750 0.092500 0.092500
0 0.156250 0.468750 0.092500 0.092500
1 0.218750 0.501250 0.092500 0.092500
0 0.278750 0.536250 0.092500 0.092500
4 0.401250 0.601250 0.092500 0.092500
4 0.706250 0.771250 0.092500 0.092500
