3 0.090000 0.427500 0.080000 0.080000
1 0.300000 0.390000 0.080000 0.080000
0 0.577500 0.340000 0.080000 0.080000
1 0.855000 0.287500 0.080000 0.080000
2 0.172500 0.485000 0.080000 0.080000
1 0.380000 0.447500 0.080000 0.080000
4 0.450000 0.432500 0.080000 0.080000
3 0.800000 0.370000 0.080000 0.080000
1 0.870000 0.357500 0.080000 0.080000
3 0.395000 0.515000 0.080000 0.080000
1 0.462500 0.502500 0.080000 0.080000
3 0.532500 0.490000 0.080000 0.080000
1 0.602500 0.477500 0.080000 0.080000
2 0.742500 0.452500 0.080000 0.080000
1 0.882500 0.427500 0.080000 0.080000
1 0.267500 0.610000 0.080000 0.080000
4 0.407500 0.585000 0.080000 0.080000
3 0.545000 0.560000 0.080000 0.080000
4 0.685000 0.535000 0.080000 0.080000
4 0.755000 0.522500 0.080000 0.080000
1 0.420000 0.655000 0.080000 0.080000
1 0.627500 0.617500 0.080000 0.080000
3 0.767500 0.592500 0.080000 0.080000
