1 0.196250 0.446250 0.062500 0.062500
1 0.371250 0.423750 0.062500 0.062500
0 0.428750 0.416250 0.062500 0.062500
4 0.718750 0.378750 0.062500 0.062500
1 0.776250 0.371250 0.062500 0.062500
1 0.833750 0.363750 0.062500 0.062500
4 0.891250 0.356250 0.062500 0.062500
4 0.088750 0.521250 0.062500 0.062500
2 0.378750 0.483750 0.062500 0.062500
1 0.436250 0.476250 0.062500 0.062500
4 0.493750 0.468750 0.062500 0.062500
4 0.551250 0.461250 0.062500 0.062500
0 0.841250 0.421250 0.062500 0.062500
2 0.898750 0.413750 0.062500 0.062500
1 0.328750 0.548750 0.062500 0.062500
2 0.386250 0.541250 0.062500 0.062500
2 0.501250 0.526250 0.062500 0.062500
4 0.558750 0.518750 0.062500 0.062500
1 0.676250 0.503750 0.062500 0.062500
4 0.733750 0.496250 0.062500 0.062500
3 0.791250 0.488750 0.062500 0.062500
4 0.103750 0.636250 0.062500 0.062500
4 0.276250 0.613750 0.062500 0.062500
1 0.451250 0.591250 0.062500 0.062500
4 0.626250 0.568750 0.062500 0.062500
4 0.856250 0.538750 0.062500 0.062500
