1 0.656250 0.426250 0.092500 0.092500
3 0.718750 0.461250 0.092500 0.092500
1 0.381250 0.351250 0.092500 0.092500
4 0.441250 0.386250 0.092500 0.092500
3 0.563750 0.453750 0.092500 0.092500
2 0.683750 0.521250 0.092500 0.092500
1 0.746250 0.553750 0.092500 0.092500
4 0.163750 0.311250 0.092500 0.092500
4 0.286250 0.378750 0.092500 0.092500
4 0.651250 0.581250 0.092500 0.092500
2 0.833750 0.683750 0.092500 0.092500
4 0.191250 0.406250 0.092500 0.092500
2 0.313750 0.473750 0.092500 0.092500
4 0.373750 0.506250 0.092500 0.092500
1 0.676250 0.676250 0.092500 0.092500
1 0.218750 0.501250 0.092500 0.092500
2 0.338750 0.568750 0.092500 0.092500
