4 0.371250 0.368750 0.077500 0.077500
2 0.511250 0.351250 0.077500 0.077500
2 0.653750 0.331250 0.077500 0.077500
4 0.796250 0.311250 0.077500 0.077500
4 0.866250 0.301250 0.077500 0.077500
4 0.096250 0.481250 0.077500 0.077500
1 0.168750 0.471250 0.077500 0.077500
4 0.593750 0.411250 0.077500 0.077500
4 0.663750 0.401250 0.077500 0.077500
2 0.733750 0.391250 0.077500 0.077500
3 0.806250 0.381250 0.077500 0.077500
4 0.106250 0.551250 0.077500 0.077500
4 0.178750 0.541250 0.077500 0.077500
1 0.461250 0.501250 0.077500 0.077500
2 0.743750 0.461250 0.077500 0.077500
0 0.886250 0.441250 0.077500 0.077500
1 0.188750 0.611250 0.077500 0.077500
0 0.328750 0.591250 0.077500 0.077500
4 0.401250 0.581250 0.077500 0.077500
0 0.471250 0.571250 0.077500 0.077500
2 0.683750 0.541250 0.077500 0.077500
4 0.753750 0.533750 0.077500 0.077500
1 0.411250 0.653750 0.077500 0.077500
2 0.551250 0.633750 0.077500 0.077500
0 0.623750 0.623750 0.077500 0.077500
0 0.763750 0.603750 0.077500 0.077500
