1 0.096250 0.343750 0.092500 0.092500
1 0.428750 0.296250 0.092500 0.092500
4 0.593750 0.273750 0.092500 0.092500
0 0.108750 0.426250 0.092500 0.092500
2 0.273750 0.403750 0.092500 0.092500
2 0.356250 0.391250 0.092500 0.092500
2 0.438750 0.378750 0.092500 0.092500
1 0.521250 0.366250 0.092500 0.092500
4 0.603750 0.356250 0.092500 0.092500
2 0.853750 0.318750 0.092500 0.092500
4 0.121250 0.508750 0.092500 0.092500
0 0.286250 0.486250 0.092500 0.092500
1 0.698750 0.426250 0.092500 0.092500
4 0.213750 0.581250 0.092500 0.092500
4 0.296250 0.568750 0.092500 0.092500
2 0.381250 0.556250 0.092500 0.092500
4 0.628750 0.521250 0.092500 0.092500
4 0.711250 0.508750 0.092500 0.092500
2 0.143750 0.673750 0.092500 0.092500
2 0.226250 0.663750 0.092500 0.092500
4 0.308750 0.651250 0.092500 0.092500
1 0.473750 0.626250 0.092500 0.092500
1 0.806250 0.578750 0.092500 0.092500
1 0.888750 0.568750 0.092500 0.092500
2 0.156250 0.756250 0.092500 0.092500
4 0.321250 0.733750 0.092500 0.092500
4 0.403750 0.721250 0.092500 0.092500
1 0.486250 0.711250 0.092500 0.092500
4 0.651250 0.686250 0.092500 0.092500
1 0.818750 0.663750 0.092500 0.092500
