4 0.313750 0.331250 0.072500 0.072500
1 0.366250 0.351250 0.072500 0.072500
4 0.421250 0.373750 0.072500 0.072500
4 0.583750 0.436250 0.072500 0.072500
2 0.801250 0.521250 0.072500 0.072500
4 0.183750 0.341250 0.072500 0.072500
2 0.236250 0.363750 0.072500 0.072500
4 0.453750 0.448750 0.072500 0.072500
1 0.563750 0.491250 0.072500 0.072500
0 0.726250 0.553750 0.072500 0.072500
1 0.888750 0.618750 0.072500 0.072500
1 0.106250 0.373750 0.072500 0.072500
1 0.161250 0.396250 0.072500 0.072500
4 0.323750 0.458750 0.072500 0.072500
1 0.541250 0.546250 0.072500 0.072500
4 0.651250 0.588750 0.072500 0.072500
4 0.758750 0.631250 0.072500 0.072500
2 0.813750 0.651250 0.072500 0.072500
2 0.866250 0.673750 0.072500 0.072500
4 0.141250 0.451250 0.072500 0.072500
4 0.193750 0.471250 0.072500 0.072500
1 0.248750 0.493750 0.072500 0.072500
4 0.303750 0.513750 0.072500 0.072500
2 0.411250 0.556250 0.072500 0.072500
4 0.521250 0.598750 0.072500 0.072500
4 0.628750 0.641250 0.072500 0.072500
4 0.683750 0.663750 0.072500 0.072500
4 0.736250 0.683750 0.072500 0.072500
3 0.846250 0.726250 0.072500 0.072500
