2 0.268750 0.318750 0.077500 0.077500
4 0.341250 0.328750 0.077500 0.077500
1 0.411250 0.338750 0.077500 0.077500
1 0.623750 0.371250 0.077500 0.077500
4 0.693750 0.381250 0.077500 0.077500
4 0.833750 0.401250 0.077500 0.077500
4 0.906250 0.411250 0.077500 0.077500
1 0.118750 0.368750 0.077500 0.077500
4 0.258750 0.391250 0.077500 0.077500
2 0.541250 0.431250 0.077500 0.077500
0 0.683750 0.451250 0.077500 0.077500
4 0.896250 0.481250 0.077500 0.077500
4 0.318750 0.471250 0.077500 0.077500
4 0.531250 0.501250 0.077500 0.077500
1 0.603750 0.511250 0.077500 0.077500
4 0.743750 0.531250 0.077500 0.077500
0 0.886250 0.551250 0.077500 0.077500
2 0.098750 0.511250 0.077500 0.077500
0 0.308750 0.541250 0.077500 0.077500
2 0.381250 0.551250 0.077500 0.077500
4 0.876250 0.623750 0.077500 0.077500
3 0.228750 0.601250 0.077500 0.077500
4 0.298750 0.611250 0.077500 0.077500
0 0.511250 0.643750 0.077500 0.077500
1 0.581250 0.653750 0.077500 0.077500
4 0.723750 0.673750 0.077500 0.077500
1 0.863750 0.693750 0.077500 0.077500
