0 0.230000 0.355000 0.065000 0.065000
4 0.515000 0.410000 0.065000 0.065000
4 0.572500 0.422500 0.065000 0.065000
4 0.685000 0.445000 0.065000 0.065000
4 0.742500 0.455000 0.065000 0.065000
1 0.800000 0.465000 0.065000 0.065000
0 0.162500 0.402500 0.065000 0.065000
0 0.217500 0.412500 0.065000 0.065000
4 0.275000 0.425000 0.065000 0.065000
2 0.447500 0.457500 0.065000 0.065000
3 0.617500 0.490000 0.065000 0.065000
4 0.675000 0.500000 0.065000 0.065000
0 0.732500 0.512500 0.065000 0.065000
3 0.150000 0.460000 0.065000 0.065000
2 0.265000 0.480000 0.065000 0.065000
4 0.377500 0.502500 0.065000 0.065000
2 0.550000 0.535000 0.065000 0.065000
4 0.662500 0.557500 0.065000 0.065000
4 0.720000 0.570000 0.065000 0.065000
0 0.892500 0.602500 0.065000 0.065000
2 0.082500 0.505000 0.065000 0.065000
3 0.252500 0.537500 0.065000 0.065000
2 0.310000 0.550000 0.065000 0.065000
1 0.425000 0.570000 0.065000 0.065000
4 0.652500 0.615000 0.065000 0.065000
1 0.710000 0.625000 0.065000 0.065000
2 0.767500 0.637500 0.065000 0.065000
