4 0.267500 0.295000 0.075000 0.075000
1 0.320000 0.320000 0.075000 0.075000
1 0.535000 0.417500 0.075000 0.075000
1 0.587500 0.442500 0.075000 0.075000
4 0.802500 0.540000 0.075000 0.075000
1 0.190000 0.325000 0.075000 0.075000
2 0.242500 0.347500 0.075000 0.075000
1 0.350000 0.397500 0.075000 0.075000
1 0.562500 0.495000 0.075000 0.075000
2 0.670000 0.545000 0.075000 0.075000
3 0.777500 0.595000 0.075000 0.075000
3 0.885000 0.642500 0.075000 0.075000
3 0.165000 0.377500 0.075000 0.075000
4 0.272500 0.427500 0.075000 0.075000
1 0.325000 0.450000 0.075000 0.075000
0 0.700000 0.622500 0.075000 0.075000
4 0.860000 0.697500 0.075000 0.075000
4 0.140000 0.430000 0.075000 0.075000
4 0.675000 0.675000 0.075000 0.075000
1 0.727500 0.700000 0.075000 0.075000
3 0.835000 0.750000 0.075000 0.075000
