4 0.081250 0.461250 0.062500 0.062500
4 0.138750 0.453750 0.062500 0.062500
1 0.313750 0.431250 0.062500 0.062500
4 0.486250 0.408750 0.062500 0.062500
4 0.543750 0.401250 0.062500 0.062500
4 0.601250 0.393750 0.062500 0.062500
4 0.718750 0.378750 0.062500 0.062500
1 0.261250 0.498750 0.062500 0.062500
2 0.321250 0.491250 0.062500 0.062500
0 0.436250 0.476250 0.062500 0.062500
2 0.493750 0.468750 0.062500 0.062500
4 0.551250 0.461250 0.062500 0.062500
4 0.608750 0.453750 0.062500 0.062500
4 0.668750 0.446250 0.062500 0.062500
4 0.898750 0.416250 0.062500 0.062500
1 0.096250 0.578750 0.062500 0.062500
1 0.268750 0.556250 0.062500 0.062500
4 0.386250 0.541250 0.062500 0.062500
1 0.616250 0.511250 0.062500 0.062500
1 0.676250 0.503750 0.062500 0.062500
1 0.276250 0.613750 0.062500 0.062500
1 0.393750 0.598750 0.062500 0.062500
0 0.683750 0.561250 0.062500 0.062500
