4 0.293750 0.221250 0.092500 0.092500
2 0.536250 0.358750 0.092500 0.092500
1 0.596250 0.393750 0.092500 0.092500
1 0.838750 0.528750 0.092500 0.092500
2 0.901250 0.563750 0.092500 0.092500
3 0.258750 0.283750 0.092500 0.092500
1 0.381250 0.351250 0.092500 0.092500
2 0.501250 0.418750 0.092500 0.092500
1 0.623750 0.488750 0.092500 0.092500
4 0.683750 0.521250 0.092500 0.092500
4 0.226250 0.343750 0.092500 0.092500
4 0.406250 0.446250 0.092500 0.092500
4 0.468750 0.481250 0.092500 0.092500
2 0.131250 0.371250 0.092500 0.092500
1 0.251250 0.438750 0.092500 0.092500
1 0.493750 0.573750 0.092500 0.092500
4 0.556250 0.608750 0.092500 0.092500
4 0.616250 0.643750 0.092500 0.092500
1 0.798750 0.746250 0.092500 0.092500
4 0.096250 0.431250 0.092500 0.092500
2 0.338750 0.566250 0.092500 0.092500
1 0.398750 0.601250 0.092500 0.092500
2 0.461250 0.636250 0.092500 0.092500
