1 0.107500 0.350000 0.065000 0.065000
0 0.280000 0.375000 0.065000 0.065000
4 0.510000 0.410000 0.065000 0.065000
2 0.682500 0.437500 0.065000 0.065000
4 0.740000 0.445000 0.065000 0.065000
1 0.797500 0.455000 0.065000 0.065000
4 0.212500 0.425000 0.065000 0.065000
4 0.330000 0.442500 0.065000 0.065000
3 0.502500 0.467500 0.065000 0.065000
1 0.560000 0.477500 0.065000 0.065000
4 0.617500 0.485000 0.065000 0.065000
4 0.847500 0.520000 0.065000 0.065000
2 0.905000 0.530000 0.065000 0.065000
3 0.090000 0.465000 0.065000 0.065000
4 0.205000 0.482500 0.065000 0.065000
4 0.262500 0.490000 0.065000 0.065000
4 0.435000 0.517500 0.065000 0.065000
4 0.722500 0.560000 0.065000 0.065000
4 0.780000 0.570000 0.065000 0.065000
4 0.080000 0.522500 0.065000 0.065000
3 0.312500 0.557500 0.065000 0.065000
1 0.370000 0.567500 0.065000 0.065000
2 0.485000 0.585000 0.065000 0.065000
4 0.657500 0.610000 0.065000 0.065000
0 0.772500 0.627500 0.065000 0.065000
4 0.830000 0.635000 0.065000 0.065000
