4 0.160000 0.247500 0.075000 0.075000
4 0.320000 0.320000 0.075000 0.075000
0 0.375000 0.345000 0.075000 0.075000
2 0.535000 0.417500 0.075000 0.075000
3 0.587500 0.442500 0.075000 0.075000
4 0.695000 0.490000 0.075000 0.075000
4 0.747500 0.515000 0.075000 0.075000
2 0.802500 0.540000 0.075000 0.075000
4 0.855000 0.562500 0.075000 0.075000
1 0.242500 0.350000 0.075000 0.075000
2 0.510000 0.472500 0.075000 0.075000
4 0.562500 0.495000 0.075000 0.075000
1 0.617500 0.520000 0.075000 0.075000
2 0.670000 0.545000 0.075000 0.075000
4 0.777500 0.592500 0.075000 0.075000
1 0.217500 0.402500 0.075000 0.075000
0 0.485000 0.525000 0.075000 0.075000
4 0.807500 0.670000 0.075000 0.075000
3 0.087500 0.407500 0.075000 0.075000
1 0.140000 0.432500 0.075000 0.075000
2 0.195000 0.457500 0.075000 0.075000
3 0.462500 0.577500 0.075000 0.075000
1 0.515000 0.602500 0.075000 0.075000
2 0.675000 0.675000 0.075000 0.075000
4 0.730000 0.700000 0.075000 0.075000
4 0.782500 0.722500 0.075000 0.075000
