1 0.083750 0.496250 0.067500 0.067500
3 0.141250 0.483750 0.067500 0.067500
1 0.311250 0.448750 0.067500 0.067500
1 0.423750 0.423750 0.067500 0.067500
4 0.536250 0.401250 0.067500 0.067500
4 0.593750 0.388750 0.067500 0.067500
4 0.651250 0.376250 0.067500 0.067500
4 0.763750 0.351250 0.067500 0.067500
0 0.878750 0.328750 0.067500 0.067500
2 0.096250 0.553750 0.067500 0.067500
2 0.208750 0.528750 0.067500 0.067500
4 0.266250 0.516250 0.067500 0.067500
1 0.548750 0.456250 0.067500 0.067500
1 0.776250 0.408750 0.067500 0.067500
4 0.163750 0.598750 0.067500 0.067500
4 0.278750 0.573750 0.067500 0.067500
0 0.391250 0.548750 0.067500 0.067500
4 0.503750 0.526250 0.067500 0.067500
2 0.673750 0.488750 0.067500 0.067500
1 0.731250 0.478750 0.067500 0.067500
0 0.846250 0.453750 0.067500 0.067500
1 0.118750 0.666250 0.067500 0.067500
0 0.176250 0.653750 0.067500 0.067500
1 0.461250 0.593750 0.067500 0.067500
4 0.573750 0.571250 0.067500 0.067500
4 0.801250 0.521250 0.067500 0.067500
