2 0.253750 0.316250 0.072500 0.072500
2 0.361250 0.356250 0.072500 0.072500
1 0.416250 0.376250 0.072500 0.072500
1 0.526250 0.416250 0.072500 0.072500
4 0.636250 0.453750 0.072500 0.072500
4 0.853750 0.533750 0.072500 0.072500
4 0.123750 0.333750 0.072500 0.072500
2 0.343750 0.411250 0.072500 0.072500
1 0.561250 0.488750 0.072500 0.072500
0 0.616250 0.508750 0.072500 0.072500
2 0.726250 0.548750 0.072500 0.072500
2 0.781250 0.568750 0.072500 0.072500
4 0.891250 0.606250 0.072500 0.072500
4 0.103750 0.386250 0.072500 0.072500
4 0.158750 0.406250 0.072500 0.072500
1 0.433750 0.503750 0.072500 0.072500
1 0.706250 0.603750 0.072500 0.072500
0 0.871250 0.661250 0.072500 0.072500
2 0.083750 0.441250 0.072500 0.072500
4 0.248750 0.501250 0.072500 0.072500
4 0.303750 0.521250 0.072500 0.072500
3 0.468750 0.578750 0.072500 0.072500
1 0.523750 0.598750 0.072500 0.072500
