1 0.155000 0.255000 0.075000 0.075000
4 0.370000 0.347500 0.075000 0.075000
2 0.640000 0.465000 0.075000 0.075000
0 0.747500 0.510000 0.075000 0.075000
4 0.907500 0.580000 0.075000 0.075000
3 0.132500 0.307500 0.075000 0.075000
1 0.187500 0.332500 0.075000 0.075000
1 0.240000 0.355000 0.075000 0.075000
4 0.295000 0.377500 0.075000 0.075000
1 0.455000 0.447500 0.075000 0.075000
1 0.562500 0.495000 0.075000 0.075000
0 0.615000 0.517500 0.075000 0.075000
0 0.670000 0.542500 0.075000 0.075000
1 0.722500 0.565000 0.075000 0.075000
2 0.110000 0.362500 0.075000 0.075000
2 0.162500 0.385000 0.075000 0.075000
4 0.270000 0.432500 0.075000 0.075000
1 0.325000 0.455000 0.075000 0.075000
1 0.432500 0.502500 0.075000 0.075000
1 0.485000 0.525000 0.075000 0.075000
2 0.592500 0.572500 0.075000 0.075000
4 0.755000 0.642500 0.075000 0.075000
1 0.140000 0.440000 0.075000 0.075000
4 0.247500 0.485000 0.075000 0.075000
4 0.462500 0.580000 0.075000 0.075000
2 0.515000 0.602500 0.075000 0.075000
4 0.622500 0.650000 0.075000 0.075000
1 0.785000 0.717500 0.075000 0.075000
1 0.837500 0.742500 0.075000 0.075000
