1 0.253750 0.461250 0.067500 0.067500
4 0.311250 0.448750 0.067500 0.067500
4 0.423750 0.423750 0.067500 0.067500
1 0.481250 0.411250 0.067500 0.067500
2 0.593750 0.388750 0.067500 0.067500
1 0.706250 0.363750 0.067500 0.067500
1 0.763750 0.351250 0.067500 0.067500
1 0.821250 0.338750 0.067500 0.067500
4 0.208750 0.531250 0.067500 0.067500
4 0.266250 0.518750 0.067500 0.067500
1 0.321250 0.506250 0.067500 0.067500
1 0.378750 0.493750 0.067500 0.067500
1 0.436250 0.481250 0.067500 0.067500
0 0.491250 0.468750 0.067500 0.067500
4 0.548750 0.456250 0.067500 0.067500
4 0.776250 0.408750 0.067500 0.067500
0 0.888750 0.383750 0.067500 0.067500
4 0.108750 0.611250 0.067500 0.067500
4 0.221250 0.586250 0.067500 0.067500
1 0.333750 0.563750 0.067500 0.067500
4 0.448750 0.538750 0.067500 0.067500
3 0.503750 0.526250 0.067500 0.067500
4 0.561250 0.513750 0.067500 0.067500
0 0.731250 0.476250 0.067500 0.067500
0 0.788750 0.463750 0.067500 0.067500
4 0.843750 0.451250 0.067500 0.067500
1 0.233750 0.643750 0.067500 0.067500
2 0.291250 0.631250 0.067500 0.067500
4 0.346250 0.618750 0.067500 0.067500
1 0.516250 0.581250 0.067500 0.067500
4 0.631250 0.558750 0.067500 0.067500
2 0.686250 0.546250 0.067500 0.067500
1 0.743750 0.533750 0.067500 0.067500
1 0.801250 0.521250 0.067500 0.067500
