4 0.096250 0.566250 0.092500 0.092500
1 0.156250 0.531250 0.092500 0.092500
4 0.398750 0.393750 0.092500 0.092500
4 0.458750 0.358750 0.092500 0.092500
4 0.521250 0.323750 0.092500 0.092500
1 0.763750 0.186250 0.092500 0.092500
4 0.131250 0.626250 0.092500 0.092500
0 0.191250 0.591250 0.092500 0.092500
3 0.433750 0.453750 0.092500 0.092500
0 0.493750 0.418750 0.092500 0.092500
1 0.553750 0.383750 0.092500 0.092500
4 0.616250 0.351250 0.092500 0.092500
4 0.166250 0.686250 0.092500 0.092500
2 0.286250 0.616250 0.092500 0.092500
4 0.406250 0.548750 0.092500 0.092500
4 0.468750 0.513750 0.092500 0.092500
0 0.528750 0.478750 0.092500 0.092500
1 0.588750 0.446250 0.092500 0.092500
4 0.648750 0.411250 0.092500 0.092500
1 0.831250 0.308750 0.092500 0.092500
4 0.198750 0.746250 0.092500 0.092500
2 0.261250 0.711250 0.092500 0.092500
1 0.623750 0.506250 0.092500 0.092500
3 0.806250 0.403750 0.092500 0.092500
1 0.293750 0.773750 0.092500 0.092500
0 0.416250 0.703750 0.092500 0.092500
2 0.476250 0.668750 0.092500 0.092500
1 0.718750 0.531250 0.092500 0.092500
4 0.838750 0.463750 0.092500 0.092500
