4 0.090000 0.425000 0.080000 0.080000
4 0.440000 0.365000 0.080000 0.080000
4 0.510000 0.352500 0.080000 0.080000
2 0.720000 0.317500 0.080000 0.080000
2 0.102500 0.495000 0.080000 0.080000
1 0.172500 0.482500 0.080000 0.080000
1 0.242500 0.470000 0.080000 0.080000
2 0.382500 0.447500 0.080000 0.080000
1 0.452500 0.435000 0.080000 0.080000
4 0.592500 0.410000 0.080000 0.080000
4 0.660000 0.397500 0.080000 0.080000
1 0.730000 0.387500 0.080000 0.080000
4 0.800000 0.375000 0.080000 0.080000
1 0.322500 0.527500 0.080000 0.080000
4 0.392500 0.517500 0.080000 0.080000
1 0.742500 0.457500 0.080000 0.080000
1 0.812500 0.445000 0.080000 0.080000
4 0.265000 0.610000 0.080000 0.080000
3 0.405000 0.587500 0.080000 0.080000
1 0.475000 0.575000 0.080000 0.080000
1 0.545000 0.562500 0.080000 0.080000
4 0.685000 0.537500 0.080000 0.080000
1 0.825000 0.515000 0.080000 0.080000
0 0.347500 0.667500 0.080000 0.080000
4 0.487500 0.645000 0.080000 0.080000
4 0.767500 0.595000 0.080000 0.080000
