1 0.280000 0.377500 0.065000 0.065000
4 0.337500 0.385000 0.065000 0.065000
1 0.395000 0.392500 0.065000 0.065000
3 0.455000 0.402500 0.065000 0.065000
2 0.512500 0.410000 0.065000 0.065000
0 0.627500 0.427500 0.065000 0.065000
2 0.685000 0.437500 0.065000 0.065000
4 0.800000 0.455000 0.065000 0.065000
1 0.857500 0.462500 0.065000 0.065000
1 0.915000 0.470000 0.065000 0.065000
1 0.100000 0.407500 0.065000 0.065000
2 0.215000 0.425000 0.065000 0.065000
4 0.272500 0.435000 0.065000 0.065000
4 0.445000 0.460000 0.065000 0.065000
4 0.675000 0.495000 0.065000 0.065000
2 0.732500 0.502500 0.065000 0.065000
4 0.850000 0.520000 0.065000 0.065000
1 0.090000 0.465000 0.065000 0.065000
0 0.147500 0.475000 0.065000 0.065000
4 0.205000 0.482500 0.065000 0.065000
4 0.262500 0.492500 0.065000 0.065000
1 0.322500 0.500000 0.065000 0.065000
4 0.380000 0.510000 0.065000 0.065000
1 0.437500 0.517500 0.065000 0.065000
0 0.667500 0.552500 0.065000 0.065000
4 0.782500 0.570000 0.065000 0.065000
1 0.840000 0.577500 0.065000 0.065000
4 0.082500 0.522500 0.065000 0.065000
1 0.140000 0.532500 0.065000 0.065000
4 0.197500 0.540000 0.065000 0.065000
1 0.370000 0.567500 0.065000 0.065000
1 0.427500 0.575000 0.065000 0.065000
4 0.542500 0.592500 0.065000 0.065000
0 0.657500 0.610000 0.065000 0.065000
4 0.775000 0.627500 0.065000 0.065000
4 0.890000 0.645000 0.065000 0.065000
