1 0.176250 0.223750 0.092500 0.092500
0 0.896250 0.371250 0.092500 0.092500
1 0.401250 0.353750 0.092500 0.092500
1 0.481250 0.368750 0.092500 0.092500
1 0.801250 0.436250 0.092500 0.092500
1 0.463750 0.448750 0.092500 0.092500
1 0.543750 0.466250 0.092500 0.092500
2 0.128750 0.463750 0.092500 0.092500
4 0.288750 0.496250 0.092500 0.092500
4 0.368750 0.513750 0.092500 0.092500
1 0.608750 0.561250 0.092500 0.092500
2 0.191250 0.558750 0.092500 0.092500
4 0.271250 0.576250 0.092500 0.092500
4 0.351250 0.593750 0.092500 0.092500
1 0.591250 0.641250 0.092500 0.092500
2 0.671250 0.658750 0.092500 0.092500
4 0.831250 0.691250 0.092500 0.092500
1 0.096250 0.623750 0.092500 0.092500
1 0.256250 0.656250 0.092500 0.092500
