1 0.405000 0.292500 0.090000 0.090000
4 0.467500 0.325000 0.090000 0.090000
3 0.530000 0.357500 0.090000 0.090000
1 0.590000 0.390000 0.090000 0.090000
3 0.652500 0.420000 0.090000 0.090000
0 0.375000 0.355000 0.090000 0.090000
1 0.435000 0.387500 0.090000 0.090000
0 0.560000 0.450000 0.090000 0.090000
1 0.867500 0.610000 0.090000 0.090000
3 0.157500 0.322500 0.090000 0.090000
1 0.712500 0.607500 0.090000 0.090000
1 0.835000 0.672500 0.090000 0.090000
4 0.125000 0.382500 0.090000 0.090000
4 0.250000 0.447500 0.090000 0.090000
3 0.310000 0.477500 0.090000 0.090000
2 0.620000 0.637500 0.090000 0.090000
4 0.680000 0.670000 0.090000 0.090000
0 0.802500 0.732500 0.090000 0.090000
3 0.462500 0.635000 0.090000 0.090000
4 0.647500 0.730000 0.090000 0.090000
4 0.710000 0.762500 0.090000 0.090000
1 0.772500 0.795000 0.090000 0.090000
