4 0.087500 0.387500 0.075000 0.075000
1 0.160000 0.382500 0.075000 0.075000
4 0.305000 0.367500 0.075000 0.075000
4 0.375000 0.362500 0.075000 0.075000
1 0.665000 0.335000 0.075000 0.075000
1 0.737500 0.330000 0.075000 0.075000
2 0.527500 0.420000 0.075000 0.075000
4 0.815000 0.395000 0.075000 0.075000
0 0.100000 0.532500 0.075000 0.075000
0 0.172500 0.525000 0.075000 0.075000
0 0.317500 0.512500 0.075000 0.075000
4 0.605000 0.487500 0.075000 0.075000
4 0.677500 0.480000 0.075000 0.075000
1 0.822500 0.467500 0.075000 0.075000
4 0.895000 0.460000 0.075000 0.075000
1 0.107500 0.605000 0.075000 0.075000
4 0.180000 0.597500 0.075000 0.075000
0 0.252500 0.592500 0.075000 0.075000
4 0.322500 0.585000 0.075000 0.075000
4 0.540000 0.565000 0.075000 0.075000
4 0.612500 0.557500 0.075000 0.075000
4 0.685000 0.552500 0.075000 0.075000
2 0.185000 0.670000 0.075000 0.075000
4 0.257500 0.662500 0.075000 0.075000
4 0.330000 0.657500 0.075000 0.075000
2 0.402500 0.650000 0.075000 0.075000
1 0.475000 0.645000 0.075000 0.075000
1 0.547500 0.637500 0.075000 0.075000
4 0.762500 0.617500 0.075000 0.075000
2 0.835000 0.610000 0.075000 0.075000
4 0.907500 0.605000 0.075000 0.075000
