4 0.101250 0.358750 0.062500 0.062500
1 0.158750 0.366250 0.062500 0.062500
1 0.216250 0.373750 0.062500 0.062500
0 0.276250 0.381250 0.062500 0.062500
4 0.391250 0.396250 0.062500 0.062500
4 0.856250 0.453750 0.062500 0.062500
1 0.093750 0.416250 0.062500 0.062500
4 0.268750 0.438750 0.062500 0.062500
1 0.501250 0.468750 0.062500 0.062500
1 0.558750 0.473750 0.062500 0.062500
4 0.673750 0.488750 0.062500 0.062500
4 0.731250 0.496250 0.062500 0.062500
4 0.791250 0.503750 0.062500 0.062500
3 0.848750 0.511250 0.062500 0.062500
4 0.086250 0.476250 0.062500 0.062500
4 0.436250 0.518750 0.062500 0.062500
3 0.493750 0.526250 0.062500 0.062500
4 0.551250 0.533750 0.062500 0.062500
1 0.196250 0.548750 0.062500 0.062500
3 0.253750 0.553750 0.062500 0.062500
1 0.428750 0.576250 0.062500 0.062500
4 0.718750 0.613750 0.062500 0.062500
