3 0.250000 0.182500 0.100000 0.100000
4 0.392500 0.242500 0.100000 0.100000
2 0.465000 0.272500 0.100000 0.100000
1 0.537500 0.302500 0.100000 0.100000
4 0.752500 0.392500 0.100000 0.100000
1 0.895000 0.452500 0.100000 0.100000
4 0.220000 0.255000 0.100000 0.100000
1 0.362500 0.315000 0.100000 0.100000
3 0.507500 0.375000 0.100000 0.100000
4 0.332500 0.385000 0.100000 0.100000
4 0.477500 0.447500 0.100000 0.100000
0 0.547500 0.477500 0.100000 0.100000
4 0.620000 0.507500 0.100000 0.100000
3 0.762500 0.567500 0.100000 0.100000
1 0.835000 0.597500 0.100000 0.100000
1 0.160000 0.397500 0.100000 0.100000
0 0.302500 0.457500 0.100000 0.100000
1 0.375000 0.487500 0.100000 0.100000
0 0.447500 0.517500 0.100000 0.100000
2 0.590000 0.577500 0.100000 0.100000
1 0.732500 0.640000 0.100000 0.100000
3 0.200000 0.500000 0.100000 0.100000
1 0.345000 0.560000 0.100000 0.100000
4 0.560000 0.650000 0.100000 0.100000
4 0.702500 0.710000 0.100000 0.100000
3 0.100000 0.540000 0.100000 0.100000
