4 0.156250 0.531250 0.092500 0.092500
4 0.278750 0.461250 0.092500 0.092500
3 0.398750 0.393750 0.092500 0.092500
1 0.581250 0.291250 0.092500 0.092500
4 0.251250 0.556250 0.092500 0.092500
1 0.373750 0.488750 0.092500 0.092500
4 0.433750 0.453750 0.092500 0.092500
2 0.493750 0.418750 0.092500 0.092500
1 0.616250 0.351250 0.092500 0.092500
4 0.796250 0.248750 0.092500 0.092500
1 0.406250 0.548750 0.092500 0.092500
1 0.588750 0.446250 0.092500 0.092500
0 0.648750 0.411250 0.092500 0.092500
1 0.711250 0.376250 0.092500 0.092500
2 0.771250 0.343750 0.092500 0.092500
1 0.258750 0.711250 0.092500 0.092500
3 0.321250 0.678750 0.092500 0.092500
2 0.683750 0.471250 0.092500 0.092500
4 0.743750 0.438750 0.092500 0.092500
1 0.866250 0.368750 0.092500 0.092500
0 0.233750 0.806250 0.092500 0.092500
4 0.353750 0.738750 0.092500 0.092500
1 0.476250 0.668750 0.092500 0.092500
2 0.838750 0.463750 0.092500 0.092500
