4 0.078750 0.416250 0.057500 0.057500
3 0.198750 0.413750 0.057500 0.057500
0 0.436250 0.408750 0.057500 0.057500
4 0.793750 0.401250 0.057500 0.057500
1 0.853750 0.398750 0.057500 0.057500
4 0.138750 0.473750 0.057500 0.057500
1 0.318750 0.471250 0.057500 0.057500
4 0.913750 0.456250 0.057500 0.057500
1 0.081250 0.536250 0.057500 0.057500
0 0.201250 0.533750 0.057500 0.057500
2 0.438750 0.526250 0.057500 0.057500
0 0.616250 0.523750 0.057500 0.057500
4 0.916250 0.516250 0.057500 0.057500
4 0.261250 0.591250 0.057500 0.057500
0 0.381250 0.588750 0.057500 0.057500
0 0.438750 0.586250 0.057500 0.057500
1 0.558750 0.583750 0.057500 0.057500
