4 0.103750 0.356250 0.062500 0.062500
1 0.161250 0.363750 0.062500 0.062500
1 0.218750 0.371250 0.062500 0.062500
2 0.336250 0.386250 0.062500 0.062500
0 0.393750 0.393750 0.062500 0.062500
1 0.566250 0.416250 0.062500 0.062500
2 0.683750 0.433750 0.062500 0.062500
4 0.153750 0.421250 0.062500 0.062500
1 0.211250 0.428750 0.062500 0.062500
4 0.501250 0.468750 0.062500 0.062500
4 0.616250 0.483750 0.062500 0.062500
2 0.791250 0.506250 0.062500 0.062500
1 0.088750 0.471250 0.062500 0.062500
1 0.321250 0.501250 0.062500 0.062500
1 0.436250 0.518750 0.062500 0.062500
4 0.608750 0.541250 0.062500 0.062500
1 0.668750 0.548750 0.062500 0.062500
1 0.841250 0.571250 0.062500 0.062500
2 0.898750 0.578750 0.062500 0.062500
0 0.081250 0.528750 0.062500 0.062500
4 0.138750 0.536250 0.062500 0.062500
1 0.313750 0.561250 0.062500 0.062500
2 0.371250 0.568750 0.062500 0.062500
4 0.486250 0.583750 0.062500 0.062500
1 0.658750 0.606250 0.062500 0.062500
3 0.718750 0.613750 0.062500 0.062500
2 0.891250 0.636250 0.062500 0.062500
