4 0.488750 0.273750 0.102500 0.102500
1 0.556250 0.308750 0.102500 0.102500
1 0.623750 0.346250 0.102500 0.102500
4 0.758750 0.418750 0.102500 0.102500
1 0.828750 0.456250 0.102500 0.102500
4 0.896250 0.493750 0.102500 0.102500
4 0.451250 0.341250 0.102500 0.102500
3 0.723750 0.486250 0.102500 0.102500
3 0.211250 0.298750 0.102500 0.102500
1 0.416250 0.408750 0.102500 0.102500
4 0.483750 0.446250 0.102500 0.102500
2 0.618750 0.518750 0.102500 0.102500
0 0.378750 0.476250 0.102500 0.102500
1 0.446250 0.513750 0.102500 0.102500
4 0.786250 0.696250 0.102500 0.102500
4 0.206250 0.471250 0.102500 0.102500
1 0.273750 0.506250 0.102500 0.102500
2 0.341250 0.543750 0.102500 0.102500
1 0.408750 0.581250 0.102500 0.102500
1 0.168750 0.538750 0.102500 0.102500
2 0.236250 0.576250 0.102500 0.102500
3 0.508750 0.721250 0.102500 0.102500
