3 0.168750 0.458750 0.102500 0.102500
2 0.236250 0.421250 0.102500 0.102500
4 0.303750 0.383750 0.102500 0.102500
1 0.438750 0.308750 0.102500 0.102500
1 0.476250 0.376250 0.102500 0.102500
1 0.678750 0.266250 0.102500 0.102500
1 0.746250 0.228750 0.102500 0.102500
3 0.446250 0.481250 0.102500 0.102500
2 0.513750 0.443750 0.102500 0.102500
4 0.581250 0.408750 0.102500 0.102500
4 0.648750 0.371250 0.102500 0.102500
4 0.213750 0.698750 0.102500 0.102500
1 0.551250 0.513750 0.102500 0.102500
4 0.618750 0.476250 0.102500 0.102500
2 0.686250 0.438750 0.102500 0.102500
1 0.753750 0.401250 0.102500 0.102500
4 0.821250 0.363750 0.102500 0.102500
4 0.248750 0.766250 0.102500 0.102500
2 0.353750 0.796250 0.102500 0.102500
0 0.626250 0.648750 0.102500 0.102500
1 0.693750 0.611250 0.102500 0.102500
1 0.828750 0.536250 0.102500 0.102500
1 0.896250 0.498750 0.102500 0.102500
