1 0.197500 0.430000 0.060000 0.060000
0 0.372500 0.417500 0.060000 0.060000
2 0.667500 0.397500 0.060000 0.060000
4 0.902500 0.380000 0.060000 0.060000
2 0.085000 0.497500 0.060000 0.060000
4 0.202500 0.490000 0.060000 0.060000
4 0.377500 0.477500 0.060000 0.060000
1 0.437500 0.472500 0.060000 0.060000
0 0.555000 0.465000 0.060000 0.060000
1 0.612500 0.460000 0.060000 0.060000
4 0.730000 0.452500 0.060000 0.060000
0 0.087500 0.557500 0.060000 0.060000
1 0.322500 0.540000 0.060000 0.060000
4 0.382500 0.535000 0.060000 0.060000
4 0.557500 0.522500 0.060000 0.060000
1 0.617500 0.517500 0.060000 0.060000
4 0.735000 0.510000 0.060000 0.060000
4 0.852500 0.502500 0.060000 0.060000
1 0.912500 0.497500 0.060000 0.060000
1 0.150000 0.612500 0.060000 0.060000
1 0.210000 0.607500 0.060000 0.060000
1 0.327500 0.597500 0.060000 0.060000
0 0.387500 0.595000 0.060000 0.060000
0 0.505000 0.585000 0.060000 0.060000
3 0.562500 0.582500 0.060000 0.060000
0 0.622500 0.577500 0.060000 0.060000
0 0.680000 0.572500 0.060000 0.060000
4 0.740000 0.570000 0.060000 0.060000
2 0.857500 0.560000 0.060000 0.060000
