1 0.176250 0.216250 0.077500 0.077500
1 0.228750 0.243750 0.077500 0.077500
4 0.278750 0.273750 0.077500 0.077500
4 0.331250 0.301250 0.077500 0.077500
3 0.436250 0.361250 0.077500 0.077500
4 0.488750 0.388750 0.077500 0.077500
4 0.593750 0.446250 0.077500 0.077500
4 0.646250 0.476250 0.077500 0.077500
4 0.698750 0.503750 0.077500 0.077500
3 0.748750 0.533750 0.077500 0.077500
1 0.853750 0.591250 0.077500 0.077500
2 0.146250 0.268750 0.077500 0.077500
3 0.198750 0.296250 0.077500 0.077500
2 0.251250 0.326250 0.077500 0.077500
3 0.563750 0.498750 0.077500 0.077500
4 0.668750 0.556250 0.077500 0.077500
2 0.773750 0.616250 0.077500 0.077500
1 0.878750 0.673750 0.077500 0.077500
1 0.221250 0.378750 0.077500 0.077500
0 0.326250 0.436250 0.077500 0.077500
1 0.483750 0.521250 0.077500 0.077500
2 0.638750 0.608750 0.077500 0.077500
4 0.691250 0.638750 0.077500 0.077500
1 0.743750 0.666250 0.077500 0.077500
1 0.796250 0.696250 0.077500 0.077500
0 0.088750 0.371250 0.077500 0.077500
0 0.141250 0.401250 0.077500 0.077500
4 0.193750 0.428750 0.077500 0.077500
1 0.246250 0.458750 0.077500 0.077500
2 0.401250 0.546250 0.077500 0.077500
4 0.558750 0.633750 0.077500 0.077500
3 0.611250 0.661250 0.077500 0.077500
0 0.716250 0.718750 0.077500 0.077500
3 0.766250 0.748750 0.077500 0.077500
4 0.818750 0.776250 0.077500 0.077500
