2 0.571250 0.298750 0.092500 0.092500
2 0.901250 0.346250 0.092500 0.092500
3 0.146250 0.318750 0.092500 0.092500
4 0.311250 0.343750 0.092500 0.092500
4 0.393750 0.356250 0.092500 0.092500
4 0.888750 0.428750 0.092500 0.092500
4 0.133750 0.401250 0.092500 0.092500
0 0.368750 0.521250 0.092500 0.092500
4 0.451250 0.533750 0.092500 0.092500
1 0.533750 0.546250 0.092500 0.092500
2 0.616250 0.558750 0.092500 0.092500
4 0.698750 0.571250 0.092500 0.092500
2 0.781250 0.581250 0.092500 0.092500
2 0.863750 0.593750 0.092500 0.092500
1 0.521250 0.628750 0.092500 0.092500
3 0.686250 0.653750 0.092500 0.092500
1 0.768750 0.666250 0.092500 0.092500
4 0.343750 0.686250 0.092500 0.092500
1 0.426250 0.698750 0.092500 0.092500
4 0.756250 0.748750 0.092500 0.092500
2 0.838750 0.758750 0.092500 0.092500
