1 0.258750 0.256250 0.087500 0.087500
0 0.646250 0.408750 0.087500 0.087500
4 0.708750 0.433750 0.087500 0.087500
0 0.773750 0.458750 0.087500 0.087500
4 0.838750 0.483750 0.087500 0.087500
3 0.168750 0.296250 0.087500 0.087500
2 0.298750 0.346250 0.087500 0.087500
4 0.426250 0.396250 0.087500 0.087500
0 0.491250 0.421250 0.087500 0.087500
4 0.748750 0.521250 0.087500 0.087500
4 0.813750 0.548750 0.087500 0.087500
4 0.208750 0.383750 0.087500 0.087500
4 0.336250 0.436250 0.087500 0.087500
1 0.401250 0.461250 0.087500 0.087500
4 0.593750 0.536250 0.087500 0.087500
4 0.658750 0.561250 0.087500 0.087500
0 0.723750 0.586250 0.087500 0.087500
1 0.376250 0.523750 0.087500 0.087500
0 0.441250 0.551250 0.087500 0.087500
1 0.568750 0.601250 0.087500 0.087500
2 0.633750 0.626250 0.087500 0.087500
1 0.763750 0.676250 0.087500 0.087500
2 0.826250 0.701250 0.087500 0.087500
4 0.286250 0.563750 0.087500 0.087500
4 0.416250 0.613750 0.087500 0.087500
1 0.481250 0.638750 0.087500 0.087500
4 0.543750 0.666250 0.087500 0.087500
4 0.608750 0.691250 0.087500 0.087500
1 0.673750 0.716250 0.087500 0.087500
4 0.801250 0.766250 0.087500 0.087500
