1 0.095000 0.335000 0.090000 0.090000
4 0.177500 0.325000 0.090000 0.090000
4 0.345000 0.302500 0.090000 0.090000
4 0.680000 0.262500 0.090000 0.090000
1 0.355000 0.387500 0.090000 0.090000
1 0.607500 0.357500 0.090000 0.090000
1 0.690000 0.345000 0.090000 0.090000
1 0.115000 0.502500 0.090000 0.090000
3 0.282500 0.482500 0.090000 0.090000
2 0.450000 0.460000 0.090000 0.090000
1 0.532500 0.450000 0.090000 0.090000
1 0.617500 0.440000 0.090000 0.090000
2 0.700000 0.430000 0.090000 0.090000
1 0.785000 0.420000 0.090000 0.090000
4 0.867500 0.410000 0.090000 0.090000
2 0.125000 0.585000 0.090000 0.090000
4 0.542500 0.535000 0.090000 0.090000
3 0.710000 0.512500 0.090000 0.090000
0 0.795000 0.502500 0.090000 0.090000
1 0.877500 0.492500 0.090000 0.090000
3 0.470000 0.627500 0.090000 0.090000
2 0.397500 0.722500 0.090000 0.090000
3 0.815000 0.670000 0.090000 0.090000
