1 0.210000 0.300000 0.080000 0.080000
4 0.280000 0.312500 0.080000 0.080000
1 0.350000 0.325000 0.080000 0.080000
2 0.417500 0.337500 0.080000 0.080000
4 0.487500 0.352500 0.080000 0.080000
4 0.627500 0.377500 0.080000 0.080000
4 0.765000 0.402500 0.080000 0.080000
4 0.905000 0.430000 0.080000 0.080000
1 0.197500 0.370000 0.080000 0.080000
3 0.475000 0.420000 0.080000 0.080000
1 0.545000 0.435000 0.080000 0.080000
0 0.615000 0.447500 0.080000 0.080000
1 0.752500 0.472500 0.080000 0.080000
0 0.892500 0.497500 0.080000 0.080000
1 0.252500 0.452500 0.080000 0.080000
2 0.462500 0.490000 0.080000 0.080000
1 0.602500 0.517500 0.080000 0.080000
1 0.880000 0.567500 0.080000 0.080000
3 0.170000 0.507500 0.080000 0.080000
3 0.380000 0.547500 0.080000 0.080000
1 0.450000 0.560000 0.080000 0.080000
0 0.657500 0.597500 0.080000 0.080000
4 0.797500 0.625000 0.080000 0.080000
4 0.087500 0.565000 0.080000 0.080000
2 0.157500 0.577500 0.080000 0.080000
4 0.367500 0.617500 0.080000 0.080000
1 0.437500 0.630000 0.080000 0.080000
4 0.785000 0.695000 0.080000 0.080000
2 0.852500 0.707500 0.080000 0.080000
