0 0.227500 0.360000 0.065000 0.065000
2 0.397500 0.390000 0.065000 0.065000
1 0.455000 0.400000 0.065000 0.065000
4 0.570000 0.422500 0.065000 0.065000
0 0.627500 0.432500 0.065000 0.065000
4 0.740000 0.452500 0.065000 0.065000
4 0.855000 0.472500 0.065000 0.065000
4 0.912500 0.482500 0.065000 0.065000
2 0.102500 0.395000 0.065000 0.065000
0 0.160000 0.405000 0.065000 0.065000
4 0.445000 0.457500 0.065000 0.065000
2 0.560000 0.477500 0.065000 0.065000
0 0.672500 0.500000 0.065000 0.065000
1 0.787500 0.520000 0.065000 0.065000
2 0.902500 0.540000 0.065000 0.065000
4 0.092500 0.452500 0.065000 0.065000
4 0.262500 0.485000 0.065000 0.065000
4 0.377500 0.505000 0.065000 0.065000
4 0.435000 0.515000 0.065000 0.065000
2 0.492500 0.525000 0.065000 0.065000
0 0.662500 0.557500 0.065000 0.065000
4 0.777500 0.577500 0.065000 0.065000
1 0.835000 0.587500 0.065000 0.065000
4 0.892500 0.597500 0.065000 0.065000
1 0.137500 0.520000 0.065000 0.065000
1 0.252500 0.540000 0.065000 0.065000
4 0.652500 0.612500 0.065000 0.065000
3 0.882500 0.655000 0.065000 0.065000
