4 0.135000 0.295000 0.080000 0.080000
2 0.275000 0.317500 0.080000 0.080000
0 0.415000 0.340000 0.080000 0.080000
4 0.485000 0.352500 0.080000 0.080000
1 0.625000 0.375000 0.080000 0.080000
1 0.695000 0.387500 0.080000 0.080000
4 0.765000 0.400000 0.080000 0.080000
2 0.122500 0.365000 0.080000 0.080000
4 0.332500 0.400000 0.080000 0.080000
1 0.825000 0.480000 0.080000 0.080000
2 0.895000 0.492500 0.080000 0.080000
4 0.392500 0.480000 0.080000 0.080000
4 0.532500 0.505000 0.080000 0.080000
4 0.812500 0.550000 0.080000 0.080000
1 0.240000 0.527500 0.080000 0.080000
3 0.310000 0.540000 0.080000 0.080000
4 0.450000 0.562500 0.080000 0.080000
4 0.590000 0.585000 0.080000 0.080000
1 0.660000 0.597500 0.080000 0.080000
1 0.870000 0.632500 0.080000 0.080000
4 0.087500 0.575000 0.080000 0.080000
4 0.230000 0.597500 0.080000 0.080000
4 0.300000 0.610000 0.080000 0.080000
0 0.720000 0.680000 0.080000 0.080000
2 0.790000 0.690000 0.080000 0.080000
