2 0.218750 0.371250 0.062500 0.062500
1 0.508750 0.408750 0.062500 0.062500
3 0.626250 0.423750 0.062500 0.062500
4 0.741250 0.441250 0.062500 0.062500
3 0.096250 0.413750 0.062500 0.062500
0 0.211250 0.428750 0.062500 0.062500
1 0.501250 0.468750 0.062500 0.062500
3 0.558750 0.476250 0.062500 0.062500
1 0.733750 0.498750 0.062500 0.062500
2 0.906250 0.521250 0.062500 0.062500
1 0.088750 0.471250 0.062500 0.062500
2 0.378750 0.511250 0.062500 0.062500
1 0.493750 0.526250 0.062500 0.062500
2 0.551250 0.533750 0.062500 0.062500
4 0.608750 0.541250 0.062500 0.062500
2 0.668750 0.548750 0.062500 0.062500
4 0.726250 0.556250 0.062500 0.062500
4 0.841250 0.571250 0.062500 0.062500
1 0.196250 0.546250 0.062500 0.062500
4 0.313750 0.561250 0.062500 0.062500
2 0.543750 0.591250 0.062500 0.062500
3 0.661250 0.606250 0.062500 0.062500
3 0.891250 0.636250 0.062500 0.062500
