4 0.330000 0.332500 0.095000 0.095000
2 0.717500 0.232500 0.095000 0.095000
4 0.795000 0.212500 0.095000 0.095000
1 0.117500 0.470000 0.095000 0.095000
4 0.272500 0.430000 0.095000 0.095000
1 0.350000 0.410000 0.095000 0.095000
4 0.505000 0.370000 0.095000 0.095000
1 0.817500 0.290000 0.095000 0.095000
2 0.215000 0.527500 0.095000 0.095000
2 0.370000 0.487500 0.095000 0.095000
4 0.447500 0.467500 0.095000 0.095000
3 0.525000 0.447500 0.095000 0.095000
0 0.760000 0.387500 0.095000 0.095000
4 0.837500 0.367500 0.095000 0.095000
4 0.157500 0.627500 0.095000 0.095000
1 0.312500 0.585000 0.095000 0.095000
1 0.467500 0.545000 0.095000 0.095000
2 0.545000 0.525000 0.095000 0.095000
4 0.702500 0.485000 0.095000 0.095000
4 0.857500 0.445000 0.095000 0.095000
2 0.255000 0.685000 0.095000 0.095000
4 0.487500 0.622500 0.095000 0.095000
1 0.565000 0.602500 0.095000 0.095000
4 0.722500 0.562500 0.095000 0.095000
4 0.800000 0.542500 0.095000 0.095000
1 0.877500 0.522500 0.095000 0.095000
2 0.275000 0.762500 0.095000 0.095000
2 0.430000 0.722500 0.095000 0.095000
1 0.585000 0.680000 0.095000 0.095000
0 0.665000 0.660000 0.095000 0.095000
