3 0.233750 0.276250 0.082500 0.082500
3 0.301250 0.296250 0.082500 0.082500
1 0.368750 0.316250 0.082500 0.082500
3 0.436250 0.333750 0.082500 0.082500
1 0.501250 0.353750 0.082500 0.082500
1 0.703750 0.408750 0.082500 0.082500
4 0.836250 0.448750 0.082500 0.082500
0 0.903750 0.466250 0.082500 0.082500
4 0.281250 0.363750 0.082500 0.082500
1 0.551250 0.438750 0.082500 0.082500
1 0.751250 0.496250 0.082500 0.082500
2 0.818750 0.513750 0.082500 0.082500
1 0.128750 0.391250 0.082500 0.082500
2 0.263750 0.431250 0.082500 0.082500
2 0.396250 0.468750 0.082500 0.082500
0 0.598750 0.523750 0.082500 0.082500
1 0.798750 0.581250 0.082500 0.082500
4 0.866250 0.601250 0.082500 0.082500
4 0.176250 0.478750 0.082500 0.082500
4 0.311250 0.516250 0.082500 0.082500
4 0.713750 0.628750 0.082500 0.082500
2 0.846250 0.668750 0.082500 0.082500
1 0.091250 0.526250 0.082500 0.082500
1 0.226250 0.563750 0.082500 0.082500
1 0.358750 0.601250 0.082500 0.082500
1 0.561250 0.658750 0.082500 0.082500
4 0.828750 0.733750 0.082500 0.082500
