1 0.166250 0.261250 0.082500 0.082500
1 0.703750 0.408750 0.082500 0.082500
3 0.771250 0.426250 0.082500 0.082500
3 0.213750 0.346250 0.082500 0.082500
1 0.281250 0.363750 0.082500 0.082500
3 0.348750 0.383750 0.082500 0.082500
1 0.416250 0.401250 0.082500 0.082500
4 0.751250 0.493750 0.082500 0.082500
4 0.818750 0.511250 0.082500 0.082500
2 0.886250 0.531250 0.082500 0.082500
3 0.128750 0.396250 0.082500 0.082500
1 0.328750 0.451250 0.082500 0.082500
1 0.531250 0.506250 0.082500 0.082500
1 0.666250 0.543750 0.082500 0.082500
0 0.311250 0.518750 0.082500 0.082500
1 0.513750 0.573750 0.082500 0.082500
1 0.646250 0.608750 0.082500 0.082500
3 0.713750 0.628750 0.082500 0.082500
4 0.781250 0.646250 0.082500 0.082500
0 0.158750 0.548750 0.082500 0.082500
2 0.293750 0.583750 0.082500 0.082500
4 0.426250 0.621250 0.082500 0.082500
2 0.493750 0.641250 0.082500 0.082500
4 0.628750 0.676250 0.082500 0.082500
0 0.831250 0.733750 0.082500 0.082500
