2 0.085000 0.545000 0.070000 0.070000
1 0.140000 0.525000 0.070000 0.070000
1 0.250000 0.490000 0.070000 0.070000
1 0.305000 0.470000 0.070000 0.070000
0 0.360000 0.452500 0.070000 0.070000
1 0.415000 0.432500 0.070000 0.070000
4 0.525000 0.395000 0.070000 0.070000
1 0.102500 0.600000 0.070000 0.070000
4 0.157500 0.580000 0.070000 0.070000
1 0.212500 0.562500 0.070000 0.070000
4 0.267500 0.542500 0.070000 0.070000
1 0.432500 0.487500 0.070000 0.070000
0 0.487500 0.470000 0.070000 0.070000
0 0.542500 0.450000 0.070000 0.070000
4 0.652500 0.412500 0.070000 0.070000
1 0.707500 0.395000 0.070000 0.070000
2 0.177500 0.635000 0.070000 0.070000
2 0.232500 0.617500 0.070000 0.070000
0 0.287500 0.597500 0.070000 0.070000
4 0.342500 0.580000 0.070000 0.070000
4 0.397500 0.560000 0.070000 0.070000
1 0.452500 0.542500 0.070000 0.070000
2 0.507500 0.522500 0.070000 0.070000
4 0.617500 0.487500 0.070000 0.070000
2 0.672500 0.467500 0.070000 0.070000
2 0.727500 0.450000 0.070000 0.070000
1 0.782500 0.430000 0.070000 0.070000
3 0.892500 0.392500 0.070000 0.070000
4 0.195000 0.690000 0.070000 0.070000
2 0.580000 0.560000 0.070000 0.070000
4 0.635000 0.540000 0.070000 0.070000
4 0.745000 0.505000 0.070000 0.070000
0 0.800000 0.485000 0.070000 0.070000
1 0.855000 0.467500 0.070000 0.070000
