4 0.176250 0.346250 0.092500 0.092500
1 0.498750 0.286250 0.092500 0.092500
2 0.581250 0.271250 0.092500 0.092500
4 0.191250 0.428750 0.092500 0.092500
1 0.271250 0.413750 0.092500 0.092500
4 0.433750 0.383750 0.092500 0.092500
2 0.513750 0.368750 0.092500 0.092500
4 0.676250 0.338750 0.092500 0.092500
0 0.448750 0.463750 0.092500 0.092500
0 0.528750 0.448750 0.092500 0.092500
2 0.771250 0.403750 0.092500 0.092500
4 0.141250 0.603750 0.092500 0.092500
3 0.301250 0.573750 0.092500 0.092500
3 0.626250 0.513750 0.092500 0.092500
4 0.786250 0.483750 0.092500 0.092500
1 0.236250 0.671250 0.092500 0.092500
1 0.478750 0.626250 0.092500 0.092500
1 0.558750 0.611250 0.092500 0.092500
3 0.641250 0.596250 0.092500 0.092500
3 0.801250 0.566250 0.092500 0.092500
4 0.171250 0.766250 0.092500 0.092500
2 0.251250 0.751250 0.092500 0.092500
1 0.331250 0.736250 0.092500 0.092500
3 0.413750 0.721250 0.092500 0.092500
4 0.493750 0.706250 0.092500 0.092500
4 0.656250 0.676250 0.092500 0.092500
4 0.898750 0.631250 0.092500 0.092500
