4 0.158750 0.488750 0.087500 0.087500
4 0.286250 0.436250 0.087500 0.087500
4 0.413750 0.383750 0.087500 0.087500
0 0.796250 0.226250 0.087500 0.087500
1 0.183750 0.551250 0.087500 0.087500
0 0.311250 0.498750 0.087500 0.087500
4 0.438750 0.446250 0.087500 0.087500
0 0.503750 0.421250 0.087500 0.087500
2 0.568750 0.393750 0.087500 0.087500
4 0.631250 0.368750 0.087500 0.087500
4 0.696250 0.341250 0.087500 0.087500
2 0.758750 0.316250 0.087500 0.087500
4 0.146250 0.643750 0.087500 0.087500
2 0.211250 0.616250 0.087500 0.087500
1 0.273750 0.591250 0.087500 0.087500
0 0.848750 0.353750 0.087500 0.087500
4 0.173750 0.706250 0.087500 0.087500
4 0.236250 0.681250 0.087500 0.087500
4 0.301250 0.653750 0.087500 0.087500
4 0.363750 0.628750 0.087500 0.087500
0 0.428750 0.601250 0.087500 0.087500
4 0.491250 0.576250 0.087500 0.087500
0 0.556250 0.548750 0.087500 0.087500
1 0.748750 0.471250 0.087500 0.087500
2 0.876250 0.418750 0.087500 0.087500
4 0.326250 0.718750 0.087500 0.087500
4 0.453750 0.666250 0.087500 0.087500
1 0.518750 0.638750 0.087500 0.087500
1 0.838750 0.508750 0.087500 0.087500
