2 0.277500 0.240000 0.090000 0.090000
4 0.340000 0.270000 0.090000 0.090000
4 0.465000 0.330000 0.090000 0.090000
1 0.902500 0.537500 0.090000 0.090000
4 0.247500 0.302500 0.090000 0.090000
4 0.310000 0.332500 0.090000 0.090000
1 0.372500 0.362500 0.090000 0.090000
2 0.435000 0.392500 0.090000 0.090000
4 0.622500 0.480000 0.090000 0.090000
4 0.685000 0.510000 0.090000 0.090000
0 0.810000 0.570000 0.090000 0.090000
1 0.872500 0.600000 0.090000 0.090000
4 0.342500 0.425000 0.090000 0.090000
4 0.687500 0.665000 0.090000 0.090000
4 0.812500 0.725000 0.090000 0.090000
2 0.220000 0.520000 0.090000 0.090000
2 0.282500 0.550000 0.090000 0.090000
1 0.407500 0.607500 0.090000 0.090000
0 0.532500 0.667500 0.090000 0.090000
0 0.782500 0.787500 0.090000 0.090000
