0 0.246250 0.376250 0.097500 0.097500
1 0.543750 0.271250 0.097500 0.097500
4 0.693750 0.221250 0.097500 0.097500
1 0.198750 0.476250 0.097500 0.097500
1 0.346250 0.423750 0.097500 0.097500
2 0.421250 0.398750 0.097500 0.097500
0 0.496250 0.373750 0.097500 0.097500
1 0.568750 0.346250 0.097500 0.097500
3 0.718750 0.296250 0.097500 0.097500
3 0.793750 0.268750 0.097500 0.097500
4 0.148750 0.576250 0.097500 0.097500
4 0.223750 0.551250 0.097500 0.097500
1 0.298750 0.523750 0.097500 0.097500
2 0.248750 0.623750 0.097500 0.097500
1 0.323750 0.598750 0.097500 0.097500
1 0.843750 0.418750 0.097500 0.097500
1 0.201250 0.723750 0.097500 0.097500
1 0.276250 0.698750 0.097500 0.097500
4 0.646250 0.568750 0.097500 0.097500
4 0.721250 0.543750 0.097500 0.097500
2 0.226250 0.798750 0.097500 0.097500
1 0.376250 0.746250 0.097500 0.097500
4 0.451250 0.721250 0.097500 0.097500
1 0.598750 0.668750 0.097500 0.097500
0 0.673750 0.643750 0.097500 0.097500
4 0.746250 0.618750 0.097500 0.097500
