4 0.473750 0.298750 0.097500 0.097500
2 0.548750 0.273750 0.097500 0.097500
1 0.698750 0.223750 0.097500 0.097500
1 0.123750 0.496250 0.097500 0.097500
4 0.198750 0.473750 0.097500 0.097500
2 0.273750 0.448750 0.097500 0.097500
1 0.348750 0.423750 0.097500 0.097500
4 0.798750 0.273750 0.097500 0.097500
3 0.298750 0.523750 0.097500 0.097500
1 0.373750 0.498750 0.097500 0.097500
2 0.598750 0.423750 0.097500 0.097500
4 0.823750 0.348750 0.097500 0.097500
2 0.323750 0.598750 0.097500 0.097500
4 0.398750 0.573750 0.097500 0.097500
4 0.473750 0.548750 0.097500 0.097500
1 0.773750 0.448750 0.097500 0.097500
3 0.848750 0.423750 0.097500 0.097500
3 0.198750 0.721250 0.097500 0.097500
4 0.273750 0.698750 0.097500 0.097500
4 0.573750 0.598750 0.097500 0.097500
4 0.873750 0.498750 0.097500 0.097500
1 0.223750 0.796250 0.097500 0.097500
4 0.748750 0.623750 0.097500 0.097500
1 0.898750 0.573750 0.097500 0.097500
