3 0.168750 0.453750 0.102500 0.102500
2 0.306250 0.381250 0.102500 0.102500
4 0.441250 0.308750 0.102500 0.102500
0 0.578750 0.236250 0.102500 0.102500
2 0.646250 0.201250 0.102500 0.102500
3 0.546250 0.341250 0.102500 0.102500
0 0.683750 0.268750 0.102500 0.102500
1 0.751250 0.233750 0.102500 0.102500
4 0.241250 0.588750 0.102500 0.102500
0 0.376250 0.516250 0.102500 0.102500
2 0.786250 0.301250 0.102500 0.102500
3 0.276250 0.656250 0.102500 0.102500
1 0.548750 0.513750 0.102500 0.102500
4 0.686250 0.441250 0.102500 0.102500
0 0.753750 0.406250 0.102500 0.102500
4 0.823750 0.368750 0.102500 0.102500
2 0.381250 0.688750 0.102500 0.102500
3 0.791250 0.473750 0.102500 0.102500
0 0.858750 0.438750 0.102500 0.102500
1 0.483750 0.721250 0.102500 0.102500
2 0.688750 0.613750 0.102500 0.102500
2 0.758750 0.578750 0.102500 0.102500
4 0.893750 0.506250 0.102500 0.102500
