1 0.326250 0.278750 0.087500 0.087500
4 0.453750 0.331250 0.087500 0.087500
4 0.518750 0.356250 0.087500 0.087500
1 0.583750 0.383750 0.087500 0.087500
1 0.646250 0.408750 0.087500 0.087500
1 0.711250 0.436250 0.087500 0.087500
2 0.773750 0.461250 0.087500 0.087500
3 0.173750 0.288750 0.087500 0.087500
2 0.236250 0.316250 0.087500 0.087500
4 0.301250 0.341250 0.087500 0.087500
4 0.428750 0.393750 0.087500 0.087500
1 0.491250 0.421250 0.087500 0.087500
1 0.556250 0.446250 0.087500 0.087500
0 0.621250 0.473750 0.087500 0.087500
1 0.683750 0.498750 0.087500 0.087500
4 0.748750 0.526250 0.087500 0.087500
2 0.876250 0.578750 0.087500 0.087500
4 0.211250 0.378750 0.087500 0.087500
1 0.593750 0.538750 0.087500 0.087500
3 0.658750 0.563750 0.087500 0.087500
4 0.183750 0.443750 0.087500 0.087500
1 0.376250 0.523750 0.087500 0.087500
4 0.503750 0.576250 0.087500 0.087500
0 0.568750 0.601250 0.087500 0.087500
0 0.631250 0.628750 0.087500 0.087500
1 0.158750 0.508750 0.087500 0.087500
2 0.221250 0.533750 0.087500 0.087500
4 0.476250 0.638750 0.087500 0.087500
1 0.606250 0.691250 0.087500 0.087500
1 0.668750 0.718750 0.087500 0.087500
4 0.796250 0.771250 0.087500 0.087500
