2 0.236250 0.191250 0.097500 0.097500
2 0.456250 0.273750 0.097500 0.097500
3 0.528750 0.301250 0.097500 0.097500
4 0.603750 0.328750 0.097500 0.097500
4 0.748750 0.381250 0.097500 0.097500
1 0.896250 0.436250 0.097500 0.097500
1 0.356250 0.318750 0.097500 0.097500
4 0.501250 0.373750 0.097500 0.097500
4 0.576250 0.401250 0.097500 0.097500
4 0.796250 0.483750 0.097500 0.097500
4 0.181250 0.338750 0.097500 0.097500
2 0.328750 0.393750 0.097500 0.097500
4 0.401250 0.421250 0.097500 0.097500
2 0.473750 0.448750 0.097500 0.097500
1 0.696250 0.528750 0.097500 0.097500
2 0.226250 0.438750 0.097500 0.097500
4 0.301250 0.466250 0.097500 0.097500
4 0.373750 0.493750 0.097500 0.097500
2 0.448750 0.521250 0.097500 0.097500
4 0.668750 0.603750 0.097500 0.097500
4 0.126250 0.486250 0.097500 0.097500
4 0.273750 0.541250 0.097500 0.097500
4 0.346250 0.566250 0.097500 0.097500
1 0.171250 0.586250 0.097500 0.097500
4 0.246250 0.613750 0.097500 0.097500
4 0.318750 0.641250 0.097500 0.097500
4 0.393750 0.668750 0.097500 0.097500
4 0.686250 0.776250 0.097500 0.097500
2 0.761250 0.803750 0.097500 0.097500
