2 0.126250 0.311250 0.067500 0.067500
4 0.181250 0.326250 0.067500 0.067500
0 0.238750 0.341250 0.067500 0.067500
1 0.573750 0.426250 0.067500 0.067500
0 0.798750 0.483750 0.067500 0.067500
1 0.853750 0.498750 0.067500 0.067500
1 0.448750 0.453750 0.067500 0.067500
4 0.558750 0.483750 0.067500 0.067500
4 0.728750 0.526250 0.067500 0.067500
2 0.896250 0.568750 0.067500 0.067500
1 0.153750 0.438750 0.067500 0.067500
1 0.208750 0.453750 0.067500 0.067500
3 0.376250 0.496250 0.067500 0.067500
3 0.488750 0.523750 0.067500 0.067500
4 0.601250 0.553750 0.067500 0.067500
4 0.193750 0.508750 0.067500 0.067500
2 0.306250 0.538750 0.067500 0.067500
1 0.418750 0.566250 0.067500 0.067500
4 0.476250 0.581250 0.067500 0.067500
4 0.531250 0.596250 0.067500 0.067500
4 0.811250 0.666250 0.067500 0.067500
1 0.868750 0.681250 0.067500 0.067500
