1 0.085000 0.542500 0.070000 0.070000
4 0.195000 0.505000 0.070000 0.070000
1 0.305000 0.470000 0.070000 0.070000
2 0.470000 0.415000 0.070000 0.070000
1 0.525000 0.395000 0.070000 0.070000
4 0.635000 0.357500 0.070000 0.070000
1 0.267500 0.542500 0.070000 0.070000
1 0.322500 0.525000 0.070000 0.070000
2 0.542500 0.450000 0.070000 0.070000
4 0.597500 0.432500 0.070000 0.070000
1 0.762500 0.377500 0.070000 0.070000
0 0.817500 0.357500 0.070000 0.070000
1 0.872500 0.340000 0.070000 0.070000
2 0.177500 0.635000 0.070000 0.070000
4 0.232500 0.615000 0.070000 0.070000
4 0.287500 0.597500 0.070000 0.070000
4 0.507500 0.525000 0.070000 0.070000
4 0.672500 0.467500 0.070000 0.070000
1 0.727500 0.450000 0.070000 0.070000
1 0.837500 0.412500 0.070000 0.070000
4 0.892500 0.395000 0.070000 0.070000
1 0.140000 0.707500 0.070000 0.070000
0 0.305000 0.652500 0.070000 0.070000
4 0.360000 0.635000 0.070000 0.070000
1 0.415000 0.615000 0.070000 0.070000
4 0.470000 0.597500 0.070000 0.070000
1 0.580000 0.560000 0.070000 0.070000
4 0.635000 0.542500 0.070000 0.070000
0 0.690000 0.525000 0.070000 0.070000
0 0.855000 0.467500 0.070000 0.070000
