4 0.080000 0.440000 0.060000 0.060000
1 0.255000 0.427500 0.060000 0.060000
1 0.372500 0.417500 0.060000 0.060000
1 0.432500 0.415000 0.060000 0.060000
4 0.610000 0.400000 0.060000 0.060000
4 0.845000 0.382500 0.060000 0.060000
3 0.437500 0.472500 0.060000 0.060000
1 0.495000 0.467500 0.060000 0.060000
4 0.555000 0.465000 0.060000 0.060000
1 0.790000 0.447500 0.060000 0.060000
4 0.907500 0.437500 0.060000 0.060000
1 0.087500 0.557500 0.060000 0.060000
2 0.147500 0.552500 0.060000 0.060000
1 0.265000 0.545000 0.060000 0.060000
3 0.440000 0.532500 0.060000 0.060000
0 0.617500 0.517500 0.060000 0.060000
2 0.735000 0.510000 0.060000 0.060000
1 0.092500 0.615000 0.060000 0.060000
1 0.150000 0.612500 0.060000 0.060000
1 0.680000 0.572500 0.060000 0.060000
4 0.857500 0.560000 0.060000 0.060000
