4 0.216250 0.203750 0.097500 0.097500
1 0.291250 0.226250 0.097500 0.097500
4 0.443750 0.273750 0.097500 0.097500
2 0.518750 0.298750 0.097500 0.097500
1 0.821250 0.391250 0.097500 0.097500
0 0.896250 0.416250 0.097500 0.097500
4 0.191250 0.278750 0.097500 0.097500
1 0.418750 0.348750 0.097500 0.097500
0 0.496250 0.373750 0.097500 0.097500
1 0.646250 0.421250 0.097500 0.097500
4 0.798750 0.468750 0.097500 0.097500
1 0.873750 0.491250 0.097500 0.097500
4 0.243750 0.378750 0.097500 0.097500
0 0.321250 0.401250 0.097500 0.097500
0 0.396250 0.426250 0.097500 0.097500
4 0.546250 0.473750 0.097500 0.097500
0 0.623750 0.496250 0.097500 0.097500
4 0.773750 0.543750 0.097500 0.097500
1 0.296250 0.476250 0.097500 0.097500
3 0.371250 0.501250 0.097500 0.097500
3 0.448750 0.523750 0.097500 0.097500
2 0.673750 0.596250 0.097500 0.097500
4 0.751250 0.618750 0.097500 0.097500
1 0.826250 0.643750 0.097500 0.097500
4 0.196250 0.528750 0.097500 0.097500
0 0.273750 0.553750 0.097500 0.097500
4 0.726250 0.693750 0.097500 0.097500
1 0.801250 0.718750 0.097500 0.097500
4 0.098750 0.581250 0.097500 0.097500
0 0.248750 0.628750 0.097500 0.097500
2 0.401250 0.676250 0.097500 0.097500
0 0.476250 0.698750 0.097500 0.097500
0 0.551250 0.723750 0.097500 0.097500
4 0.778750 0.793750 0.097500 0.097500
