2 0.218750 0.263750 0.077500 0.077500
4 0.326250 0.316250 0.077500 0.077500
1 0.483750 0.393750 0.077500 0.077500
0 0.536250 0.418750 0.077500 0.077500
4 0.696250 0.496250 0.077500 0.077500
4 0.748750 0.521250 0.077500 0.077500
4 0.908750 0.598750 0.077500 0.077500
4 0.141250 0.291250 0.077500 0.077500
4 0.351250 0.393750 0.077500 0.077500
4 0.406250 0.421250 0.077500 0.077500
1 0.511250 0.471250 0.077500 0.077500
4 0.723750 0.576250 0.077500 0.077500
3 0.883750 0.651250 0.077500 0.077500
0 0.113750 0.346250 0.077500 0.077500
1 0.168750 0.371250 0.077500 0.077500
4 0.326250 0.448750 0.077500 0.077500
4 0.378750 0.473750 0.077500 0.077500
4 0.698750 0.628750 0.077500 0.077500
4 0.803750 0.678750 0.077500 0.077500
4 0.856250 0.706250 0.077500 0.077500
4 0.088750 0.398750 0.077500 0.077500
4 0.248750 0.476250 0.077500 0.077500
1 0.301250 0.501250 0.077500 0.077500
1 0.353750 0.526250 0.077500 0.077500
1 0.461250 0.578750 0.077500 0.077500
1 0.566250 0.628750 0.077500 0.077500
1 0.671250 0.681250 0.077500 0.077500
2 0.726250 0.706250 0.077500 0.077500
