4 0.141250 0.483750 0.067500 0.067500
1 0.311250 0.448750 0.067500 0.067500
2 0.423750 0.423750 0.067500 0.067500
2 0.481250 0.411250 0.067500 0.067500
1 0.538750 0.401250 0.067500 0.067500
1 0.708750 0.363750 0.067500 0.067500
1 0.763750 0.353750 0.067500 0.067500
3 0.821250 0.341250 0.067500 0.067500
4 0.151250 0.541250 0.067500 0.067500
1 0.266250 0.516250 0.067500 0.067500
1 0.321250 0.503750 0.067500 0.067500
1 0.606250 0.446250 0.067500 0.067500
2 0.663750 0.433750 0.067500 0.067500
1 0.891250 0.386250 0.067500 0.067500
4 0.221250 0.586250 0.067500 0.067500
1 0.278750 0.573750 0.067500 0.067500
4 0.448750 0.538750 0.067500 0.067500
1 0.503750 0.526250 0.067500 0.067500
4 0.618750 0.501250 0.067500 0.067500
1 0.788750 0.466250 0.067500 0.067500
2 0.176250 0.653750 0.067500 0.067500
0 0.288750 0.631250 0.067500 0.067500
3 0.403750 0.606250 0.067500 0.067500
3 0.458750 0.593750 0.067500 0.067500
4 0.573750 0.571250 0.067500 0.067500
0 0.801250 0.523750 0.067500 0.067500
4 0.913750 0.498750 0.067500 0.067500
