4 0.583750 0.293750 0.092500 0.092500
4 0.706250 0.226250 0.092500 0.092500
1 0.768750 0.193750 0.092500 0.092500
4 0.188750 0.583750 0.092500 0.092500
3 0.311250 0.518750 0.092500 0.092500
3 0.496250 0.418750 0.092500 0.092500
4 0.528750 0.481250 0.092500 0.092500
1 0.588750 0.448750 0.092500 0.092500
1 0.711250 0.381250 0.092500 0.092500
4 0.833750 0.316250 0.092500 0.092500
4 0.621250 0.508750 0.092500 0.092500
4 0.683750 0.476250 0.092500 0.092500
4 0.743750 0.443750 0.092500 0.092500
0 0.866250 0.378750 0.092500 0.092500
1 0.288750 0.768750 0.092500 0.092500
1 0.348750 0.733750 0.092500 0.092500
2 0.471250 0.668750 0.092500 0.092500
1 0.533750 0.636250 0.092500 0.092500
3 0.593750 0.603750 0.092500 0.092500
4 0.656250 0.571250 0.092500 0.092500
3 0.716250 0.538750 0.092500 0.092500
0 0.838750 0.471250 0.092500 0.092500
