4 0.220000 0.200000 0.090000 0.090000
4 0.405000 0.295000 0.090000 0.090000
4 0.467500 0.325000 0.090000 0.090000
4 0.652500 0.420000 0.090000 0.090000
0 0.715000 0.452500 0.090000 0.090000
1 0.837500 0.515000 0.090000 0.090000
1 0.187500 0.260000 0.090000 0.090000
2 0.375000 0.355000 0.090000 0.090000
3 0.560000 0.450000 0.090000 0.090000
1 0.805000 0.577500 0.090000 0.090000
1 0.867500 0.607500 0.090000 0.090000
1 0.465000 0.480000 0.090000 0.090000
1 0.590000 0.545000 0.090000 0.090000
0 0.125000 0.385000 0.090000 0.090000
4 0.187500 0.415000 0.090000 0.090000
4 0.250000 0.447500 0.090000 0.090000
0 0.372500 0.510000 0.090000 0.090000
4 0.495000 0.575000 0.090000 0.090000
1 0.557500 0.605000 0.090000 0.090000
1 0.680000 0.670000 0.090000 0.090000
1 0.742500 0.700000 0.090000 0.090000
4 0.155000 0.477500 0.090000 0.090000
4 0.217500 0.510000 0.090000 0.090000
2 0.465000 0.635000 0.090000 0.090000
1 0.525000 0.667500 0.090000 0.090000
4 0.587500 0.700000 0.090000 0.090000
1 0.650000 0.730000 0.090000 0.090000
2 0.772500 0.795000 0.090000 0.090000
