4 0.161250 0.233750 0.092500 0.092500
4 0.243750 0.246250 0.092500 0.092500
4 0.488750 0.286250 0.092500 0.092500
4 0.148750 0.316250 0.092500 0.092500
1 0.231250 0.328750 0.092500 0.092500
1 0.476250 0.366250 0.092500 0.092500
1 0.886250 0.433750 0.092500 0.092500
3 0.136250 0.396250 0.092500 0.092500
3 0.298750 0.423750 0.092500 0.092500
1 0.546250 0.461250 0.092500 0.092500
1 0.203750 0.491250 0.092500 0.092500
2 0.286250 0.506250 0.092500 0.092500
1 0.696250 0.571250 0.092500 0.092500
1 0.778750 0.583750 0.092500 0.092500
1 0.273750 0.586250 0.092500 0.092500
0 0.438750 0.613750 0.092500 0.092500
4 0.683750 0.653750 0.092500 0.092500
4 0.766250 0.666250 0.092500 0.092500
3 0.848750 0.678750 0.092500 0.092500
0 0.261250 0.668750 0.092500 0.092500
3 0.423750 0.696250 0.092500 0.092500
1 0.506250 0.708750 0.092500 0.092500
