2 0.243750 0.243750 0.092500 0.092500
2 0.326250 0.258750 0.092500 0.092500
0 0.491250 0.286250 0.092500 0.092500
4 0.571250 0.298750 0.092500 0.092500
0 0.736250 0.326250 0.092500 0.092500
4 0.148750 0.313750 0.092500 0.092500
4 0.476250 0.366250 0.092500 0.092500
4 0.638750 0.393750 0.092500 0.092500
1 0.721250 0.408750 0.092500 0.092500
1 0.803750 0.421250 0.092500 0.092500
4 0.136250 0.393750 0.092500 0.092500
4 0.218750 0.408750 0.092500 0.092500
1 0.463750 0.448750 0.092500 0.092500
1 0.543750 0.463750 0.092500 0.092500
1 0.708750 0.491250 0.092500 0.092500
4 0.871250 0.516250 0.092500 0.092500
0 0.121250 0.476250 0.092500 0.092500
4 0.531250 0.543750 0.092500 0.092500
1 0.776250 0.586250 0.092500 0.092500
2 0.108750 0.558750 0.092500 0.092500
0 0.436250 0.613750 0.092500 0.092500
1 0.516250 0.626250 0.092500 0.092500
0 0.681250 0.653750 0.092500 0.092500
3 0.761250 0.666250 0.092500 0.092500
4 0.096250 0.638750 0.092500 0.092500
2 0.176250 0.653750 0.092500 0.092500
2 0.341250 0.681250 0.092500 0.092500
