4 0.222500 0.197500 0.090000 0.090000
1 0.345000 0.260000 0.090000 0.090000
1 0.407500 0.292500 0.090000 0.090000
3 0.467500 0.325000 0.090000 0.090000
1 0.900000 0.550000 0.090000 0.090000
0 0.437500 0.387500 0.090000 0.090000
2 0.560000 0.450000 0.090000 0.090000
2 0.682500 0.515000 0.090000 0.090000
4 0.745000 0.547500 0.090000 0.090000
1 0.867500 0.612500 0.090000 0.090000
2 0.157500 0.320000 0.090000 0.090000
4 0.465000 0.480000 0.090000 0.090000
2 0.650000 0.577500 0.090000 0.090000
4 0.712500 0.610000 0.090000 0.090000
1 0.772500 0.640000 0.090000 0.090000
2 0.835000 0.672500 0.090000 0.090000
3 0.187500 0.412500 0.090000 0.090000
1 0.250000 0.445000 0.090000 0.090000
1 0.310000 0.477500 0.090000 0.090000
0 0.372500 0.510000 0.090000 0.090000
1 0.495000 0.575000 0.090000 0.090000
1 0.557500 0.605000 0.090000 0.090000
4 0.740000 0.702500 0.090000 0.090000
4 0.802500 0.735000 0.090000 0.090000
2 0.095000 0.442500 0.090000 0.090000
4 0.155000 0.475000 0.090000 0.090000
0 0.277500 0.540000 0.090000 0.090000
4 0.402500 0.602500 0.090000 0.090000
0 0.462500 0.635000 0.090000 0.090000
1 0.525000 0.667500 0.090000 0.090000
