1 0.391250 0.328750 0.097500 0.097500
0 0.463750 0.301250 0.097500 0.097500
1 0.758750 0.191250 0.097500 0.097500
4 0.126250 0.511250 0.097500 0.097500
4 0.271250 0.456250 0.097500 0.097500
1 0.346250 0.428750 0.097500 0.097500
1 0.418750 0.401250 0.097500 0.097500
1 0.786250 0.263750 0.097500 0.097500
4 0.226250 0.556250 0.097500 0.097500
1 0.373750 0.501250 0.097500 0.097500
4 0.518750 0.448750 0.097500 0.097500
2 0.593750 0.421250 0.097500 0.097500
1 0.738750 0.366250 0.097500 0.097500
4 0.178750 0.658750 0.097500 0.097500
4 0.326250 0.603750 0.097500 0.097500
2 0.401250 0.576250 0.097500 0.097500
1 0.546250 0.521250 0.097500 0.097500
4 0.841250 0.411250 0.097500 0.097500
4 0.353750 0.676250 0.097500 0.097500
1 0.428750 0.648750 0.097500 0.097500
0 0.501250 0.621250 0.097500 0.097500
3 0.721250 0.538750 0.097500 0.097500
4 0.793750 0.511250 0.097500 0.097500
2 0.233750 0.803750 0.097500 0.097500
2 0.308750 0.776250 0.097500 0.097500
4 0.381250 0.748750 0.097500 0.097500
1 0.601250 0.668750 0.097500 0.097500
0 0.821250 0.586250 0.097500 0.097500
