2 0.126250 0.311250 0.067500 0.067500
4 0.406250 0.383750 0.067500 0.067500
4 0.461250 0.398750 0.067500 0.067500
2 0.631250 0.441250 0.067500 0.067500
4 0.798750 0.483750 0.067500 0.067500
1 0.853750 0.498750 0.067500 0.067500
0 0.911250 0.511250 0.067500 0.067500
3 0.111250 0.368750 0.067500 0.067500
2 0.336250 0.426250 0.067500 0.067500
4 0.391250 0.438750 0.067500 0.067500
1 0.448750 0.453750 0.067500 0.067500
4 0.503750 0.468750 0.067500 0.067500
4 0.616250 0.496250 0.067500 0.067500
2 0.671250 0.511250 0.067500 0.067500
1 0.783750 0.538750 0.067500 0.067500
1 0.841250 0.553750 0.067500 0.067500
1 0.376250 0.496250 0.067500 0.067500
2 0.488750 0.523750 0.067500 0.067500
0 0.771250 0.596250 0.067500 0.067500
1 0.081250 0.481250 0.067500 0.067500
4 0.251250 0.523750 0.067500 0.067500
4 0.306250 0.538750 0.067500 0.067500
4 0.363750 0.551250 0.067500 0.067500
3 0.418750 0.566250 0.067500 0.067500
4 0.531250 0.596250 0.067500 0.067500
4 0.756250 0.651250 0.067500 0.067500
