4 0.097500 0.407500 0.095000 0.095000
4 0.250000 0.362500 0.095000 0.095000
4 0.402500 0.317500 0.095000 0.095000
4 0.120000 0.485000 0.095000 0.095000
2 0.577500 0.347500 0.095000 0.095000
4 0.652500 0.325000 0.095000 0.095000
1 0.447500 0.470000 0.095000 0.095000
4 0.600000 0.425000 0.095000 0.095000
1 0.677500 0.400000 0.095000 0.095000
4 0.752500 0.377500 0.095000 0.095000
0 0.167500 0.637500 0.095000 0.095000
0 0.242500 0.615000 0.095000 0.095000
4 0.547500 0.522500 0.095000 0.095000
0 0.775000 0.455000 0.095000 0.095000
4 0.265000 0.690000 0.095000 0.095000
1 0.342500 0.667500 0.095000 0.095000
2 0.417500 0.645000 0.095000 0.095000
4 0.492500 0.622500 0.095000 0.095000
4 0.570000 0.600000 0.095000 0.095000
1 0.645000 0.577500 0.095000 0.095000
1 0.722500 0.552500 0.095000 0.095000
4 0.517500 0.697500 0.095000 0.095000
1 0.745000 0.630000 0.095000 0.095000
