2 0.078750 0.458750 0.062500 0.062500
2 0.196250 0.443750 0.062500 0.062500
4 0.253750 0.438750 0.062500 0.062500
4 0.311250 0.431250 0.062500 0.062500
1 0.486250 0.408750 0.062500 0.062500
3 0.718750 0.381250 0.062500 0.062500
1 0.776250 0.373750 0.062500 0.062500
1 0.833750 0.368750 0.062500 0.062500
1 0.893750 0.361250 0.062500 0.062500
1 0.086250 0.516250 0.062500 0.062500
2 0.318750 0.488750 0.062500 0.062500
2 0.376250 0.481250 0.062500 0.062500
0 0.436250 0.473750 0.062500 0.062500
4 0.551250 0.461250 0.062500 0.062500
1 0.783750 0.433750 0.062500 0.062500
1 0.841250 0.426250 0.062500 0.062500
3 0.208750 0.561250 0.062500 0.062500
4 0.441250 0.533750 0.062500 0.062500
3 0.673750 0.503750 0.062500 0.062500
4 0.791250 0.491250 0.062500 0.062500
3 0.101250 0.633750 0.062500 0.062500
1 0.158750 0.626250 0.062500 0.062500
4 0.333750 0.603750 0.062500 0.062500
1 0.391250 0.598750 0.062500 0.062500
1 0.566250 0.576250 0.062500 0.062500
0 0.623750 0.568750 0.062500 0.062500
2 0.681250 0.563750 0.062500 0.062500
1 0.798750 0.548750 0.062500 0.062500
4 0.856250 0.541250 0.062500 0.062500
