1 0.137500 0.292500 0.070000 0.070000
1 0.467500 0.397500 0.070000 0.070000
3 0.580000 0.430000 0.070000 0.070000
1 0.230000 0.382500 0.070000 0.070000
4 0.452500 0.452500 0.070000 0.070000
1 0.562500 0.487500 0.070000 0.070000
0 0.672500 0.520000 0.070000 0.070000
1 0.727500 0.537500 0.070000 0.070000
4 0.837500 0.572500 0.070000 0.070000
4 0.895000 0.590000 0.070000 0.070000
1 0.102500 0.402500 0.070000 0.070000
1 0.322500 0.472500 0.070000 0.070000
1 0.545000 0.542500 0.070000 0.070000
4 0.600000 0.560000 0.070000 0.070000
1 0.655000 0.577500 0.070000 0.070000
2 0.822500 0.627500 0.070000 0.070000
4 0.877500 0.645000 0.070000 0.070000
0 0.085000 0.457500 0.070000 0.070000
0 0.195000 0.492500 0.070000 0.070000
0 0.362500 0.545000 0.070000 0.070000
1 0.472500 0.580000 0.070000 0.070000
1 0.527500 0.597500 0.070000 0.070000
1 0.582500 0.615000 0.070000 0.070000
1 0.692500 0.650000 0.070000 0.070000
4 0.747500 0.667500 0.070000 0.070000
0 0.860000 0.700000 0.070000 0.070000
