0 0.160000 0.422500 0.080000 0.080000
4 0.297500 0.392500 0.080000 0.080000
1 0.367500 0.380000 0.080000 0.080000
2 0.780000 0.295000 0.080000 0.080000
4 0.105000 0.505000 0.080000 0.080000
1 0.172500 0.490000 0.080000 0.080000
3 0.242500 0.477500 0.080000 0.080000
1 0.517500 0.420000 0.080000 0.080000
4 0.657500 0.392500 0.080000 0.080000
3 0.725000 0.377500 0.080000 0.080000
1 0.795000 0.365000 0.080000 0.080000
2 0.865000 0.350000 0.080000 0.080000
1 0.740000 0.447500 0.080000 0.080000
2 0.810000 0.435000 0.080000 0.080000
4 0.877500 0.420000 0.080000 0.080000
3 0.132500 0.642500 0.080000 0.080000
0 0.477500 0.572500 0.080000 0.080000
3 0.547500 0.560000 0.080000 0.080000
0 0.615000 0.545000 0.080000 0.080000
1 0.822500 0.502500 0.080000 0.080000
4 0.215000 0.697500 0.080000 0.080000
0 0.285000 0.682500 0.080000 0.080000
