4 0.453750 0.418750 0.077500 0.077500
4 0.611250 0.331250 0.077500 0.077500
1 0.821250 0.216250 0.077500 0.077500
4 0.168750 0.641250 0.077500 0.077500
1 0.221250 0.613750 0.077500 0.077500
1 0.326250 0.556250 0.077500 0.077500
2 0.378750 0.528750 0.077500 0.077500
4 0.431250 0.498750 0.077500 0.077500
2 0.483750 0.471250 0.077500 0.077500
1 0.588750 0.413750 0.077500 0.077500
1 0.691250 0.356250 0.077500 0.077500
4 0.796250 0.298750 0.077500 0.077500
2 0.146250 0.723750 0.077500 0.077500
4 0.198750 0.693750 0.077500 0.077500
2 0.356250 0.608750 0.077500 0.077500
4 0.458750 0.551250 0.077500 0.077500
4 0.511250 0.523750 0.077500 0.077500
0 0.668750 0.436250 0.077500 0.077500
4 0.826250 0.351250 0.077500 0.077500
2 0.226250 0.746250 0.077500 0.077500
4 0.383750 0.661250 0.077500 0.077500
4 0.436250 0.631250 0.077500 0.077500
0 0.488750 0.603750 0.077500 0.077500
2 0.541250 0.573750 0.077500 0.077500
1 0.646250 0.516250 0.077500 0.077500
4 0.748750 0.461250 0.077500 0.077500
4 0.906250 0.373750 0.077500 0.077500
