1 0.091250 0.453750 0.082500 0.082500
4 0.158750 0.436250 0.082500 0.082500
0 0.296250 0.403750 0.082500 0.082500
4 0.363750 0.386250 0.082500 0.082500
4 0.431250 0.371250 0.082500 0.082500
2 0.498750 0.353750 0.082500 0.082500
2 0.636250 0.321250 0.082500 0.082500
4 0.311250 0.471250 0.082500 0.082500
4 0.378750 0.456250 0.082500 0.082500
4 0.516250 0.421250 0.082500 0.082500
0 0.651250 0.388750 0.082500 0.082500
1 0.721250 0.373750 0.082500 0.082500
1 0.788750 0.356250 0.082500 0.082500
1 0.856250 0.338750 0.082500 0.082500
1 0.261250 0.556250 0.082500 0.082500
1 0.396250 0.523750 0.082500 0.082500
1 0.668750 0.456250 0.082500 0.082500
4 0.736250 0.441250 0.082500 0.082500
4 0.803750 0.423750 0.082500 0.082500
4 0.141250 0.656250 0.082500 0.082500
4 0.276250 0.623750 0.082500 0.082500
4 0.481250 0.573750 0.082500 0.082500
1 0.616250 0.541250 0.082500 0.082500
1 0.686250 0.526250 0.082500 0.082500
4 0.888750 0.476250 0.082500 0.082500
1 0.226250 0.708750 0.082500 0.082500
1 0.428750 0.658750 0.082500 0.082500
4 0.633750 0.608750 0.082500 0.082500
1 0.701250 0.593750 0.082500 0.082500
1 0.838750 0.561250 0.082500 0.082500
