1 0.112500 0.315000 0.075000 0.075000
2 0.185000 0.322500 0.075000 0.075000
4 0.402500 0.342500 0.075000 0.075000
1 0.475000 0.347500 0.075000 0.075000
1 0.690000 0.367500 0.075000 0.075000
1 0.107500 0.387500 0.075000 0.075000
2 0.180000 0.395000 0.075000 0.075000
4 0.830000 0.452500 0.075000 0.075000
1 0.172500 0.467500 0.075000 0.075000
4 0.317500 0.480000 0.075000 0.075000
1 0.462500 0.492500 0.075000 0.075000
3 0.750000 0.520000 0.075000 0.075000
3 0.895000 0.532500 0.075000 0.075000
1 0.310000 0.552500 0.075000 0.075000
4 0.815000 0.597500 0.075000 0.075000
4 0.087500 0.605000 0.075000 0.075000
3 0.232500 0.617500 0.075000 0.075000
4 0.665000 0.657500 0.075000 0.075000
4 0.737500 0.662500 0.075000 0.075000
