1 0.088750 0.448750 0.082500 0.082500
1 0.158750 0.433750 0.082500 0.082500
2 0.363750 0.386250 0.082500 0.082500
4 0.636250 0.321250 0.082500 0.082500
3 0.773750 0.291250 0.082500 0.082500
0 0.311250 0.468750 0.082500 0.082500
2 0.378750 0.453750 0.082500 0.082500
4 0.446250 0.438750 0.082500 0.082500
0 0.121250 0.586250 0.082500 0.082500
1 0.531250 0.491250 0.082500 0.082500
4 0.598750 0.473750 0.082500 0.082500
1 0.668750 0.458750 0.082500 0.082500
3 0.736250 0.443750 0.082500 0.082500
1 0.803750 0.426250 0.082500 0.082500
1 0.873750 0.411250 0.082500 0.082500
2 0.136250 0.653750 0.082500 0.082500
0 0.411250 0.591250 0.082500 0.082500
4 0.478750 0.573750 0.082500 0.082500
4 0.751250 0.511250 0.082500 0.082500
1 0.821250 0.496250 0.082500 0.082500
0 0.288750 0.691250 0.082500 0.082500
4 0.426250 0.658750 0.082500 0.082500
4 0.563750 0.626250 0.082500 0.082500
4 0.631250 0.611250 0.082500 0.082500
1 0.698750 0.596250 0.082500 0.082500
1 0.768750 0.578750 0.082500 0.082500
