2 0.678750 0.358750 0.097500 0.097500
4 0.751250 0.386250 0.097500 0.097500
2 0.896250 0.443750 0.097500 0.097500
1 0.431250 0.343750 0.097500 0.097500
3 0.503750 0.373750 0.097500 0.097500
1 0.648750 0.431250 0.097500 0.097500
2 0.793750 0.488750 0.097500 0.097500
4 0.866250 0.516250 0.097500 0.097500
4 0.403750 0.416250 0.097500 0.097500
1 0.548750 0.473750 0.097500 0.097500
1 0.766250 0.561250 0.097500 0.097500
2 0.373750 0.488750 0.097500 0.097500
3 0.446250 0.518750 0.097500 0.097500
1 0.518750 0.546250 0.097500 0.097500
3 0.201250 0.503750 0.097500 0.097500
2 0.273750 0.533750 0.097500 0.097500
0 0.418750 0.591250 0.097500 0.097500
1 0.708750 0.706250 0.097500 0.097500
1 0.781250 0.736250 0.097500 0.097500
2 0.098750 0.548750 0.097500 0.097500
3 0.243750 0.606250 0.097500 0.097500
1 0.388750 0.663750 0.097500 0.097500
2 0.533750 0.721250 0.097500 0.097500
2 0.606250 0.748750 0.097500 0.097500
3 0.678750 0.778750 0.097500 0.097500
