0 0.160000 0.425000 0.080000 0.080000
4 0.435000 0.365000 0.080000 0.080000
1 0.640000 0.322500 0.080000 0.080000
4 0.780000 0.292500 0.080000 0.080000
4 0.105000 0.507500 0.080000 0.080000
2 0.242500 0.477500 0.080000 0.080000
4 0.380000 0.450000 0.080000 0.080000
4 0.587500 0.405000 0.080000 0.080000
0 0.655000 0.392500 0.080000 0.080000
3 0.725000 0.377500 0.080000 0.080000
2 0.792500 0.362500 0.080000 0.080000
4 0.862500 0.347500 0.080000 0.080000
4 0.120000 0.575000 0.080000 0.080000
4 0.395000 0.517500 0.080000 0.080000
1 0.807500 0.432500 0.080000 0.080000
1 0.877500 0.417500 0.080000 0.080000
1 0.132500 0.645000 0.080000 0.080000
1 0.202500 0.630000 0.080000 0.080000
2 0.410000 0.587500 0.080000 0.080000
0 0.477500 0.572500 0.080000 0.080000
4 0.547500 0.557500 0.080000 0.080000
1 0.615000 0.542500 0.080000 0.080000
3 0.685000 0.530000 0.080000 0.080000
1 0.752500 0.515000 0.080000 0.080000
1 0.822500 0.500000 0.080000 0.080000
2 0.147500 0.715000 0.080000 0.080000
3 0.217500 0.700000 0.080000 0.080000
4 0.285000 0.685000 0.080000 0.080000
4 0.700000 0.597500 0.080000 0.080000
2 0.837500 0.570000 0.080000 0.080000
