3 0.087500 0.390000 0.060000 0.060000
1 0.205000 0.395000 0.060000 0.060000
3 0.265000 0.397500 0.060000 0.060000
1 0.325000 0.400000 0.060000 0.060000
3 0.382500 0.402500 0.060000 0.060000
4 0.502500 0.407500 0.060000 0.060000
0 0.680000 0.415000 0.060000 0.060000
1 0.740000 0.417500 0.060000 0.060000
4 0.797500 0.420000 0.060000 0.060000
4 0.857500 0.422500 0.060000 0.060000
2 0.917500 0.425000 0.060000 0.060000
1 0.085000 0.450000 0.060000 0.060000
4 0.262500 0.457500 0.060000 0.060000
4 0.322500 0.460000 0.060000 0.060000
2 0.440000 0.465000 0.060000 0.060000
0 0.677500 0.475000 0.060000 0.060000
1 0.737500 0.477500 0.060000 0.060000
1 0.082500 0.510000 0.060000 0.060000
4 0.320000 0.520000 0.060000 0.060000
2 0.377500 0.522500 0.060000 0.060000
2 0.437500 0.525000 0.060000 0.060000
1 0.497500 0.527500 0.060000 0.060000
1 0.557500 0.530000 0.060000 0.060000
1 0.735000 0.537500 0.060000 0.060000
2 0.080000 0.567500 0.060000 0.060000
3 0.140000 0.570000 0.060000 0.060000
3 0.197500 0.572500 0.060000 0.060000
1 0.317500 0.577500 0.060000 0.060000
2 0.435000 0.582500 0.060000 0.060000
1 0.612500 0.590000 0.060000 0.060000
4 0.732500 0.595000 0.060000 0.060000
1 0.790000 0.597500 0.060000 0.060000
