4 0.210000 0.277500 0.075000 0.075000
2 0.262500 0.302500 0.075000 0.075000
1 0.317500 0.325000 0.075000 0.075000
0 0.585000 0.440000 0.075000 0.075000
4 0.640000 0.465000 0.075000 0.075000
1 0.692500 0.487500 0.075000 0.075000
2 0.747500 0.510000 0.075000 0.075000
4 0.800000 0.532500 0.075000 0.075000
0 0.855000 0.557500 0.075000 0.075000
2 0.185000 0.332500 0.075000 0.075000
4 0.347500 0.402500 0.075000 0.075000
2 0.455000 0.447500 0.075000 0.075000
4 0.617500 0.517500 0.075000 0.075000
4 0.725000 0.565000 0.075000 0.075000
4 0.777500 0.587500 0.075000 0.075000
2 0.110000 0.362500 0.075000 0.075000
1 0.217500 0.410000 0.075000 0.075000
4 0.325000 0.455000 0.075000 0.075000
2 0.432500 0.502500 0.075000 0.075000
1 0.592500 0.572500 0.075000 0.075000
4 0.700000 0.617500 0.075000 0.075000
2 0.755000 0.640000 0.075000 0.075000
3 0.140000 0.440000 0.075000 0.075000
4 0.192500 0.462500 0.075000 0.075000
2 0.247500 0.487500 0.075000 0.075000
4 0.355000 0.532500 0.075000 0.075000
4 0.730000 0.695000 0.075000 0.075000
1 0.785000 0.717500 0.075000 0.075000
