1 0.337500 0.205000 0.100000 0.100000
4 0.407500 0.240000 0.100000 0.100000
4 0.615000 0.340000 0.100000 0.100000
4 0.755000 0.407500 0.100000 0.100000
2 0.895000 0.475000 0.100000 0.100000
1 0.232500 0.242500 0.100000 0.100000
4 0.302500 0.275000 0.100000 0.100000
4 0.512500 0.377500 0.100000 0.100000
4 0.790000 0.510000 0.100000 0.100000
1 0.340000 0.380000 0.100000 0.100000
2 0.547500 0.480000 0.100000 0.100000
1 0.827500 0.615000 0.100000 0.100000
1 0.585000 0.582500 0.100000 0.100000
3 0.725000 0.650000 0.100000 0.100000
3 0.272500 0.517500 0.100000 0.100000
1 0.412500 0.585000 0.100000 0.100000
1 0.480000 0.620000 0.100000 0.100000
1 0.550000 0.652500 0.100000 0.100000
0 0.100000 0.520000 0.100000 0.100000
3 0.237500 0.587500 0.100000 0.100000
