4 0.518750 0.298750 0.097500 0.097500
4 0.671250 0.346250 0.097500 0.097500
1 0.821250 0.393750 0.097500 0.097500
1 0.896250 0.418750 0.097500 0.097500
1 0.268750 0.301250 0.097500 0.097500
1 0.343750 0.326250 0.097500 0.097500
3 0.571250 0.396250 0.097500 0.097500
1 0.646250 0.421250 0.097500 0.097500
1 0.798750 0.468750 0.097500 0.097500
1 0.321250 0.401250 0.097500 0.097500
3 0.848750 0.568750 0.097500 0.097500
1 0.296250 0.476250 0.097500 0.097500
1 0.598750 0.571250 0.097500 0.097500
1 0.673750 0.596250 0.097500 0.097500
4 0.823750 0.643750 0.097500 0.097500
4 0.348750 0.576250 0.097500 0.097500
2 0.498750 0.623750 0.097500 0.097500
3 0.648750 0.671250 0.097500 0.097500
3 0.726250 0.696250 0.097500 0.097500
4 0.173750 0.603750 0.097500 0.097500
4 0.398750 0.676250 0.097500 0.097500
2 0.701250 0.771250 0.097500 0.097500
