2 0.510000 0.355000 0.085000 0.085000
1 0.772500 0.445000 0.085000 0.085000
2 0.837500 0.467500 0.085000 0.085000
1 0.902500 0.490000 0.085000 0.085000
4 0.290000 0.352500 0.085000 0.085000
2 0.357500 0.375000 0.085000 0.085000
4 0.422500 0.397500 0.085000 0.085000
0 0.487500 0.420000 0.085000 0.085000
4 0.617500 0.465000 0.085000 0.085000
2 0.685000 0.487500 0.085000 0.085000
2 0.750000 0.510000 0.085000 0.085000
4 0.137500 0.375000 0.085000 0.085000
1 0.202500 0.397500 0.085000 0.085000
1 0.465000 0.487500 0.085000 0.085000
0 0.530000 0.510000 0.085000 0.085000
4 0.595000 0.532500 0.085000 0.085000
4 0.792500 0.600000 0.085000 0.085000
4 0.312500 0.507500 0.085000 0.085000
4 0.377500 0.530000 0.085000 0.085000
1 0.442500 0.552500 0.085000 0.085000
4 0.507500 0.575000 0.085000 0.085000
4 0.640000 0.620000 0.085000 0.085000
2 0.835000 0.687500 0.085000 0.085000
4 0.222500 0.550000 0.085000 0.085000
4 0.355000 0.595000 0.085000 0.085000
1 0.420000 0.617500 0.085000 0.085000
4 0.485000 0.640000 0.085000 0.085000
3 0.550000 0.662500 0.085000 0.085000
2 0.617500 0.685000 0.085000 0.085000
1 0.747500 0.730000 0.085000 0.085000
