1 0.836250 0.236250 0.092500 0.092500
1 0.271250 0.406250 0.092500 0.092500
4 0.601250 0.356250 0.092500 0.092500
1 0.848750 0.318750 0.092500 0.092500
1 0.286250 0.488750 0.092500 0.092500
1 0.366250 0.476250 0.092500 0.092500
4 0.531250 0.451250 0.092500 0.092500
1 0.778750 0.413750 0.092500 0.092500
3 0.861250 0.398750 0.092500 0.092500
2 0.133750 0.596250 0.092500 0.092500
1 0.216250 0.583750 0.092500 0.092500
1 0.298750 0.571250 0.092500 0.092500
3 0.543750 0.533750 0.092500 0.092500
1 0.708750 0.508750 0.092500 0.092500
2 0.873750 0.481250 0.092500 0.092500
1 0.146250 0.678750 0.092500 0.092500
1 0.228750 0.666250 0.092500 0.092500
4 0.476250 0.628750 0.092500 0.092500
0 0.638750 0.601250 0.092500 0.092500
1 0.803750 0.576250 0.092500 0.092500
3 0.886250 0.563750 0.092500 0.092500
2 0.158750 0.761250 0.092500 0.092500
4 0.241250 0.748750 0.092500 0.092500
4 0.406250 0.723750 0.092500 0.092500
2 0.733750 0.671250 0.092500 0.092500
