4 0.293750 0.221250 0.092500 0.092500
3 0.353750 0.256250 0.092500 0.092500
1 0.416250 0.291250 0.092500 0.092500
1 0.476250 0.323750 0.092500 0.092500
2 0.718750 0.461250 0.092500 0.092500
1 0.901250 0.563750 0.092500 0.092500
2 0.198750 0.248750 0.092500 0.092500
1 0.381250 0.351250 0.092500 0.092500
2 0.563750 0.453750 0.092500 0.092500
4 0.623750 0.488750 0.092500 0.092500
1 0.743750 0.556250 0.092500 0.092500
1 0.806250 0.591250 0.092500 0.092500
1 0.866250 0.623750 0.092500 0.092500
2 0.226250 0.343750 0.092500 0.092500
0 0.406250 0.446250 0.092500 0.092500
4 0.648750 0.583750 0.092500 0.092500
4 0.711250 0.616250 0.092500 0.092500
3 0.831250 0.686250 0.092500 0.092500
4 0.131250 0.368750 0.092500 0.092500
4 0.191250 0.403750 0.092500 0.092500
4 0.373750 0.506250 0.092500 0.092500
1 0.556250 0.608750 0.092500 0.092500
4 0.616250 0.643750 0.092500 0.092500
4 0.736250 0.711250 0.092500 0.092500
0 0.798750 0.746250 0.092500 0.092500
1 0.096250 0.431250 0.092500 0.092500
4 0.278750 0.533750 0.092500 0.092500
