4 0.262500 0.310000 0.090000 0.090000
4 0.347500 0.300000 0.090000 0.090000
4 0.597500 0.272500 0.090000 0.090000
4 0.767500 0.252500 0.090000 0.090000
4 0.102500 0.412500 0.090000 0.090000
4 0.187500 0.405000 0.090000 0.090000
1 0.440000 0.375000 0.090000 0.090000
2 0.197500 0.487500 0.090000 0.090000
3 0.365000 0.470000 0.090000 0.090000
1 0.870000 0.410000 0.090000 0.090000
0 0.207500 0.572500 0.090000 0.090000
0 0.290000 0.562500 0.090000 0.090000
2 0.542500 0.532500 0.090000 0.090000
3 0.712500 0.515000 0.090000 0.090000
1 0.795000 0.505000 0.090000 0.090000
4 0.385000 0.637500 0.090000 0.090000
4 0.552500 0.617500 0.090000 0.090000
1 0.637500 0.607500 0.090000 0.090000
3 0.720000 0.597500 0.090000 0.090000
2 0.890000 0.580000 0.090000 0.090000
1 0.395000 0.720000 0.090000 0.090000
1 0.730000 0.682500 0.090000 0.090000
