1 0.223750 0.251250 0.077500 0.077500
2 0.276250 0.278750 0.077500 0.077500
4 0.381250 0.333750 0.077500 0.077500
4 0.433750 0.361250 0.077500 0.077500
1 0.591250 0.446250 0.077500 0.077500
0 0.143750 0.273750 0.077500 0.077500
4 0.196250 0.303750 0.077500 0.077500
1 0.353750 0.386250 0.077500 0.077500
4 0.406250 0.413750 0.077500 0.077500
1 0.458750 0.441250 0.077500 0.077500
4 0.563750 0.498750 0.077500 0.077500
4 0.616250 0.526250 0.077500 0.077500
4 0.826250 0.638750 0.077500 0.077500
1 0.116250 0.326250 0.077500 0.077500
4 0.221250 0.383750 0.077500 0.077500
4 0.326250 0.438750 0.077500 0.077500
1 0.483750 0.523750 0.077500 0.077500
2 0.536250 0.551250 0.077500 0.077500
3 0.588750 0.578750 0.077500 0.077500
1 0.796250 0.691250 0.077500 0.077500
0 0.848750 0.718750 0.077500 0.077500
4 0.086250 0.378750 0.077500 0.077500
1 0.348750 0.518750 0.077500 0.077500
4 0.506250 0.603750 0.077500 0.077500
