3 0.083750 0.501250 0.067500 0.067500
3 0.196250 0.476250 0.067500 0.067500
3 0.308750 0.451250 0.067500 0.067500
3 0.423750 0.426250 0.067500 0.067500
0 0.478750 0.411250 0.067500 0.067500
2 0.536250 0.398750 0.067500 0.067500
0 0.661250 0.431250 0.067500 0.067500
1 0.888750 0.378750 0.067500 0.067500
3 0.166250 0.601250 0.067500 0.067500
1 0.221250 0.588750 0.067500 0.067500
4 0.336250 0.563750 0.067500 0.067500
4 0.673750 0.486250 0.067500 0.067500
4 0.786250 0.461250 0.067500 0.067500
3 0.901250 0.436250 0.067500 0.067500
4 0.121250 0.671250 0.067500 0.067500
2 0.178750 0.658750 0.067500 0.067500
1 0.291250 0.633750 0.067500 0.067500
4 0.403750 0.606250 0.067500 0.067500
4 0.573750 0.568750 0.067500 0.067500
1 0.686250 0.543750 0.067500 0.067500
1 0.913750 0.493750 0.067500 0.067500
