4 0.205000 0.207500 0.095000 0.095000
1 0.282500 0.230000 0.095000 0.095000
4 0.437500 0.272500 0.095000 0.095000
0 0.512500 0.295000 0.095000 0.095000
0 0.590000 0.317500 0.095000 0.095000
3 0.745000 0.360000 0.095000 0.095000
4 0.492500 0.372500 0.095000 0.095000
4 0.567500 0.392500 0.095000 0.095000
4 0.645000 0.415000 0.095000 0.095000
3 0.722500 0.437500 0.095000 0.095000
1 0.877500 0.480000 0.095000 0.095000
1 0.162500 0.362500 0.095000 0.095000
4 0.240000 0.385000 0.095000 0.095000
1 0.470000 0.447500 0.095000 0.095000
4 0.777500 0.535000 0.095000 0.095000
4 0.855000 0.557500 0.095000 0.095000
4 0.140000 0.440000 0.095000 0.095000
0 0.295000 0.482500 0.095000 0.095000
2 0.602500 0.567500 0.095000 0.095000
3 0.832500 0.632500 0.095000 0.095000
3 0.120000 0.515000 0.095000 0.095000
4 0.272500 0.560000 0.095000 0.095000
4 0.427500 0.602500 0.095000 0.095000
4 0.812500 0.710000 0.095000 0.095000
1 0.097500 0.592500 0.095000 0.095000
0 0.175000 0.615000 0.095000 0.095000
4 0.252500 0.635000 0.095000 0.095000
1 0.405000 0.680000 0.095000 0.095000
2 0.635000 0.745000 0.095000 0.095000
0 0.712500 0.765000 0.095000 0.095000
