4 0.141250 0.591250 0.077500 0.077500
1 0.246250 0.533750 0.077500 0.077500
1 0.298750 0.503750 0.077500 0.077500
2 0.348750 0.476250 0.077500 0.077500
1 0.401250 0.446250 0.077500 0.077500
0 0.506250 0.388750 0.077500 0.077500
4 0.611250 0.331250 0.077500 0.077500
2 0.768750 0.243750 0.077500 0.077500
1 0.818750 0.216250 0.077500 0.077500
1 0.118750 0.673750 0.077500 0.077500
2 0.168750 0.643750 0.077500 0.077500
3 0.221250 0.613750 0.077500 0.077500
3 0.273750 0.586250 0.077500 0.077500
2 0.431250 0.498750 0.077500 0.077500
4 0.638750 0.383750 0.077500 0.077500
4 0.743750 0.326250 0.077500 0.077500
4 0.848750 0.268750 0.077500 0.077500
1 0.146250 0.723750 0.077500 0.077500
2 0.356250 0.608750 0.077500 0.077500
4 0.511250 0.521250 0.077500 0.077500
4 0.563750 0.493750 0.077500 0.077500
1 0.773750 0.378750 0.077500 0.077500
4 0.176250 0.776250 0.077500 0.077500
1 0.331250 0.691250 0.077500 0.077500
1 0.436250 0.631250 0.077500 0.077500
1 0.488750 0.603750 0.077500 0.077500
1 0.541250 0.573750 0.077500 0.077500
3 0.853750 0.401250 0.077500 0.077500
