3 0.792500 0.265000 0.090000 0.090000
1 0.880000 0.260000 0.090000 0.090000
1 0.100000 0.387500 0.090000 0.090000
4 0.447500 0.370000 0.090000 0.090000
1 0.710000 0.357500 0.090000 0.090000
0 0.102500 0.475000 0.090000 0.090000
2 0.190000 0.470000 0.090000 0.090000
3 0.627500 0.447500 0.090000 0.090000
1 0.715000 0.445000 0.090000 0.090000
1 0.802500 0.440000 0.090000 0.090000
1 0.107500 0.562500 0.090000 0.090000
4 0.370000 0.550000 0.090000 0.090000
4 0.457500 0.545000 0.090000 0.090000
4 0.545000 0.540000 0.090000 0.090000
4 0.807500 0.527500 0.090000 0.090000
3 0.550000 0.627500 0.090000 0.090000
1 0.635000 0.622500 0.090000 0.090000
4 0.810000 0.615000 0.090000 0.090000
3 0.117500 0.737500 0.090000 0.090000
1 0.377500 0.722500 0.090000 0.090000
0 0.552500 0.715000 0.090000 0.090000
