2 0.086250 0.391250 0.077500 0.077500
4 0.303750 0.371250 0.077500 0.077500
4 0.376250 0.363750 0.077500 0.077500
4 0.591250 0.343750 0.077500 0.077500
1 0.808750 0.323750 0.077500 0.077500
4 0.166250 0.456250 0.077500 0.077500
0 0.311250 0.441250 0.077500 0.077500
1 0.453750 0.428750 0.077500 0.077500
4 0.598750 0.416250 0.077500 0.077500
0 0.671250 0.408750 0.077500 0.077500
1 0.886250 0.388750 0.077500 0.077500
4 0.173750 0.528750 0.077500 0.077500
4 0.388750 0.508750 0.077500 0.077500
1 0.678750 0.481250 0.077500 0.077500
4 0.748750 0.473750 0.077500 0.077500
2 0.821250 0.466250 0.077500 0.077500
0 0.108750 0.606250 0.077500 0.077500
4 0.178750 0.601250 0.077500 0.077500
4 0.323750 0.586250 0.077500 0.077500
1 0.541250 0.566250 0.077500 0.077500
2 0.611250 0.558750 0.077500 0.077500
4 0.828750 0.538750 0.077500 0.077500
1 0.113750 0.678750 0.077500 0.077500
2 0.258750 0.666250 0.077500 0.077500
4 0.476250 0.646250 0.077500 0.077500
4 0.546250 0.638750 0.077500 0.077500
1 0.691250 0.623750 0.077500 0.077500
4 0.763750 0.618750 0.077500 0.077500
