2 0.088750 0.603750 0.077500 0.077500
4 0.246250 0.523750 0.077500 0.077500
4 0.353750 0.471250 0.077500 0.077500
1 0.406250 0.446250 0.077500 0.077500
2 0.511250 0.393750 0.077500 0.077500
2 0.566250 0.366250 0.077500 0.077500
0 0.723750 0.288750 0.077500 0.077500
1 0.113750 0.656250 0.077500 0.077500
1 0.326250 0.551250 0.077500 0.077500
0 0.696250 0.366250 0.077500 0.077500
3 0.751250 0.341250 0.077500 0.077500
1 0.856250 0.288750 0.077500 0.077500
1 0.298750 0.631250 0.077500 0.077500
4 0.511250 0.526250 0.077500 0.077500
0 0.671250 0.446250 0.077500 0.077500
4 0.828750 0.368750 0.077500 0.077500
3 0.881250 0.341250 0.077500 0.077500
4 0.221250 0.736250 0.077500 0.077500
2 0.378750 0.656250 0.077500 0.077500
0 0.483750 0.603750 0.077500 0.077500
1 0.538750 0.578750 0.077500 0.077500
4 0.696250 0.498750 0.077500 0.077500
3 0.856250 0.421250 0.077500 0.077500
