4 0.205000 0.395000 0.060000 0.060000
3 0.265000 0.397500 0.060000 0.060000
3 0.325000 0.400000 0.060000 0.060000
4 0.442500 0.405000 0.060000 0.060000
4 0.620000 0.412500 0.060000 0.060000
1 0.680000 0.415000 0.060000 0.060000
3 0.740000 0.417500 0.060000 0.060000
3 0.797500 0.420000 0.060000 0.060000
3 0.085000 0.450000 0.060000 0.060000
3 0.145000 0.452500 0.060000 0.060000
1 0.322500 0.460000 0.060000 0.060000
1 0.677500 0.475000 0.060000 0.060000
1 0.855000 0.482500 0.060000 0.060000
0 0.915000 0.485000 0.060000 0.060000
1 0.200000 0.515000 0.060000 0.060000
1 0.320000 0.520000 0.060000 0.060000
1 0.497500 0.527500 0.060000 0.060000
4 0.557500 0.530000 0.060000 0.060000
2 0.852500 0.542500 0.060000 0.060000
1 0.912500 0.545000 0.060000 0.060000
3 0.317500 0.577500 0.060000 0.060000
4 0.375000 0.580000 0.060000 0.060000
2 0.435000 0.582500 0.060000 0.060000
0 0.495000 0.585000 0.060000 0.060000
4 0.555000 0.587500 0.060000 0.060000
4 0.732500 0.595000 0.060000 0.060000
1 0.850000 0.600000 0.060000 0.060000
4 0.910000 0.602500 0.060000 0.060000
