4 0.158750 0.233750 0.092500 0.092500
0 0.651250 0.311250 0.092500 0.092500
4 0.898750 0.351250 0.092500 0.092500
2 0.146250 0.316250 0.092500 0.092500
4 0.228750 0.328750 0.092500 0.092500
2 0.311250 0.343750 0.092500 0.092500
2 0.393750 0.356250 0.092500 0.092500
1 0.216250 0.411250 0.092500 0.092500
1 0.298750 0.423750 0.092500 0.092500
4 0.381250 0.438750 0.092500 0.092500
0 0.708750 0.488750 0.092500 0.092500
3 0.366250 0.521250 0.092500 0.092500
3 0.448750 0.533750 0.092500 0.092500
4 0.613750 0.558750 0.092500 0.092500
2 0.778750 0.583750 0.092500 0.092500
4 0.861250 0.596250 0.092500 0.092500
1 0.191250 0.576250 0.092500 0.092500
1 0.436250 0.616250 0.092500 0.092500
2 0.518750 0.628750 0.092500 0.092500
4 0.766250 0.666250 0.092500 0.092500
0 0.096250 0.646250 0.092500 0.092500
1 0.176250 0.658750 0.092500 0.092500
4 0.258750 0.671250 0.092500 0.092500
1 0.341250 0.683750 0.092500 0.092500
2 0.588750 0.723750 0.092500 0.092500
1 0.671250 0.736250 0.092500 0.092500
0 0.751250 0.748750 0.092500 0.092500
1 0.833750 0.761250 0.092500 0.092500
