3 0.252500 0.457500 0.065000 0.065000
2 0.537500 0.400000 0.065000 0.065000
1 0.765000 0.352500 0.065000 0.065000
2 0.820000 0.340000 0.065000 0.065000
2 0.095000 0.550000 0.065000 0.065000
4 0.150000 0.537500 0.065000 0.065000
0 0.320000 0.502500 0.065000 0.065000
1 0.377500 0.492500 0.065000 0.065000
3 0.492500 0.467500 0.065000 0.065000
1 0.547500 0.455000 0.065000 0.065000
4 0.832500 0.397500 0.065000 0.065000
3 0.890000 0.385000 0.065000 0.065000
1 0.162500 0.595000 0.065000 0.065000
1 0.447500 0.537500 0.065000 0.065000
1 0.502500 0.525000 0.065000 0.065000
3 0.560000 0.512500 0.065000 0.065000
2 0.787500 0.465000 0.065000 0.065000
4 0.845000 0.455000 0.065000 0.065000
4 0.175000 0.652500 0.065000 0.065000
2 0.230000 0.640000 0.065000 0.065000
4 0.287500 0.627500 0.065000 0.065000
1 0.402500 0.605000 0.065000 0.065000
1 0.630000 0.557500 0.065000 0.065000
4 0.685000 0.547500 0.065000 0.065000
4 0.912500 0.500000 0.065000 0.065000
