1 0.308750 0.218750 0.097500 0.097500
3 0.456250 0.273750 0.097500 0.097500
0 0.603750 0.328750 0.097500 0.097500
4 0.428750 0.346250 0.097500 0.097500
1 0.501250 0.373750 0.097500 0.097500
2 0.796250 0.483750 0.097500 0.097500
1 0.253750 0.366250 0.097500 0.097500
0 0.328750 0.393750 0.097500 0.097500
3 0.401250 0.421250 0.097500 0.097500
4 0.473750 0.448750 0.097500 0.097500
1 0.548750 0.473750 0.097500 0.097500
1 0.226250 0.438750 0.097500 0.097500
0 0.816250 0.656250 0.097500 0.097500
3 0.126250 0.486250 0.097500 0.097500
2 0.273750 0.541250 0.097500 0.097500
3 0.421250 0.593750 0.097500 0.097500
1 0.493750 0.621250 0.097500 0.097500
1 0.713750 0.703750 0.097500 0.097500
1 0.171250 0.586250 0.097500 0.097500
4 0.466250 0.696250 0.097500 0.097500
