0 0.581250 0.436250 0.072500 0.072500
2 0.636250 0.456250 0.072500 0.072500
1 0.691250 0.476250 0.072500 0.072500
1 0.746250 0.498750 0.072500 0.072500
0 0.853750 0.538750 0.072500 0.072500
2 0.126250 0.326250 0.072500 0.072500
2 0.343750 0.408750 0.072500 0.072500
1 0.616250 0.511250 0.072500 0.072500
1 0.158750 0.401250 0.072500 0.072500
4 0.213750 0.421250 0.072500 0.072500
1 0.268750 0.441250 0.072500 0.072500
2 0.378750 0.483750 0.072500 0.072500
4 0.431250 0.503750 0.072500 0.072500
4 0.596250 0.566250 0.072500 0.072500
2 0.648750 0.586250 0.072500 0.072500
2 0.703750 0.606250 0.072500 0.072500
1 0.758750 0.626250 0.072500 0.072500
4 0.813750 0.648750 0.072500 0.072500
4 0.138750 0.456250 0.072500 0.072500
2 0.193750 0.476250 0.072500 0.072500
4 0.356250 0.536250 0.072500 0.072500
2 0.411250 0.558750 0.072500 0.072500
1 0.466250 0.578750 0.072500 0.072500
1 0.573750 0.618750 0.072500 0.072500
0 0.628750 0.641250 0.072500 0.072500
4 0.683750 0.661250 0.072500 0.072500
