2 0.481250 0.348750 0.077500 0.077500
1 0.693750 0.378750 0.077500 0.077500
4 0.116250 0.373750 0.077500 0.077500
4 0.401250 0.411250 0.077500 0.077500
4 0.683750 0.448750 0.077500 0.077500
4 0.106250 0.446250 0.077500 0.077500
4 0.178750 0.453750 0.077500 0.077500
4 0.248750 0.463750 0.077500 0.077500
0 0.321250 0.473750 0.077500 0.077500
2 0.391250 0.483750 0.077500 0.077500
4 0.603750 0.511250 0.077500 0.077500
4 0.818750 0.538750 0.077500 0.077500
1 0.098750 0.516250 0.077500 0.077500
1 0.168750 0.526250 0.077500 0.077500
0 0.241250 0.533750 0.077500 0.077500
1 0.311250 0.543750 0.077500 0.077500
0 0.453750 0.563750 0.077500 0.077500
3 0.523750 0.571250 0.077500 0.077500
4 0.596250 0.581250 0.077500 0.077500
1 0.666250 0.591250 0.077500 0.077500
2 0.736250 0.601250 0.077500 0.077500
1 0.808750 0.611250 0.077500 0.077500
1 0.231250 0.606250 0.077500 0.077500
1 0.301250 0.616250 0.077500 0.077500
2 0.586250 0.653750 0.077500 0.077500
