1 0.233750 0.188750 0.092500 0.092500
1 0.293750 0.223750 0.092500 0.092500
1 0.413750 0.291250 0.092500 0.092500
2 0.476250 0.323750 0.092500 0.092500
4 0.718750 0.461250 0.092500 0.092500
1 0.838750 0.528750 0.092500 0.092500
1 0.901250 0.563750 0.092500 0.092500
2 0.258750 0.283750 0.092500 0.092500
1 0.563750 0.453750 0.092500 0.092500
1 0.226250 0.343750 0.092500 0.092500
2 0.406250 0.446250 0.092500 0.092500
1 0.711250 0.616250 0.092500 0.092500
4 0.191250 0.403750 0.092500 0.092500
4 0.373750 0.506250 0.092500 0.092500
4 0.556250 0.608750 0.092500 0.092500
0 0.676250 0.676250 0.092500 0.092500
1 0.338750 0.568750 0.092500 0.092500
4 0.461250 0.636250 0.092500 0.092500
