1 0.331250 0.256250 0.092500 0.092500
4 0.493750 0.286250 0.092500 0.092500
4 0.573750 0.301250 0.092500 0.092500
1 0.153750 0.308750 0.092500 0.092500
1 0.398750 0.353750 0.092500 0.092500
4 0.478750 0.368750 0.092500 0.092500
1 0.721250 0.413750 0.092500 0.092500
1 0.383750 0.433750 0.092500 0.092500
1 0.463750 0.448750 0.092500 0.092500
0 0.868750 0.523750 0.092500 0.092500
2 0.206250 0.483750 0.092500 0.092500
1 0.368750 0.513750 0.092500 0.092500
1 0.771250 0.588750 0.092500 0.092500
1 0.191250 0.566250 0.092500 0.092500
0 0.271250 0.581250 0.092500 0.092500
2 0.513750 0.626250 0.092500 0.092500
4 0.096250 0.631250 0.092500 0.092500
4 0.176250 0.646250 0.092500 0.092500
0 0.256250 0.661250 0.092500 0.092500
1 0.498750 0.706250 0.092500 0.092500
3 0.581250 0.721250 0.092500 0.092500
4 0.661250 0.736250 0.092500 0.092500
