1 0.140000 0.422500 0.060000 0.060000
4 0.197500 0.420000 0.060000 0.060000
4 0.257500 0.417500 0.060000 0.060000
1 0.317500 0.415000 0.060000 0.060000
1 0.435000 0.410000 0.060000 0.060000
1 0.495000 0.407500 0.060000 0.060000
0 0.555000 0.405000 0.060000 0.060000
2 0.672500 0.400000 0.060000 0.060000
4 0.732500 0.397500 0.060000 0.060000
1 0.790000 0.395000 0.060000 0.060000
4 0.850000 0.392500 0.060000 0.060000
0 0.910000 0.390000 0.060000 0.060000
4 0.082500 0.485000 0.060000 0.060000
1 0.200000 0.480000 0.060000 0.060000
1 0.260000 0.477500 0.060000 0.060000
1 0.437500 0.470000 0.060000 0.060000
2 0.615000 0.462500 0.060000 0.060000
4 0.675000 0.460000 0.060000 0.060000
0 0.735000 0.457500 0.060000 0.060000
4 0.792500 0.455000 0.060000 0.060000
1 0.145000 0.542500 0.060000 0.060000
4 0.262500 0.537500 0.060000 0.060000
0 0.380000 0.532500 0.060000 0.060000
1 0.440000 0.530000 0.060000 0.060000
4 0.617500 0.522500 0.060000 0.060000
1 0.677500 0.520000 0.060000 0.060000
4 0.855000 0.512500 0.060000 0.060000
4 0.915000 0.510000 0.060000 0.060000
1 0.087500 0.605000 0.060000 0.060000
0 0.147500 0.602500 0.060000 0.060000
0 0.205000 0.597500 0.060000 0.060000
1 0.325000 0.592500 0.060000 0.060000
4 0.442500 0.587500 0.060000 0.060000
1 0.680000 0.577500 0.060000 0.060000
2 0.797500 0.572500 0.060000 0.060000
1 0.857500 0.570000 0.060000 0.060000
