1 0.417500 0.432500 0.070000 0.070000
3 0.472500 0.415000 0.070000 0.070000
1 0.582500 0.377500 0.070000 0.070000
1 0.692500 0.342500 0.070000 0.070000
1 0.747500 0.325000 0.070000 0.070000
1 0.102500 0.592500 0.070000 0.070000
4 0.157500 0.575000 0.070000 0.070000
2 0.655000 0.415000 0.070000 0.070000
1 0.710000 0.397500 0.070000 0.070000
4 0.765000 0.380000 0.070000 0.070000
4 0.820000 0.362500 0.070000 0.070000
2 0.875000 0.345000 0.070000 0.070000
1 0.120000 0.647500 0.070000 0.070000
1 0.397500 0.560000 0.070000 0.070000
4 0.562500 0.507500 0.070000 0.070000
4 0.672500 0.472500 0.070000 0.070000
4 0.727500 0.455000 0.070000 0.070000
1 0.782500 0.435000 0.070000 0.070000
4 0.247500 0.667500 0.070000 0.070000
4 0.302500 0.650000 0.070000 0.070000
3 0.415000 0.615000 0.070000 0.070000
2 0.525000 0.580000 0.070000 0.070000
1 0.855000 0.475000 0.070000 0.070000
1 0.910000 0.457500 0.070000 0.070000
