4 0.241250 0.188750 0.097500 0.097500
2 0.313750 0.216250 0.097500 0.097500
0 0.821250 0.416250 0.097500 0.097500
4 0.896250 0.443750 0.097500 0.097500
1 0.211250 0.261250 0.097500 0.097500
1 0.283750 0.288750 0.097500 0.097500
4 0.576250 0.403750 0.097500 0.097500
2 0.473750 0.446250 0.097500 0.097500
1 0.618750 0.503750 0.097500 0.097500
0 0.693750 0.533750 0.097500 0.097500
4 0.766250 0.561250 0.097500 0.097500
1 0.838750 0.588750 0.097500 0.097500
4 0.228750 0.433750 0.097500 0.097500
2 0.373750 0.491250 0.097500 0.097500
4 0.446250 0.518750 0.097500 0.097500
3 0.518750 0.548750 0.097500 0.097500
1 0.591250 0.576250 0.097500 0.097500
1 0.663750 0.606250 0.097500 0.097500
0 0.736250 0.633750 0.097500 0.097500
2 0.808750 0.661250 0.097500 0.097500
4 0.126250 0.478750 0.097500 0.097500
4 0.198750 0.506250 0.097500 0.097500
4 0.491250 0.621250 0.097500 0.097500
1 0.563750 0.648750 0.097500 0.097500
1 0.636250 0.678750 0.097500 0.097500
1 0.781250 0.736250 0.097500 0.097500
4 0.098750 0.551250 0.097500 0.097500
0 0.243750 0.608750 0.097500 0.097500
1 0.316250 0.636250 0.097500 0.097500
4 0.388750 0.666250 0.097500 0.097500
1 0.461250 0.693750 0.097500 0.097500
0 0.533750 0.721250 0.097500 0.097500
1 0.606250 0.751250 0.097500 0.097500
4 0.753750 0.808750 0.097500 0.097500
