4 0.300000 0.487500 0.075000 0.075000
4 0.462500 0.417500 0.075000 0.075000
1 0.515000 0.395000 0.075000 0.075000
4 0.570000 0.372500 0.075000 0.075000
3 0.677500 0.325000 0.075000 0.075000
1 0.110000 0.632500 0.075000 0.075000
1 0.162500 0.610000 0.075000 0.075000
4 0.270000 0.565000 0.075000 0.075000
0 0.432500 0.495000 0.075000 0.075000
2 0.647500 0.402500 0.075000 0.075000
1 0.132500 0.687500 0.075000 0.075000
4 0.292500 0.617500 0.075000 0.075000
1 0.725000 0.432500 0.075000 0.075000
4 0.832500 0.387500 0.075000 0.075000
1 0.885000 0.362500 0.075000 0.075000
2 0.155000 0.740000 0.075000 0.075000
2 0.477500 0.602500 0.075000 0.075000
1 0.532500 0.580000 0.075000 0.075000
1 0.585000 0.555000 0.075000 0.075000
1 0.692500 0.510000 0.075000 0.075000
1 0.747500 0.487500 0.075000 0.075000
1 0.800000 0.462500 0.075000 0.075000
3 0.907500 0.417500 0.075000 0.075000
