4 0.141250 0.581250 0.077500 0.077500
1 0.246250 0.528750 0.077500 0.077500
0 0.456250 0.418750 0.077500 0.077500
4 0.613750 0.336250 0.077500 0.077500
0 0.721250 0.281250 0.077500 0.077500
2 0.116250 0.661250 0.077500 0.077500
4 0.221250 0.608750 0.077500 0.077500
4 0.273750 0.581250 0.077500 0.077500
1 0.326250 0.553750 0.077500 0.077500
0 0.483750 0.471250 0.077500 0.077500
1 0.536250 0.443750 0.077500 0.077500
2 0.641250 0.388750 0.077500 0.077500
0 0.693750 0.361250 0.077500 0.077500
1 0.853750 0.278750 0.077500 0.077500
4 0.143750 0.713750 0.077500 0.077500
1 0.563750 0.496250 0.077500 0.077500
0 0.828750 0.358750 0.077500 0.077500
1 0.171250 0.768750 0.077500 0.077500
4 0.276250 0.713750 0.077500 0.077500
1 0.538750 0.576250 0.077500 0.077500
0 0.591250 0.548750 0.077500 0.077500
2 0.643750 0.521250 0.077500 0.077500
4 0.748750 0.466250 0.077500 0.077500
1 0.801250 0.438750 0.077500 0.077500
2 0.856250 0.411250 0.077500 0.077500
0 0.908750 0.383750 0.077500 0.077500
