4 0.270000 0.235000 0.095000 0.095000
1 0.582500 0.312500 0.095000 0.095000
1 0.820000 0.367500 0.095000 0.095000
4 0.330000 0.332500 0.095000 0.095000
4 0.407500 0.352500 0.095000 0.095000
0 0.565000 0.390000 0.095000 0.095000
0 0.722500 0.427500 0.095000 0.095000
1 0.800000 0.447500 0.095000 0.095000
1 0.232500 0.392500 0.095000 0.095000
1 0.310000 0.412500 0.095000 0.095000
4 0.467500 0.450000 0.095000 0.095000
4 0.545000 0.467500 0.095000 0.095000
3 0.860000 0.542500 0.095000 0.095000
4 0.135000 0.452500 0.095000 0.095000
4 0.527500 0.547500 0.095000 0.095000
2 0.762500 0.602500 0.095000 0.095000
3 0.115000 0.532500 0.095000 0.095000
4 0.195000 0.550000 0.095000 0.095000
0 0.350000 0.587500 0.095000 0.095000
2 0.507500 0.625000 0.095000 0.095000
4 0.097500 0.610000 0.095000 0.095000
