1 0.470000 0.277500 0.090000 0.090000
1 0.642500 0.292500 0.090000 0.090000
1 0.205000 0.345000 0.090000 0.090000
1 0.377500 0.357500 0.090000 0.090000
1 0.550000 0.370000 0.090000 0.090000
1 0.635000 0.377500 0.090000 0.090000
1 0.895000 0.397500 0.090000 0.090000
4 0.457500 0.450000 0.090000 0.090000
3 0.715000 0.470000 0.090000 0.090000
4 0.887500 0.482500 0.090000 0.090000
1 0.107500 0.510000 0.090000 0.090000
1 0.192500 0.517500 0.090000 0.090000
0 0.277500 0.525000 0.090000 0.090000
2 0.537500 0.542500 0.090000 0.090000
1 0.795000 0.562500 0.090000 0.090000
4 0.100000 0.597500 0.090000 0.090000
4 0.185000 0.602500 0.090000 0.090000
1 0.272500 0.610000 0.090000 0.090000
3 0.445000 0.622500 0.090000 0.090000
1 0.530000 0.630000 0.090000 0.090000
2 0.702500 0.642500 0.090000 0.090000
3 0.265000 0.695000 0.090000 0.090000
4 0.352500 0.702500 0.090000 0.090000
1 0.525000 0.715000 0.090000 0.090000
0 0.867500 0.740000 0.090000 0.090000
