1 0.166250 0.233750 0.077500 0.077500
1 0.378750 0.338750 0.077500 0.077500
0 0.536250 0.418750 0.077500 0.077500
2 0.588750 0.446250 0.077500 0.077500
2 0.696250 0.498750 0.077500 0.077500
4 0.748750 0.526250 0.077500 0.077500
4 0.853750 0.578750 0.077500 0.077500
1 0.141250 0.286250 0.077500 0.077500
0 0.246250 0.338750 0.077500 0.077500
4 0.298750 0.366250 0.077500 0.077500
2 0.511250 0.471250 0.077500 0.077500
0 0.616250 0.526250 0.077500 0.077500
0 0.668750 0.551250 0.077500 0.077500
1 0.721250 0.578750 0.077500 0.077500
1 0.773750 0.603750 0.077500 0.077500
1 0.828750 0.631250 0.077500 0.077500
3 0.218750 0.391250 0.077500 0.077500
4 0.378750 0.471250 0.077500 0.077500
1 0.483750 0.523750 0.077500 0.077500
2 0.588750 0.578750 0.077500 0.077500
0 0.643750 0.603750 0.077500 0.077500
4 0.141250 0.418750 0.077500 0.077500
4 0.193750 0.446250 0.077500 0.077500
0 0.246250 0.471250 0.077500 0.077500
1 0.403750 0.551250 0.077500 0.077500
2 0.456250 0.578750 0.077500 0.077500
1 0.563750 0.631250 0.077500 0.077500
1 0.616250 0.656250 0.077500 0.077500
4 0.668750 0.683750 0.077500 0.077500
