2 0.153750 0.381250 0.062500 0.062500
4 0.271250 0.391250 0.062500 0.062500
0 0.388750 0.401250 0.062500 0.062500
4 0.446250 0.406250 0.062500 0.062500
1 0.798750 0.436250 0.062500 0.062500
4 0.856250 0.441250 0.062500 0.062500
0 0.088750 0.433750 0.062500 0.062500
4 0.266250 0.448750 0.062500 0.062500
2 0.383750 0.458750 0.062500 0.062500
4 0.441250 0.463750 0.062500 0.062500
4 0.558750 0.473750 0.062500 0.062500
2 0.616250 0.478750 0.062500 0.062500
4 0.793750 0.493750 0.062500 0.062500
2 0.851250 0.498750 0.062500 0.062500
1 0.911250 0.503750 0.062500 0.062500
2 0.143750 0.498750 0.062500 0.062500
4 0.318750 0.513750 0.062500 0.062500
1 0.436250 0.523750 0.062500 0.062500
2 0.496250 0.528750 0.062500 0.062500
4 0.671250 0.543750 0.062500 0.062500
0 0.728750 0.548750 0.062500 0.062500
1 0.846250 0.558750 0.062500 0.062500
1 0.078750 0.551250 0.062500 0.062500
1 0.256250 0.566250 0.062500 0.062500
1 0.373750 0.576250 0.062500 0.062500
0 0.606250 0.596250 0.062500 0.062500
2 0.666250 0.601250 0.062500 0.062500
0 0.723750 0.606250 0.062500 0.062500
4 0.783750 0.611250 0.062500 0.062500
4 0.901250 0.621250 0.062500 0.062500
