2 0.085000 0.532500 0.070000 0.070000
1 0.250000 0.482500 0.070000 0.070000
3 0.417500 0.430000 0.070000 0.070000
4 0.472500 0.415000 0.070000 0.070000
1 0.750000 0.330000 0.070000 0.070000
4 0.860000 0.295000 0.070000 0.070000
4 0.102500 0.587500 0.070000 0.070000
4 0.157500 0.570000 0.070000 0.070000
0 0.212500 0.555000 0.070000 0.070000
2 0.267500 0.537500 0.070000 0.070000
1 0.767500 0.385000 0.070000 0.070000
4 0.822500 0.367500 0.070000 0.070000
1 0.877500 0.350000 0.070000 0.070000
4 0.117500 0.642500 0.070000 0.070000
1 0.285000 0.592500 0.070000 0.070000
4 0.340000 0.575000 0.070000 0.070000
1 0.507500 0.525000 0.070000 0.070000
2 0.562500 0.507500 0.070000 0.070000
4 0.617500 0.490000 0.070000 0.070000
2 0.247500 0.665000 0.070000 0.070000
4 0.302500 0.647500 0.070000 0.070000
4 0.412500 0.615000 0.070000 0.070000
1 0.467500 0.597500 0.070000 0.070000
1 0.690000 0.530000 0.070000 0.070000
4 0.855000 0.477500 0.070000 0.070000
