4 0.198750 0.296250 0.072500 0.072500
3 0.253750 0.316250 0.072500 0.072500
4 0.308750 0.336250 0.072500 0.072500
3 0.526250 0.416250 0.072500 0.072500
4 0.636250 0.456250 0.072500 0.072500
4 0.691250 0.473750 0.072500 0.072500
1 0.908750 0.553750 0.072500 0.072500
4 0.123750 0.331250 0.072500 0.072500
2 0.178750 0.351250 0.072500 0.072500
1 0.288750 0.391250 0.072500 0.072500
1 0.451250 0.448750 0.072500 0.072500
4 0.616250 0.508750 0.072500 0.072500
2 0.671250 0.528750 0.072500 0.072500
0 0.726250 0.548750 0.072500 0.072500
3 0.888750 0.608750 0.072500 0.072500
4 0.103750 0.383750 0.072500 0.072500
3 0.486250 0.523750 0.072500 0.072500
1 0.596250 0.563750 0.072500 0.072500
1 0.761250 0.623750 0.072500 0.072500
4 0.138750 0.458750 0.072500 0.072500
0 0.193750 0.478750 0.072500 0.072500
2 0.303750 0.518750 0.072500 0.072500
4 0.358750 0.538750 0.072500 0.072500
4 0.466250 0.578750 0.072500 0.072500
1 0.521250 0.598750 0.072500 0.072500
0 0.686250 0.658750 0.072500 0.072500
1 0.741250 0.678750 0.072500 0.072500
3 0.793750 0.698750 0.072500 0.072500
4 0.848750 0.718750 0.072500 0.072500
