4 0.210000 0.390000 0.060000 0.060000
1 0.562500 0.412500 0.060000 0.060000
0 0.740000 0.425000 0.060000 0.060000
2 0.857500 0.432500 0.060000 0.060000
2 0.145000 0.445000 0.060000 0.060000
3 0.265000 0.452500 0.060000 0.060000
3 0.735000 0.482500 0.060000 0.060000
1 0.852500 0.492500 0.060000 0.060000
2 0.320000 0.515000 0.060000 0.060000
4 0.377500 0.520000 0.060000 0.060000
1 0.495000 0.527500 0.060000 0.060000
1 0.555000 0.530000 0.060000 0.060000
1 0.615000 0.535000 0.060000 0.060000
4 0.080000 0.560000 0.060000 0.060000
1 0.257500 0.570000 0.060000 0.060000
1 0.432500 0.582500 0.060000 0.060000
3 0.492500 0.587500 0.060000 0.060000
2 0.610000 0.595000 0.060000 0.060000
1 0.727500 0.602500 0.060000 0.060000
3 0.905000 0.612500 0.060000 0.060000
