1 0.185000 0.240000 0.085000 0.085000
4 0.250000 0.262500 0.085000 0.085000
1 0.577500 0.377500 0.085000 0.085000
1 0.707500 0.425000 0.085000 0.085000
4 0.772500 0.447500 0.085000 0.085000
4 0.837500 0.470000 0.085000 0.085000
0 0.902500 0.492500 0.085000 0.085000
4 0.620000 0.467500 0.085000 0.085000
1 0.685000 0.490000 0.085000 0.085000
1 0.750000 0.512500 0.085000 0.085000
2 0.815000 0.535000 0.085000 0.085000
0 0.880000 0.560000 0.085000 0.085000
0 0.137500 0.372500 0.085000 0.085000
4 0.270000 0.417500 0.085000 0.085000
4 0.465000 0.487500 0.085000 0.085000
1 0.530000 0.510000 0.085000 0.085000
4 0.660000 0.555000 0.085000 0.085000
4 0.727500 0.577500 0.085000 0.085000
0 0.792500 0.602500 0.085000 0.085000
4 0.857500 0.625000 0.085000 0.085000
2 0.180000 0.460000 0.085000 0.085000
4 0.377500 0.527500 0.085000 0.085000
4 0.442500 0.552500 0.085000 0.085000
2 0.572500 0.597500 0.085000 0.085000
0 0.835000 0.690000 0.085000 0.085000
4 0.092500 0.502500 0.085000 0.085000
2 0.222500 0.547500 0.085000 0.085000
4 0.615000 0.685000 0.085000 0.085000
4 0.680000 0.710000 0.085000 0.085000
