4 0.412500 0.237500 0.100000 0.100000
4 0.617500 0.342500 0.100000 0.100000
2 0.687500 0.377500 0.100000 0.100000
1 0.892500 0.482500 0.100000 0.100000
1 0.240000 0.235000 0.100000 0.100000
1 0.377500 0.305000 0.100000 0.100000
3 0.515000 0.375000 0.100000 0.100000
3 0.652500 0.445000 0.100000 0.100000
1 0.857500 0.550000 0.100000 0.100000
3 0.205000 0.305000 0.100000 0.100000
4 0.272500 0.340000 0.100000 0.100000
2 0.410000 0.410000 0.100000 0.100000
1 0.480000 0.445000 0.100000 0.100000
2 0.547500 0.480000 0.100000 0.100000
3 0.617500 0.515000 0.100000 0.100000
1 0.755000 0.585000 0.100000 0.100000
4 0.822500 0.620000 0.100000 0.100000
2 0.170000 0.372500 0.100000 0.100000
1 0.307500 0.442500 0.100000 0.100000
3 0.445000 0.512500 0.100000 0.100000
3 0.135000 0.442500 0.100000 0.100000
4 0.272500 0.512500 0.100000 0.100000
0 0.340000 0.547500 0.100000 0.100000
4 0.477500 0.617500 0.100000 0.100000
1 0.547500 0.652500 0.100000 0.100000
2 0.100000 0.510000 0.100000 0.100000
1 0.305000 0.615000 0.100000 0.100000
1 0.442500 0.685000 0.100000 0.100000
4 0.512500 0.720000 0.100000 0.100000
2 0.580000 0.755000 0.100000 0.100000
