1 0.687500 0.462500 0.070000 0.070000
3 0.745000 0.480000 0.070000 0.070000
1 0.855000 0.512500 0.070000 0.070000
3 0.117500 0.352500 0.070000 0.070000
0 0.340000 0.420000 0.070000 0.070000
4 0.395000 0.435000 0.070000 0.070000
4 0.450000 0.452500 0.070000 0.070000
1 0.505000 0.470000 0.070000 0.070000
1 0.560000 0.485000 0.070000 0.070000
4 0.617500 0.502500 0.070000 0.070000
0 0.782500 0.552500 0.070000 0.070000
1 0.895000 0.585000 0.070000 0.070000
1 0.267500 0.457500 0.070000 0.070000
1 0.377500 0.492500 0.070000 0.070000
3 0.490000 0.525000 0.070000 0.070000
0 0.545000 0.542500 0.070000 0.070000
4 0.655000 0.575000 0.070000 0.070000
2 0.710000 0.590000 0.070000 0.070000
2 0.877500 0.640000 0.070000 0.070000
1 0.360000 0.547500 0.070000 0.070000
1 0.417500 0.565000 0.070000 0.070000
3 0.527500 0.597500 0.070000 0.070000
2 0.582500 0.612500 0.070000 0.070000
1 0.695000 0.647500 0.070000 0.070000
4 0.860000 0.695000 0.070000 0.070000
