0 0.080000 0.477500 0.065000 0.065000
4 0.137500 0.467500 0.065000 0.065000
4 0.195000 0.460000 0.065000 0.065000
2 0.252500 0.450000 0.065000 0.065000
2 0.310000 0.440000 0.065000 0.065000
1 0.597500 0.392500 0.065000 0.065000
4 0.655000 0.382500 0.065000 0.065000
1 0.712500 0.372500 0.065000 0.065000
0 0.147500 0.525000 0.065000 0.065000
2 0.205000 0.517500 0.065000 0.065000
0 0.320000 0.497500 0.065000 0.065000
4 0.377500 0.487500 0.065000 0.065000
1 0.435000 0.477500 0.065000 0.065000
4 0.492500 0.467500 0.065000 0.065000
0 0.607500 0.450000 0.065000 0.065000
0 0.837500 0.410000 0.065000 0.065000
4 0.157500 0.582500 0.065000 0.065000
1 0.330000 0.555000 0.065000 0.065000
0 0.560000 0.515000 0.065000 0.065000
0 0.617500 0.507500 0.065000 0.065000
2 0.845000 0.467500 0.065000 0.065000
1 0.902500 0.457500 0.065000 0.065000
1 0.167500 0.640000 0.065000 0.065000
2 0.282500 0.622500 0.065000 0.065000
4 0.397500 0.602500 0.065000 0.065000
1 0.512500 0.582500 0.065000 0.065000
4 0.625000 0.565000 0.065000 0.065000
2 0.740000 0.545000 0.065000 0.065000
2 0.797500 0.535000 0.065000 0.065000
4 0.912500 0.515000 0.065000 0.065000
