4 0.096250 0.371250 0.092500 0.092500
2 0.176250 0.353750 0.092500 0.092500
3 0.336250 0.321250 0.092500 0.092500
2 0.111250 0.451250 0.092500 0.092500
1 0.191250 0.433750 0.092500 0.092500
4 0.431250 0.386250 0.092500 0.092500
4 0.511250 0.368750 0.092500 0.092500
1 0.671250 0.336250 0.092500 0.092500
1 0.831250 0.303750 0.092500 0.092500
4 0.208750 0.513750 0.092500 0.092500
3 0.608750 0.433750 0.092500 0.092500
1 0.768750 0.401250 0.092500 0.092500
4 0.143750 0.611250 0.092500 0.092500
1 0.383750 0.561250 0.092500 0.092500
0 0.623750 0.513750 0.092500 0.092500
3 0.783750 0.481250 0.092500 0.092500
4 0.863750 0.463750 0.092500 0.092500
1 0.321250 0.658750 0.092500 0.092500
3 0.401250 0.641250 0.092500 0.092500
4 0.481250 0.626250 0.092500 0.092500
3 0.641250 0.593750 0.092500 0.092500
3 0.721250 0.576250 0.092500 0.092500
1 0.801250 0.561250 0.092500 0.092500
3 0.881250 0.543750 0.092500 0.092500
3 0.176250 0.771250 0.092500 0.092500
4 0.256250 0.753750 0.092500 0.092500
4 0.336250 0.738750 0.092500 0.092500
0 0.416250 0.721250 0.092500 0.092500
4 0.656250 0.673750 0.092500 0.092500
