3 0.198750 0.263750 0.087500 0.087500
3 0.638750 0.281250 0.087500 0.087500
1 0.726250 0.286250 0.087500 0.087500
1 0.813750 0.288750 0.087500 0.087500
4 0.901250 0.291250 0.087500 0.087500
1 0.898750 0.378750 0.087500 0.087500
1 0.103750 0.436250 0.087500 0.087500
1 0.191250 0.441250 0.087500 0.087500
2 0.543750 0.453750 0.087500 0.087500
4 0.631250 0.456250 0.087500 0.087500
2 0.101250 0.526250 0.087500 0.087500
2 0.188750 0.528750 0.087500 0.087500
4 0.363750 0.536250 0.087500 0.087500
4 0.628750 0.546250 0.087500 0.087500
4 0.803750 0.551250 0.087500 0.087500
1 0.273750 0.618750 0.087500 0.087500
0 0.623750 0.633750 0.087500 0.087500
4 0.888750 0.643750 0.087500 0.087500
4 0.093750 0.701250 0.087500 0.087500
4 0.181250 0.703750 0.087500 0.087500
1 0.621250 0.721250 0.087500 0.087500
4 0.708750 0.723750 0.087500 0.087500
3 0.883750 0.731250 0.087500 0.087500
