4 0.421250 0.236250 0.102500 0.102500
1 0.691250 0.381250 0.102500 0.102500
2 0.758750 0.418750 0.102500 0.102500
1 0.896250 0.491250 0.102500 0.102500
1 0.316250 0.266250 0.102500 0.102500
2 0.383750 0.303750 0.102500 0.102500
4 0.518750 0.376250 0.102500 0.102500
1 0.586250 0.413750 0.102500 0.102500
1 0.723750 0.486250 0.102500 0.102500
2 0.416250 0.408750 0.102500 0.102500
0 0.618750 0.518750 0.102500 0.102500
4 0.753750 0.591250 0.102500 0.102500
1 0.821250 0.628750 0.102500 0.102500
4 0.378750 0.476250 0.102500 0.102500
4 0.513750 0.548750 0.102500 0.102500
1 0.581250 0.586250 0.102500 0.102500
1 0.651250 0.623750 0.102500 0.102500
0 0.206250 0.471250 0.102500 0.102500
4 0.341250 0.543750 0.102500 0.102500
1 0.408750 0.581250 0.102500 0.102500
4 0.478750 0.618750 0.102500 0.102500
1 0.613750 0.691250 0.102500 0.102500
4 0.748750 0.763750 0.102500 0.102500
1 0.306250 0.611250 0.102500 0.102500
4 0.373750 0.648750 0.102500 0.102500
4 0.713750 0.831250 0.102500 0.102500
