4 0.218750 0.201250 0.097500 0.097500
3 0.293750 0.226250 0.097500 0.097500
4 0.518750 0.298750 0.097500 0.097500
4 0.671250 0.346250 0.097500 0.097500
1 0.746250 0.371250 0.097500 0.097500
0 0.896250 0.418750 0.097500 0.097500
1 0.421250 0.348750 0.097500 0.097500
0 0.496250 0.373750 0.097500 0.097500
0 0.646250 0.421250 0.097500 0.097500
1 0.171250 0.351250 0.097500 0.097500
2 0.321250 0.401250 0.097500 0.097500
1 0.471250 0.448750 0.097500 0.097500
1 0.848750 0.568750 0.097500 0.097500
0 0.221250 0.451250 0.097500 0.097500
1 0.448750 0.523750 0.097500 0.097500
1 0.598750 0.571250 0.097500 0.097500
3 0.748750 0.621250 0.097500 0.097500
4 0.823750 0.643750 0.097500 0.097500
2 0.423750 0.598750 0.097500 0.097500
4 0.573750 0.648750 0.097500 0.097500
4 0.648750 0.671250 0.097500 0.097500
4 0.726250 0.696250 0.097500 0.097500
4 0.098750 0.578750 0.097500 0.097500
4 0.248750 0.626250 0.097500 0.097500
1 0.473750 0.698750 0.097500 0.097500
2 0.551250 0.723750 0.097500 0.097500
0 0.701250 0.771250 0.097500 0.097500
1 0.776250 0.796250 0.097500 0.097500
