1 0.172500 0.342500 0.065000 0.065000
4 0.230000 0.355000 0.065000 0.065000
1 0.287500 0.365000 0.065000 0.065000
2 0.515000 0.410000 0.065000 0.065000
4 0.627500 0.435000 0.065000 0.065000
4 0.855000 0.480000 0.065000 0.065000
4 0.912500 0.490000 0.065000 0.065000
1 0.332500 0.435000 0.065000 0.065000
4 0.390000 0.445000 0.065000 0.065000
2 0.502500 0.467500 0.065000 0.065000
0 0.730000 0.512500 0.065000 0.065000
4 0.092500 0.445000 0.065000 0.065000
4 0.207500 0.467500 0.065000 0.065000
4 0.265000 0.480000 0.065000 0.065000
1 0.322500 0.490000 0.065000 0.065000
4 0.377500 0.502500 0.065000 0.065000
4 0.435000 0.512500 0.065000 0.065000
2 0.662500 0.560000 0.065000 0.065000
0 0.832500 0.592500 0.065000 0.065000
4 0.890000 0.605000 0.065000 0.065000
4 0.082500 0.502500 0.065000 0.065000
4 0.310000 0.547500 0.065000 0.065000
2 0.537500 0.592500 0.065000 0.065000
1 0.595000 0.605000 0.065000 0.065000
2 0.652500 0.615000 0.065000 0.065000
4 0.707500 0.627500 0.065000 0.065000
4 0.765000 0.637500 0.065000 0.065000
4 0.822500 0.650000 0.065000 0.065000
