4 0.158750 0.481250 0.087500 0.087500
1 0.223750 0.456250 0.087500 0.087500
4 0.608750 0.306250 0.087500 0.087500
1 0.673750 0.281250 0.087500 0.087500
4 0.803750 0.231250 0.087500 0.087500
4 0.183750 0.546250 0.087500 0.087500
2 0.248750 0.521250 0.087500 0.087500
0 0.311250 0.496250 0.087500 0.087500
0 0.376250 0.471250 0.087500 0.087500
4 0.506250 0.421250 0.087500 0.087500
1 0.828750 0.296250 0.087500 0.087500
1 0.143750 0.636250 0.087500 0.087500
4 0.208750 0.611250 0.087500 0.087500
4 0.401250 0.536250 0.087500 0.087500
0 0.596250 0.461250 0.087500 0.087500
4 0.658750 0.436250 0.087500 0.087500
1 0.853750 0.361250 0.087500 0.087500
1 0.233750 0.676250 0.087500 0.087500
3 0.298750 0.651250 0.087500 0.087500
2 0.361250 0.626250 0.087500 0.087500
1 0.426250 0.601250 0.087500 0.087500
3 0.491250 0.576250 0.087500 0.087500
4 0.556250 0.551250 0.087500 0.087500
0 0.748750 0.476250 0.087500 0.087500
1 0.813750 0.451250 0.087500 0.087500
1 0.878750 0.426250 0.087500 0.087500
1 0.193750 0.763750 0.087500 0.087500
1 0.258750 0.738750 0.087500 0.087500
0 0.323750 0.713750 0.087500 0.087500
1 0.386250 0.688750 0.087500 0.087500
4 0.451250 0.663750 0.087500 0.087500
1 0.516250 0.638750 0.087500 0.087500
4 0.646250 0.588750 0.087500 0.087500
4 0.773750 0.541250 0.087500 0.087500
2 0.903750 0.491250 0.087500 0.087500
