4 0.156250 0.273750 0.082500 0.082500
1 0.223750 0.288750 0.082500 0.082500
1 0.361250 0.321250 0.082500 0.082500
1 0.496250 0.353750 0.082500 0.082500
1 0.563750 0.371250 0.082500 0.082500
1 0.701250 0.403750 0.082500 0.082500
1 0.343750 0.388750 0.082500 0.082500
1 0.548750 0.438750 0.082500 0.082500
4 0.821250 0.503750 0.082500 0.082500
1 0.123750 0.408750 0.082500 0.082500
4 0.191250 0.426250 0.082500 0.082500
1 0.601250 0.523750 0.082500 0.082500
4 0.106250 0.478750 0.082500 0.082500
2 0.311250 0.526250 0.082500 0.082500
2 0.448750 0.558750 0.082500 0.082500
2 0.583750 0.591250 0.082500 0.082500
4 0.653750 0.606250 0.082500 0.082500
4 0.091250 0.546250 0.082500 0.082500
1 0.363750 0.611250 0.082500 0.082500
4 0.501250 0.643750 0.082500 0.082500
4 0.568750 0.658750 0.082500 0.082500
1 0.636250 0.676250 0.082500 0.082500
4 0.703750 0.691250 0.082500 0.082500
