2 0.190000 0.312500 0.070000 0.070000
2 0.300000 0.347500 0.070000 0.070000
1 0.467500 0.397500 0.070000 0.070000
4 0.855000 0.515000 0.070000 0.070000
4 0.910000 0.532500 0.070000 0.070000
1 0.282500 0.402500 0.070000 0.070000
4 0.340000 0.420000 0.070000 0.070000
4 0.505000 0.470000 0.070000 0.070000
4 0.560000 0.485000 0.070000 0.070000
4 0.672500 0.520000 0.070000 0.070000
0 0.727500 0.537500 0.070000 0.070000
4 0.782500 0.552500 0.070000 0.070000
4 0.837500 0.570000 0.070000 0.070000
4 0.892500 0.587500 0.070000 0.070000
4 0.100000 0.407500 0.070000 0.070000
4 0.322500 0.475000 0.070000 0.070000
1 0.432500 0.507500 0.070000 0.070000
0 0.655000 0.575000 0.070000 0.070000
1 0.765000 0.607500 0.070000 0.070000
0 0.822500 0.625000 0.070000 0.070000
4 0.877500 0.642500 0.070000 0.070000
4 0.082500 0.462500 0.070000 0.070000
4 0.140000 0.480000 0.070000 0.070000
0 0.195000 0.495000 0.070000 0.070000
3 0.305000 0.530000 0.070000 0.070000
4 0.360000 0.547500 0.070000 0.070000
4 0.692500 0.647500 0.070000 0.070000
1 0.805000 0.680000 0.070000 0.070000
4 0.860000 0.697500 0.070000 0.070000
