0 0.215000 0.260000 0.090000 0.090000
1 0.300000 0.267500 0.090000 0.090000
1 0.387500 0.272500 0.090000 0.090000
2 0.472500 0.280000 0.090000 0.090000
3 0.557500 0.287500 0.090000 0.090000
4 0.900000 0.315000 0.090000 0.090000
1 0.122500 0.337500 0.090000 0.090000
1 0.380000 0.360000 0.090000 0.090000
4 0.637500 0.380000 0.090000 0.090000
2 0.722500 0.387500 0.090000 0.090000
1 0.110000 0.510000 0.090000 0.090000
1 0.537500 0.545000 0.090000 0.090000
1 0.710000 0.557500 0.090000 0.090000
0 0.880000 0.572500 0.090000 0.090000
2 0.187500 0.602500 0.090000 0.090000
4 0.360000 0.617500 0.090000 0.090000
4 0.617500 0.637500 0.090000 0.090000
4 0.702500 0.645000 0.090000 0.090000
0 0.787500 0.650000 0.090000 0.090000
4 0.267500 0.695000 0.090000 0.090000
1 0.352500 0.702500 0.090000 0.090000
4 0.437500 0.710000 0.090000 0.090000
4 0.780000 0.737500 0.090000 0.090000
