4 0.096250 0.341250 0.092500 0.092500
0 0.178750 0.328750 0.092500 0.092500
1 0.596250 0.273750 0.092500 0.092500
2 0.846250 0.241250 0.092500 0.092500
4 0.191250 0.411250 0.092500 0.092500
1 0.356250 0.391250 0.092500 0.092500
4 0.606250 0.356250 0.092500 0.092500
0 0.773750 0.336250 0.092500 0.092500
1 0.856250 0.323750 0.092500 0.092500
1 0.118750 0.506250 0.092500 0.092500
4 0.201250 0.496250 0.092500 0.092500
4 0.283750 0.483750 0.092500 0.092500
1 0.368750 0.473750 0.092500 0.092500
3 0.533750 0.451250 0.092500 0.092500
3 0.701250 0.428750 0.092500 0.092500
2 0.783750 0.418750 0.092500 0.092500
4 0.296250 0.568750 0.092500 0.092500
1 0.378750 0.556250 0.092500 0.092500
1 0.463750 0.546250 0.092500 0.092500
4 0.711250 0.513750 0.092500 0.092500
4 0.878750 0.491250 0.092500 0.092500
4 0.473750 0.628750 0.092500 0.092500
2 0.723750 0.596250 0.092500 0.092500
2 0.806250 0.583750 0.092500 0.092500
1 0.151250 0.756250 0.092500 0.092500
2 0.568750 0.701250 0.092500 0.092500
1 0.818750 0.668750 0.092500 0.092500
4 0.901250 0.656250 0.092500 0.092500
