3 0.422500 0.272500 0.095000 0.095000
1 0.502500 0.290000 0.095000 0.095000
2 0.580000 0.307500 0.095000 0.095000
1 0.167500 0.300000 0.095000 0.095000
2 0.325000 0.335000 0.095000 0.095000
2 0.405000 0.352500 0.095000 0.095000
4 0.485000 0.370000 0.095000 0.095000
3 0.642500 0.405000 0.095000 0.095000
4 0.880000 0.457500 0.095000 0.095000
1 0.307500 0.412500 0.095000 0.095000
4 0.782500 0.520000 0.095000 0.095000
1 0.290000 0.492500 0.095000 0.095000
4 0.450000 0.527500 0.095000 0.095000
4 0.527500 0.545000 0.095000 0.095000
4 0.607500 0.562500 0.095000 0.095000
0 0.765000 0.600000 0.095000 0.095000
4 0.510000 0.625000 0.095000 0.095000
2 0.590000 0.642500 0.095000 0.095000
2 0.670000 0.660000 0.095000 0.095000
3 0.747500 0.677500 0.095000 0.095000
4 0.255000 0.650000 0.095000 0.095000
3 0.492500 0.705000 0.095000 0.095000
3 0.650000 0.740000 0.095000 0.095000
0 0.730000 0.757500 0.095000 0.095000
