4 0.197500 0.210000 0.095000 0.095000
1 0.510000 0.292500 0.095000 0.095000
4 0.742500 0.355000 0.095000 0.095000
1 0.820000 0.375000 0.095000 0.095000
2 0.897500 0.395000 0.095000 0.095000
4 0.390000 0.427500 0.095000 0.095000
2 0.467500 0.447500 0.095000 0.095000
4 0.545000 0.467500 0.095000 0.095000
4 0.777500 0.530000 0.095000 0.095000
4 0.137500 0.442500 0.095000 0.095000
1 0.215000 0.465000 0.095000 0.095000
4 0.370000 0.505000 0.095000 0.095000
2 0.447500 0.525000 0.095000 0.095000
4 0.602500 0.567500 0.095000 0.095000
0 0.117500 0.520000 0.095000 0.095000
0 0.350000 0.582500 0.095000 0.095000
1 0.427500 0.602500 0.095000 0.095000
1 0.505000 0.622500 0.095000 0.095000
4 0.097500 0.597500 0.095000 0.095000
1 0.175000 0.620000 0.095000 0.095000
1 0.330000 0.660000 0.095000 0.095000
1 0.407500 0.680000 0.095000 0.095000
0 0.717500 0.762500 0.095000 0.095000
3 0.795000 0.782500 0.095000 0.095000
