0 0.603750 0.328750 0.097500 0.097500
1 0.356250 0.318750 0.097500 0.097500
4 0.428750 0.346250 0.097500 0.097500
4 0.576250 0.401250 0.097500 0.097500
4 0.721250 0.458750 0.097500 0.097500
2 0.793750 0.486250 0.097500 0.097500
4 0.866250 0.516250 0.097500 0.097500
0 0.328750 0.391250 0.097500 0.097500
1 0.401250 0.418750 0.097500 0.097500
1 0.621250 0.503750 0.097500 0.097500
0 0.693750 0.531250 0.097500 0.097500
1 0.838750 0.588750 0.097500 0.097500
1 0.226250 0.436250 0.097500 0.097500
4 0.373750 0.491250 0.097500 0.097500
4 0.446250 0.521250 0.097500 0.097500
4 0.591250 0.576250 0.097500 0.097500
1 0.663750 0.603750 0.097500 0.097500
2 0.738750 0.633750 0.097500 0.097500
4 0.126250 0.481250 0.097500 0.097500
3 0.343750 0.563750 0.097500 0.097500
2 0.418750 0.593750 0.097500 0.097500
4 0.491250 0.621250 0.097500 0.097500
1 0.636250 0.678750 0.097500 0.097500
4 0.708750 0.706250 0.097500 0.097500
2 0.098750 0.553750 0.097500 0.097500
3 0.171250 0.581250 0.097500 0.097500
1 0.316250 0.638750 0.097500 0.097500
2 0.463750 0.693750 0.097500 0.097500
2 0.608750 0.751250 0.097500 0.097500
