4 0.080000 0.472500 0.065000 0.065000
1 0.137500 0.462500 0.065000 0.065000
1 0.370000 0.427500 0.065000 0.065000
4 0.427500 0.420000 0.065000 0.065000
4 0.485000 0.410000 0.065000 0.065000
4 0.542500 0.402500 0.065000 0.065000
4 0.830000 0.357500 0.065000 0.065000
1 0.887500 0.350000 0.065000 0.065000
1 0.090000 0.530000 0.065000 0.065000
2 0.205000 0.512500 0.065000 0.065000
4 0.320000 0.495000 0.065000 0.065000
3 0.377500 0.485000 0.065000 0.065000
2 0.492500 0.467500 0.065000 0.065000
4 0.550000 0.460000 0.065000 0.065000
1 0.607500 0.450000 0.065000 0.065000
1 0.722500 0.432500 0.065000 0.065000
4 0.780000 0.425000 0.065000 0.065000
1 0.897500 0.407500 0.065000 0.065000
2 0.330000 0.552500 0.065000 0.065000
3 0.617500 0.507500 0.065000 0.065000
1 0.675000 0.500000 0.065000 0.065000
4 0.790000 0.482500 0.065000 0.065000
3 0.165000 0.635000 0.065000 0.065000
1 0.625000 0.567500 0.065000 0.065000
1 0.855000 0.532500 0.065000 0.065000
0 0.912500 0.522500 0.065000 0.065000
