1 0.610000 0.335000 0.100000 0.100000
4 0.437500 0.345000 0.100000 0.100000
4 0.650000 0.437500 0.100000 0.100000
2 0.792500 0.500000 0.100000 0.100000
2 0.477500 0.447500 0.100000 0.100000
4 0.547500 0.477500 0.100000 0.100000
4 0.620000 0.510000 0.100000 0.100000
0 0.762500 0.570000 0.100000 0.100000
4 0.232500 0.425000 0.100000 0.100000
3 0.302500 0.457500 0.100000 0.100000
1 0.445000 0.517500 0.100000 0.100000
1 0.517500 0.550000 0.100000 0.100000
4 0.590000 0.580000 0.100000 0.100000
4 0.802500 0.672500 0.100000 0.100000
1 0.272500 0.527500 0.100000 0.100000
0 0.345000 0.560000 0.100000 0.100000
4 0.415000 0.590000 0.100000 0.100000
2 0.557500 0.652500 0.100000 0.100000
1 0.630000 0.682500 0.100000 0.100000
0 0.455000 0.692500 0.100000 0.100000
2 0.597500 0.755000 0.100000 0.100000
1 0.740000 0.815000 0.100000 0.100000
