1 0.085000 0.530000 0.070000 0.070000
1 0.417500 0.430000 0.070000 0.070000
0 0.585000 0.380000 0.070000 0.070000
4 0.695000 0.347500 0.070000 0.070000
4 0.102500 0.587500 0.070000 0.070000
2 0.212500 0.552500 0.070000 0.070000
4 0.322500 0.520000 0.070000 0.070000
1 0.435000 0.485000 0.070000 0.070000
2 0.490000 0.470000 0.070000 0.070000
1 0.545000 0.452500 0.070000 0.070000
2 0.767500 0.385000 0.070000 0.070000
4 0.877500 0.352500 0.070000 0.070000
0 0.117500 0.642500 0.070000 0.070000
4 0.230000 0.607500 0.070000 0.070000
4 0.450000 0.542500 0.070000 0.070000
0 0.727500 0.457500 0.070000 0.070000
4 0.785000 0.440000 0.070000 0.070000
4 0.135000 0.697500 0.070000 0.070000
1 0.302500 0.647500 0.070000 0.070000
1 0.412500 0.612500 0.070000 0.070000
1 0.467500 0.597500 0.070000 0.070000
2 0.690000 0.530000 0.070000 0.070000
4 0.745000 0.512500 0.070000 0.070000
