1 0.160000 0.375000 0.075000 0.075000
4 0.232500 0.370000 0.075000 0.075000
1 0.305000 0.365000 0.075000 0.075000
1 0.597500 0.345000 0.075000 0.075000
0 0.815000 0.330000 0.075000 0.075000
4 0.887500 0.325000 0.075000 0.075000
1 0.382500 0.432500 0.075000 0.075000
4 0.747500 0.407500 0.075000 0.075000
1 0.820000 0.402500 0.075000 0.075000
3 0.892500 0.397500 0.075000 0.075000
1 0.097500 0.525000 0.075000 0.075000
4 0.242500 0.515000 0.075000 0.075000
2 0.315000 0.510000 0.075000 0.075000
4 0.387500 0.505000 0.075000 0.075000
4 0.607500 0.490000 0.075000 0.075000
0 0.680000 0.485000 0.075000 0.075000
1 0.752500 0.480000 0.075000 0.075000
2 0.102500 0.597500 0.075000 0.075000
1 0.175000 0.592500 0.075000 0.075000
3 0.247500 0.587500 0.075000 0.075000
0 0.540000 0.567500 0.075000 0.075000
1 0.685000 0.557500 0.075000 0.075000
4 0.757500 0.552500 0.075000 0.075000
4 0.180000 0.665000 0.075000 0.075000
1 0.325000 0.655000 0.075000 0.075000
0 0.617500 0.635000 0.075000 0.075000
2 0.762500 0.627500 0.075000 0.075000
