4 0.156250 0.238750 0.092500 0.092500
4 0.238750 0.248750 0.092500 0.092500
4 0.653750 0.311250 0.092500 0.092500
1 0.901250 0.346250 0.092500 0.092500
2 0.311250 0.343750 0.092500 0.092500
4 0.641250 0.393750 0.092500 0.092500
4 0.723750 0.403750 0.092500 0.092500
4 0.806250 0.416250 0.092500 0.092500
0 0.216250 0.413750 0.092500 0.092500
1 0.628750 0.476250 0.092500 0.092500
1 0.711250 0.486250 0.092500 0.092500
2 0.793750 0.498750 0.092500 0.092500
2 0.203750 0.496250 0.092500 0.092500
3 0.533750 0.546250 0.092500 0.092500
4 0.108750 0.568750 0.092500 0.092500
1 0.191250 0.581250 0.092500 0.092500
3 0.273750 0.591250 0.092500 0.092500
3 0.438750 0.616250 0.092500 0.092500
3 0.768750 0.663750 0.092500 0.092500
3 0.851250 0.676250 0.092500 0.092500
4 0.343750 0.686250 0.092500 0.092500
1 0.426250 0.698750 0.092500 0.092500
2 0.673750 0.736250 0.092500 0.092500
