1 0.387500 0.272500 0.090000 0.090000
1 0.472500 0.280000 0.090000 0.090000
4 0.557500 0.287500 0.090000 0.090000
4 0.645000 0.295000 0.090000 0.090000
2 0.552500 0.372500 0.090000 0.090000
2 0.637500 0.380000 0.090000 0.090000
4 0.807500 0.395000 0.090000 0.090000
3 0.202500 0.430000 0.090000 0.090000
1 0.372500 0.445000 0.090000 0.090000
1 0.460000 0.452500 0.090000 0.090000
0 0.715000 0.472500 0.090000 0.090000
4 0.110000 0.510000 0.090000 0.090000
4 0.280000 0.522500 0.090000 0.090000
1 0.102500 0.595000 0.090000 0.090000
1 0.360000 0.615000 0.090000 0.090000
4 0.615000 0.637500 0.090000 0.090000
0 0.787500 0.652500 0.090000 0.090000
4 0.872500 0.657500 0.090000 0.090000
4 0.695000 0.730000 0.090000 0.090000
3 0.865000 0.745000 0.090000 0.090000
