1 0.182500 0.222500 0.095000 0.095000
1 0.582500 0.307500 0.095000 0.095000
4 0.740000 0.342500 0.095000 0.095000
1 0.900000 0.375000 0.095000 0.095000
0 0.245000 0.317500 0.095000 0.095000
2 0.405000 0.352500 0.095000 0.095000
1 0.565000 0.387500 0.095000 0.095000
0 0.882500 0.455000 0.095000 0.095000
1 0.227500 0.397500 0.095000 0.095000
4 0.705000 0.500000 0.095000 0.095000
4 0.785000 0.517500 0.095000 0.095000
4 0.132500 0.460000 0.095000 0.095000
4 0.290000 0.495000 0.095000 0.095000
4 0.610000 0.562500 0.095000 0.095000
1 0.690000 0.580000 0.095000 0.095000
1 0.847500 0.615000 0.095000 0.095000
4 0.115000 0.540000 0.095000 0.095000
4 0.352500 0.590000 0.095000 0.095000
4 0.432500 0.607500 0.095000 0.095000
4 0.512500 0.625000 0.095000 0.095000
1 0.592500 0.642500 0.095000 0.095000
2 0.830000 0.695000 0.095000 0.095000
2 0.097500 0.620000 0.095000 0.095000
1 0.177500 0.637500 0.095000 0.095000
4 0.575000 0.722500 0.095000 0.095000
0 0.655000 0.740000 0.095000 0.095000
