4 0.081250 0.521250 0.067500 0.067500
4 0.306250 0.458750 0.067500 0.067500
4 0.361250 0.443750 0.067500 0.067500
3 0.418750 0.428750 0.067500 0.067500
2 0.696250 0.353750 0.067500 0.067500
1 0.863750 0.306250 0.067500 0.067500
3 0.098750 0.576250 0.067500 0.067500
4 0.376250 0.501250 0.067500 0.067500
2 0.656250 0.423750 0.067500 0.067500
4 0.878750 0.363750 0.067500 0.067500
3 0.223750 0.601250 0.067500 0.067500
4 0.281250 0.586250 0.067500 0.067500
4 0.336250 0.571250 0.067500 0.067500
0 0.503750 0.526250 0.067500 0.067500
4 0.616250 0.496250 0.067500 0.067500
3 0.671250 0.478750 0.067500 0.067500
4 0.838750 0.433750 0.067500 0.067500
4 0.128750 0.688750 0.067500 0.067500
4 0.406250 0.611250 0.067500 0.067500
1 0.463750 0.596250 0.067500 0.067500
