4 0.258750 0.256250 0.087500 0.087500
4 0.323750 0.281250 0.087500 0.087500
1 0.708750 0.431250 0.087500 0.087500
2 0.838750 0.481250 0.087500 0.087500
4 0.233750 0.321250 0.087500 0.087500
3 0.298750 0.346250 0.087500 0.087500
1 0.426250 0.396250 0.087500 0.087500
0 0.621250 0.471250 0.087500 0.087500
4 0.813750 0.546250 0.087500 0.087500
1 0.336250 0.436250 0.087500 0.087500
1 0.401250 0.461250 0.087500 0.087500
0 0.853750 0.636250 0.087500 0.087500
4 0.183750 0.451250 0.087500 0.087500
1 0.571250 0.601250 0.087500 0.087500
3 0.698750 0.651250 0.087500 0.087500
2 0.763750 0.676250 0.087500 0.087500
4 0.828750 0.701250 0.087500 0.087500
1 0.158750 0.516250 0.087500 0.087500
1 0.223750 0.541250 0.087500 0.087500
2 0.286250 0.566250 0.087500 0.087500
3 0.608750 0.688750 0.087500 0.087500
4 0.738750 0.738750 0.087500 0.087500
1 0.803750 0.763750 0.087500 0.087500
