1 0.140000 0.525000 0.070000 0.070000
1 0.250000 0.487500 0.070000 0.070000
2 0.305000 0.470000 0.070000 0.070000
4 0.470000 0.415000 0.070000 0.070000
0 0.745000 0.322500 0.070000 0.070000
3 0.102500 0.597500 0.070000 0.070000
0 0.212500 0.560000 0.070000 0.070000
4 0.267500 0.542500 0.070000 0.070000
4 0.322500 0.525000 0.070000 0.070000
4 0.377500 0.505000 0.070000 0.070000
4 0.487500 0.470000 0.070000 0.070000
3 0.652500 0.415000 0.070000 0.070000
2 0.707500 0.395000 0.070000 0.070000
4 0.762500 0.377500 0.070000 0.070000
2 0.820000 0.360000 0.070000 0.070000
3 0.287500 0.597500 0.070000 0.070000
3 0.397500 0.560000 0.070000 0.070000
1 0.452500 0.542500 0.070000 0.070000
1 0.562500 0.505000 0.070000 0.070000
1 0.140000 0.707500 0.070000 0.070000
1 0.195000 0.690000 0.070000 0.070000
4 0.250000 0.670000 0.070000 0.070000
4 0.470000 0.597500 0.070000 0.070000
2 0.525000 0.580000 0.070000 0.070000
4 0.580000 0.560000 0.070000 0.070000
0 0.800000 0.487500 0.070000 0.070000
