0 0.207500 0.280000 0.075000 0.075000
4 0.262500 0.302500 0.075000 0.075000
1 0.532500 0.417500 0.075000 0.075000
4 0.747500 0.507500 0.075000 0.075000
0 0.132500 0.312500 0.075000 0.075000
4 0.240000 0.357500 0.075000 0.075000
4 0.292500 0.380000 0.075000 0.075000
0 0.347500 0.402500 0.075000 0.075000
4 0.507500 0.470000 0.075000 0.075000
1 0.562500 0.492500 0.075000 0.075000
2 0.617500 0.515000 0.075000 0.075000
4 0.832500 0.605000 0.075000 0.075000
1 0.885000 0.630000 0.075000 0.075000
1 0.162500 0.387500 0.075000 0.075000
4 0.217500 0.410000 0.075000 0.075000
2 0.270000 0.435000 0.075000 0.075000
4 0.325000 0.457500 0.075000 0.075000
1 0.595000 0.570000 0.075000 0.075000
0 0.647500 0.592500 0.075000 0.075000
0 0.702500 0.615000 0.075000 0.075000
4 0.810000 0.660000 0.075000 0.075000
1 0.862500 0.682500 0.075000 0.075000
1 0.085000 0.420000 0.075000 0.075000
4 0.140000 0.442500 0.075000 0.075000
2 0.195000 0.465000 0.075000 0.075000
1 0.302500 0.510000 0.075000 0.075000
1 0.410000 0.555000 0.075000 0.075000
1 0.462500 0.577500 0.075000 0.075000
4 0.517500 0.600000 0.075000 0.075000
4 0.787500 0.715000 0.075000 0.075000
