4 0.201250 0.293750 0.072500 0.072500
4 0.253750 0.313750 0.072500 0.072500
1 0.418750 0.373750 0.072500 0.072500
2 0.473750 0.393750 0.072500 0.072500
4 0.581250 0.436250 0.072500 0.072500
1 0.691250 0.476250 0.072500 0.072500
3 0.746250 0.496250 0.072500 0.072500
1 0.908750 0.556250 0.072500 0.072500
2 0.233750 0.368750 0.072500 0.072500
3 0.288750 0.388750 0.072500 0.072500
1 0.343750 0.408750 0.072500 0.072500
2 0.453750 0.448750 0.072500 0.072500
1 0.506250 0.468750 0.072500 0.072500
1 0.671250 0.531250 0.072500 0.072500
3 0.726250 0.551250 0.072500 0.072500
4 0.158750 0.403750 0.072500 0.072500
1 0.323750 0.463750 0.072500 0.072500
4 0.486250 0.523750 0.072500 0.072500
3 0.758750 0.626250 0.072500 0.072500
0 0.303750 0.518750 0.072500 0.072500
4 0.358750 0.538750 0.072500 0.072500
1 0.411250 0.558750 0.072500 0.072500
2 0.521250 0.598750 0.072500 0.072500
4 0.631250 0.638750 0.072500 0.072500
0 0.683750 0.658750 0.072500 0.072500
1 0.738750 0.678750 0.072500 0.072500
1 0.793750 0.701250 0.072500 0.072500
