1 0.158750 0.446250 0.082500 0.082500
1 0.493750 0.353750 0.082500 0.082500
1 0.561250 0.333750 0.082500 0.082500
1 0.693750 0.296250 0.082500 0.082500
2 0.828750 0.258750 0.082500 0.082500
2 0.243750 0.496250 0.082500 0.082500
4 0.311250 0.476250 0.082500 0.082500
4 0.578750 0.401250 0.082500 0.082500
4 0.781250 0.343750 0.082500 0.082500
1 0.848750 0.326250 0.082500 0.082500
0 0.196250 0.581250 0.082500 0.082500
3 0.598750 0.468750 0.082500 0.082500
1 0.148750 0.666250 0.082500 0.082500
4 0.281250 0.628750 0.082500 0.082500
4 0.348750 0.611250 0.082500 0.082500
1 0.483750 0.573750 0.082500 0.082500
2 0.551250 0.553750 0.082500 0.082500
0 0.683750 0.516250 0.082500 0.082500
3 0.886250 0.458750 0.082500 0.082500
2 0.233750 0.716250 0.082500 0.082500
4 0.301250 0.696250 0.082500 0.082500
4 0.368750 0.678750 0.082500 0.082500
4 0.501250 0.641250 0.082500 0.082500
1 0.636250 0.601250 0.082500 0.082500
2 0.903750 0.526250 0.082500 0.082500
