3 0.128750 0.306250 0.067500 0.067500
1 0.238750 0.336250 0.067500 0.067500
2 0.351250 0.366250 0.067500 0.067500
4 0.406250 0.381250 0.067500 0.067500
2 0.463750 0.396250 0.067500 0.067500
0 0.631250 0.443750 0.067500 0.067500
2 0.743750 0.473750 0.067500 0.067500
1 0.223750 0.393750 0.067500 0.067500
1 0.336250 0.423750 0.067500 0.067500
1 0.616250 0.498750 0.067500 0.067500
2 0.783750 0.543750 0.067500 0.067500
0 0.896250 0.573750 0.067500 0.067500
1 0.153750 0.433750 0.067500 0.067500
4 0.433750 0.508750 0.067500 0.067500
4 0.543750 0.538750 0.067500 0.067500
4 0.711250 0.583750 0.067500 0.067500
0 0.823750 0.616250 0.067500 0.067500
2 0.881250 0.631250 0.067500 0.067500
2 0.081250 0.473750 0.067500 0.067500
1 0.138750 0.488750 0.067500 0.067500
2 0.193750 0.503750 0.067500 0.067500
0 0.418750 0.566250 0.067500 0.067500
1 0.586250 0.611250 0.067500 0.067500
