1 0.225000 0.252500 0.090000 0.090000
3 0.310000 0.262500 0.090000 0.090000
4 0.647500 0.300000 0.090000 0.090000
4 0.815000 0.320000 0.090000 0.090000
1 0.217500 0.337500 0.090000 0.090000
4 0.300000 0.347500 0.090000 0.090000
1 0.385000 0.355000 0.090000 0.090000
4 0.467500 0.365000 0.090000 0.090000
0 0.552500 0.375000 0.090000 0.090000
2 0.637500 0.385000 0.090000 0.090000
2 0.720000 0.395000 0.090000 0.090000
0 0.805000 0.402500 0.090000 0.090000
4 0.290000 0.430000 0.090000 0.090000
4 0.375000 0.440000 0.090000 0.090000
0 0.627500 0.467500 0.090000 0.090000
1 0.712500 0.477500 0.090000 0.090000
1 0.880000 0.497500 0.090000 0.090000
4 0.112500 0.495000 0.090000 0.090000
2 0.197500 0.505000 0.090000 0.090000
1 0.450000 0.532500 0.090000 0.090000
2 0.785000 0.572500 0.090000 0.090000
4 0.187500 0.590000 0.090000 0.090000
1 0.440000 0.617500 0.090000 0.090000
4 0.525000 0.627500 0.090000 0.090000
4 0.692500 0.647500 0.090000 0.090000
1 0.777500 0.655000 0.090000 0.090000
4 0.860000 0.665000 0.090000 0.090000
1 0.095000 0.665000 0.090000 0.090000
1 0.347500 0.692500 0.090000 0.090000
4 0.430000 0.702500 0.090000 0.090000
3 0.682500 0.730000 0.090000 0.090000
0 0.767500 0.740000 0.090000 0.090000
