1 0.278750 0.458750 0.092500 0.092500
2 0.341250 0.426250 0.092500 0.092500
1 0.461250 0.358750 0.092500 0.092500
4 0.583750 0.291250 0.092500 0.092500
2 0.646250 0.258750 0.092500 0.092500
1 0.128750 0.621250 0.092500 0.092500
4 0.251250 0.553750 0.092500 0.092500
1 0.313750 0.518750 0.092500 0.092500
3 0.373750 0.486250 0.092500 0.092500
1 0.433750 0.453750 0.092500 0.092500
4 0.496250 0.418750 0.092500 0.092500
3 0.678750 0.318750 0.092500 0.092500
1 0.738750 0.286250 0.092500 0.092500
3 0.801250 0.253750 0.092500 0.092500
2 0.163750 0.681250 0.092500 0.092500
4 0.346250 0.581250 0.092500 0.092500
2 0.468750 0.513750 0.092500 0.092500
0 0.591250 0.446250 0.092500 0.092500
4 0.833750 0.313750 0.092500 0.092500
1 0.318750 0.676250 0.092500 0.092500
1 0.501250 0.576250 0.092500 0.092500
1 0.561250 0.541250 0.092500 0.092500
4 0.746250 0.441250 0.092500 0.092500
1 0.231250 0.803750 0.092500 0.092500
1 0.596250 0.603750 0.092500 0.092500
4 0.656250 0.568750 0.092500 0.092500
4 0.778750 0.501250 0.092500 0.092500
1 0.838750 0.468750 0.092500 0.092500
