4 0.093750 0.518750 0.087500 0.087500
1 0.348750 0.411250 0.087500 0.087500
1 0.411250 0.383750 0.087500 0.087500
2 0.476250 0.356250 0.087500 0.087500
1 0.538750 0.328750 0.087500 0.087500
1 0.793750 0.221250 0.087500 0.087500
1 0.183750 0.556250 0.087500 0.087500
1 0.248750 0.528750 0.087500 0.087500
4 0.311250 0.501250 0.087500 0.087500
4 0.376250 0.473750 0.087500 0.087500
3 0.628750 0.366250 0.087500 0.087500
1 0.693750 0.338750 0.087500 0.087500
3 0.756250 0.311250 0.087500 0.087500
3 0.276250 0.593750 0.087500 0.087500
1 0.593750 0.456250 0.087500 0.087500
4 0.783750 0.376250 0.087500 0.087500
4 0.176250 0.711250 0.087500 0.087500
1 0.301250 0.656250 0.087500 0.087500
2 0.428750 0.601250 0.087500 0.087500
1 0.493750 0.576250 0.087500 0.087500
1 0.683750 0.493750 0.087500 0.087500
2 0.811250 0.438750 0.087500 0.087500
1 0.201250 0.773750 0.087500 0.087500
1 0.266250 0.746250 0.087500 0.087500
4 0.583750 0.611250 0.087500 0.087500
