4 0.140000 0.515000 0.070000 0.070000
2 0.250000 0.482500 0.070000 0.070000
2 0.362500 0.447500 0.070000 0.070000
0 0.417500 0.430000 0.070000 0.070000
1 0.750000 0.327500 0.070000 0.070000
1 0.805000 0.312500 0.070000 0.070000
0 0.860000 0.295000 0.070000 0.070000
3 0.102500 0.587500 0.070000 0.070000
1 0.267500 0.537500 0.070000 0.070000
0 0.435000 0.485000 0.070000 0.070000
1 0.545000 0.452500 0.070000 0.070000
4 0.710000 0.400000 0.070000 0.070000
2 0.822500 0.367500 0.070000 0.070000
2 0.877500 0.350000 0.070000 0.070000
2 0.120000 0.645000 0.070000 0.070000
2 0.230000 0.610000 0.070000 0.070000
1 0.340000 0.575000 0.070000 0.070000
4 0.562500 0.507500 0.070000 0.070000
2 0.727500 0.457500 0.070000 0.070000
0 0.895000 0.405000 0.070000 0.070000
1 0.247500 0.665000 0.070000 0.070000
1 0.302500 0.647500 0.070000 0.070000
4 0.357500 0.630000 0.070000 0.070000
4 0.412500 0.615000 0.070000 0.070000
2 0.635000 0.545000 0.070000 0.070000
1 0.745000 0.512500 0.070000 0.070000
1 0.800000 0.495000 0.070000 0.070000
