4 0.088750 0.403750 0.077500 0.077500
4 0.231250 0.386250 0.077500 0.077500
2 0.301250 0.376250 0.077500 0.077500
1 0.728750 0.323750 0.077500 0.077500
1 0.871250 0.306250 0.077500 0.077500
1 0.098750 0.473750 0.077500 0.077500
4 0.168750 0.466250 0.077500 0.077500
1 0.238750 0.456250 0.077500 0.077500
2 0.381250 0.438750 0.077500 0.077500
4 0.453750 0.431250 0.077500 0.077500
1 0.523750 0.421250 0.077500 0.077500
4 0.808750 0.386250 0.077500 0.077500
0 0.881250 0.376250 0.077500 0.077500
4 0.178750 0.536250 0.077500 0.077500
1 0.248750 0.528750 0.077500 0.077500
1 0.321250 0.518750 0.077500 0.077500
4 0.676250 0.473750 0.077500 0.077500
1 0.888750 0.448750 0.077500 0.077500
1 0.258750 0.598750 0.077500 0.077500
2 0.328750 0.591250 0.077500 0.077500
1 0.401250 0.581250 0.077500 0.077500
2 0.543750 0.563750 0.077500 0.077500
0 0.686250 0.546250 0.077500 0.077500
0 0.196250 0.678750 0.077500 0.077500
4 0.338750 0.661250 0.077500 0.077500
1 0.408750 0.653750 0.077500 0.077500
