3 0.158750 0.236250 0.092500 0.092500
1 0.241250 0.248750 0.092500 0.092500
4 0.323750 0.261250 0.092500 0.092500
3 0.406250 0.273750 0.092500 0.092500
0 0.651250 0.311250 0.092500 0.092500
4 0.733750 0.323750 0.092500 0.092500
4 0.228750 0.331250 0.092500 0.092500
1 0.393750 0.356250 0.092500 0.092500
3 0.556250 0.381250 0.092500 0.092500
2 0.803750 0.418750 0.092500 0.092500
1 0.133750 0.398750 0.092500 0.092500
4 0.216250 0.411250 0.092500 0.092500
4 0.298750 0.426250 0.092500 0.092500
1 0.461250 0.451250 0.092500 0.092500
4 0.543750 0.463750 0.092500 0.092500
2 0.626250 0.476250 0.092500 0.092500
3 0.791250 0.501250 0.092500 0.092500
3 0.121250 0.481250 0.092500 0.092500
2 0.203750 0.493750 0.092500 0.092500
1 0.286250 0.506250 0.092500 0.092500
1 0.613750 0.558750 0.092500 0.092500
1 0.861250 0.596250 0.092500 0.092500
1 0.108750 0.563750 0.092500 0.092500
2 0.271250 0.588750 0.092500 0.092500
4 0.353750 0.601250 0.092500 0.092500
0 0.436250 0.616250 0.092500 0.092500
4 0.683750 0.653750 0.092500 0.092500
1 0.096250 0.646250 0.092500 0.092500
3 0.176250 0.658750 0.092500 0.092500
4 0.341250 0.683750 0.092500 0.092500
3 0.423750 0.696250 0.092500 0.092500
1 0.753750 0.748750 0.092500 0.092500
