2 0.400000 0.450000 0.080000 0.080000
3 0.505000 0.390000 0.080000 0.080000
1 0.557500 0.362500 0.080000 0.080000
2 0.662500 0.302500 0.080000 0.080000
2 0.117500 0.677500 0.080000 0.080000
4 0.170000 0.650000 0.080000 0.080000
0 0.275000 0.590000 0.080000 0.080000
3 0.327500 0.560000 0.080000 0.080000
4 0.587500 0.412500 0.080000 0.080000
1 0.640000 0.385000 0.080000 0.080000
3 0.407500 0.582500 0.080000 0.080000
0 0.460000 0.555000 0.080000 0.080000
4 0.667500 0.437500 0.080000 0.080000
4 0.720000 0.407500 0.080000 0.080000
0 0.772500 0.377500 0.080000 0.080000
0 0.825000 0.347500 0.080000 0.080000
0 0.177500 0.782500 0.080000 0.080000
2 0.230000 0.752500 0.080000 0.080000
2 0.280000 0.725000 0.080000 0.080000
0 0.332500 0.695000 0.080000 0.080000
4 0.385000 0.665000 0.080000 0.080000
4 0.592500 0.547500 0.080000 0.080000
2 0.750000 0.460000 0.080000 0.080000
1 0.802500 0.430000 0.080000 0.080000
3 0.855000 0.400000 0.080000 0.080000
