4 0.168750 0.453750 0.102500 0.102500
4 0.236250 0.418750 0.102500 0.102500
4 0.713750 0.163750 0.102500 0.102500
2 0.203750 0.521250 0.102500 0.102500
4 0.273750 0.486250 0.102500 0.102500
1 0.341250 0.448750 0.102500 0.102500
4 0.613750 0.303750 0.102500 0.102500
4 0.748750 0.231250 0.102500 0.102500
0 0.173750 0.626250 0.102500 0.102500
4 0.241250 0.591250 0.102500 0.102500
2 0.581250 0.408750 0.102500 0.102500
4 0.648750 0.373750 0.102500 0.102500
1 0.208750 0.693750 0.102500 0.102500
4 0.346250 0.621250 0.102500 0.102500
4 0.413750 0.586250 0.102500 0.102500
4 0.548750 0.513750 0.102500 0.102500
1 0.246250 0.763750 0.102500 0.102500
2 0.448750 0.653750 0.102500 0.102500
3 0.518750 0.618750 0.102500 0.102500
4 0.791250 0.473750 0.102500 0.102500
4 0.281250 0.831250 0.102500 0.102500
1 0.348750 0.793750 0.102500 0.102500
4 0.553750 0.686250 0.102500 0.102500
0 0.691250 0.613750 0.102500 0.102500
2 0.826250 0.541250 0.102500 0.102500
