1 0.093750 0.501250 0.087500 0.087500
3 0.288750 0.428750 0.087500 0.087500
1 0.353750 0.406250 0.087500 0.087500
2 0.483750 0.356250 0.087500 0.087500
1 0.546250 0.333750 0.087500 0.087500
2 0.676250 0.283750 0.087500 0.087500
1 0.806250 0.236250 0.087500 0.087500
1 0.118750 0.566250 0.087500 0.087500
1 0.248750 0.518750 0.087500 0.087500
4 0.376250 0.471250 0.087500 0.087500
4 0.441250 0.446250 0.087500 0.087500
1 0.506250 0.421250 0.087500 0.087500
4 0.571250 0.398750 0.087500 0.087500
4 0.466250 0.511250 0.087500 0.087500
4 0.531250 0.486250 0.087500 0.087500
3 0.726250 0.413750 0.087500 0.087500
3 0.791250 0.388750 0.087500 0.087500
1 0.856250 0.366250 0.087500 0.087500
2 0.166250 0.696250 0.087500 0.087500
1 0.231250 0.673750 0.087500 0.087500
4 0.296250 0.648750 0.087500 0.087500
4 0.426250 0.598750 0.087500 0.087500
1 0.491250 0.576250 0.087500 0.087500
3 0.556250 0.551250 0.087500 0.087500
3 0.621250 0.526250 0.087500 0.087500
4 0.683750 0.503750 0.087500 0.087500
4 0.748750 0.478750 0.087500 0.087500
1 0.813750 0.453750 0.087500 0.087500
4 0.878750 0.431250 0.087500 0.087500
1 0.256250 0.736250 0.087500 0.087500
1 0.386250 0.688750 0.087500 0.087500
2 0.448750 0.663750 0.087500 0.087500
2 0.513750 0.641250 0.087500 0.087500
4 0.578750 0.616250 0.087500 0.087500
1 0.708750 0.568750 0.087500 0.087500
