1 0.223750 0.251250 0.077500 0.077500
4 0.276250 0.278750 0.077500 0.077500
2 0.433750 0.363750 0.077500 0.077500
1 0.486250 0.391250 0.077500 0.077500
4 0.591250 0.446250 0.077500 0.077500
4 0.696250 0.501250 0.077500 0.077500
4 0.801250 0.556250 0.077500 0.077500
2 0.853750 0.583750 0.077500 0.077500
4 0.143750 0.276250 0.077500 0.077500
4 0.196250 0.303750 0.077500 0.077500
1 0.248750 0.331250 0.077500 0.077500
3 0.301250 0.358750 0.077500 0.077500
1 0.458750 0.443750 0.077500 0.077500
1 0.511250 0.471250 0.077500 0.077500
1 0.563750 0.498750 0.077500 0.077500
1 0.616250 0.526250 0.077500 0.077500
0 0.668750 0.553750 0.077500 0.077500
4 0.168750 0.356250 0.077500 0.077500
1 0.326250 0.441250 0.077500 0.077500
1 0.378750 0.468750 0.077500 0.077500
4 0.536250 0.551250 0.077500 0.077500
4 0.588750 0.578750 0.077500 0.077500
1 0.693750 0.633750 0.077500 0.077500
2 0.746250 0.661250 0.077500 0.077500
4 0.851250 0.716250 0.077500 0.077500
3 0.088750 0.381250 0.077500 0.077500
1 0.246250 0.463750 0.077500 0.077500
4 0.456250 0.576250 0.077500 0.077500
1 0.823750 0.768750 0.077500 0.077500
