1 0.205000 0.397500 0.060000 0.060000
4 0.382500 0.405000 0.060000 0.060000
1 0.620000 0.412500 0.060000 0.060000
1 0.680000 0.415000 0.060000 0.060000
4 0.797500 0.417500 0.060000 0.060000
4 0.917500 0.422500 0.060000 0.060000
3 0.082500 0.452500 0.060000 0.060000
1 0.142500 0.455000 0.060000 0.060000
3 0.202500 0.457500 0.060000 0.060000
0 0.262500 0.460000 0.060000 0.060000
4 0.322500 0.462500 0.060000 0.060000
1 0.617500 0.472500 0.060000 0.060000
4 0.677500 0.472500 0.060000 0.060000
4 0.915000 0.482500 0.060000 0.060000
4 0.200000 0.517500 0.060000 0.060000
0 0.320000 0.520000 0.060000 0.060000
1 0.497500 0.527500 0.060000 0.060000
1 0.557500 0.530000 0.060000 0.060000
1 0.735000 0.535000 0.060000 0.060000
1 0.795000 0.537500 0.060000 0.060000
4 0.855000 0.540000 0.060000 0.060000
2 0.080000 0.572500 0.060000 0.060000
1 0.257500 0.577500 0.060000 0.060000
4 0.377500 0.582500 0.060000 0.060000
1 0.852500 0.597500 0.060000 0.060000
