1 0.510000 0.292500 0.095000 0.095000
4 0.665000 0.332500 0.095000 0.095000
4 0.742500 0.355000 0.095000 0.095000
4 0.820000 0.375000 0.095000 0.095000
4 0.177500 0.287500 0.095000 0.095000
1 0.332500 0.330000 0.095000 0.095000
3 0.565000 0.390000 0.095000 0.095000
4 0.800000 0.452500 0.095000 0.095000
1 0.157500 0.365000 0.095000 0.095000
3 0.467500 0.447500 0.095000 0.095000
4 0.215000 0.465000 0.095000 0.095000
3 0.370000 0.505000 0.095000 0.095000
2 0.505000 0.622500 0.095000 0.095000
4 0.252500 0.640000 0.095000 0.095000
4 0.795000 0.782500 0.095000 0.095000
