4 0.231250 0.188750 0.092500 0.092500
4 0.293750 0.223750 0.092500 0.092500
4 0.353750 0.256250 0.092500 0.092500
0 0.536250 0.358750 0.092500 0.092500
1 0.718750 0.461250 0.092500 0.092500
0 0.198750 0.251250 0.092500 0.092500
4 0.258750 0.283750 0.092500 0.092500
0 0.318750 0.318750 0.092500 0.092500
1 0.501250 0.418750 0.092500 0.092500
1 0.563750 0.453750 0.092500 0.092500
4 0.746250 0.553750 0.092500 0.092500
0 0.806250 0.588750 0.092500 0.092500
1 0.346250 0.413750 0.092500 0.092500
0 0.406250 0.446250 0.092500 0.092500
1 0.528750 0.513750 0.092500 0.092500
4 0.588750 0.548750 0.092500 0.092500
0 0.651250 0.581250 0.092500 0.092500
4 0.833750 0.683750 0.092500 0.092500
4 0.131250 0.371250 0.092500 0.092500
4 0.191250 0.406250 0.092500 0.092500
1 0.251250 0.438750 0.092500 0.092500
4 0.373750 0.506250 0.092500 0.092500
2 0.433750 0.541250 0.092500 0.092500
0 0.616250 0.643750 0.092500 0.092500
4 0.676250 0.676250 0.092500 0.092500
2 0.798750 0.743750 0.092500 0.092500
3 0.096250 0.433750 0.092500 0.092500
4 0.218750 0.501250 0.092500 0.092500
4 0.278750 0.533750 0.092500 0.092500
4 0.583750 0.703750 0.092500 0.092500
1 0.643750 0.736250 0.092500 0.092500
4 0.703750 0.771250 0.092500 0.092500
2 0.766250 0.803750 0.092500 0.092500
