4 0.138750 0.503750 0.067500 0.067500
1 0.193750 0.488750 0.067500 0.067500
1 0.306250 0.458750 0.067500 0.067500
1 0.528750 0.398750 0.067500 0.067500
4 0.586250 0.383750 0.067500 0.067500
1 0.863750 0.308750 0.067500 0.067500
0 0.096250 0.576250 0.067500 0.067500
1 0.153750 0.561250 0.067500 0.067500
1 0.208750 0.546250 0.067500 0.067500
4 0.433750 0.483750 0.067500 0.067500
4 0.601250 0.438750 0.067500 0.067500
4 0.656250 0.423750 0.067500 0.067500
2 0.113750 0.631250 0.067500 0.067500
1 0.168750 0.616250 0.067500 0.067500
4 0.281250 0.586250 0.067500 0.067500
3 0.391250 0.556250 0.067500 0.067500
4 0.448750 0.541250 0.067500 0.067500
1 0.558750 0.511250 0.067500 0.067500
2 0.671250 0.481250 0.067500 0.067500
1 0.783750 0.448750 0.067500 0.067500
3 0.896250 0.418750 0.067500 0.067500
1 0.183750 0.671250 0.067500 0.067500
4 0.238750 0.656250 0.067500 0.067500
1 0.296250 0.641250 0.067500 0.067500
4 0.351250 0.626250 0.067500 0.067500
1 0.406250 0.611250 0.067500 0.067500
4 0.463750 0.596250 0.067500 0.067500
4 0.686250 0.536250 0.067500 0.067500
2 0.743750 0.521250 0.067500 0.067500
