4 0.233750 0.353750 0.067500 0.067500
1 0.288750 0.363750 0.067500 0.067500
0 0.403750 0.388750 0.067500 0.067500
3 0.573750 0.423750 0.067500 0.067500
1 0.631250 0.436250 0.067500 0.067500
4 0.686250 0.448750 0.067500 0.067500
3 0.278750 0.421250 0.067500 0.067500
1 0.391250 0.446250 0.067500 0.067500
1 0.618750 0.493750 0.067500 0.067500
4 0.321250 0.491250 0.067500 0.067500
1 0.436250 0.513750 0.067500 0.067500
1 0.718750 0.573750 0.067500 0.067500
4 0.776250 0.586250 0.067500 0.067500
4 0.083750 0.498750 0.067500 0.067500
1 0.141250 0.511250 0.067500 0.067500
2 0.196250 0.523750 0.067500 0.067500
4 0.423750 0.571250 0.067500 0.067500
4 0.481250 0.583750 0.067500 0.067500
4 0.538750 0.593750 0.067500 0.067500
4 0.763750 0.641250 0.067500 0.067500
1 0.821250 0.653750 0.067500 0.067500
2 0.878750 0.666250 0.067500 0.067500
