4 0.117500 0.260000 0.090000 0.090000
2 0.205000 0.262500 0.090000 0.090000
4 0.552500 0.282500 0.090000 0.090000
2 0.815000 0.295000 0.090000 0.090000
4 0.900000 0.300000 0.090000 0.090000
2 0.200000 0.350000 0.090000 0.090000
1 0.372500 0.360000 0.090000 0.090000
1 0.460000 0.365000 0.090000 0.090000
1 0.547500 0.370000 0.090000 0.090000
1 0.635000 0.372500 0.090000 0.090000
1 0.897500 0.387500 0.090000 0.090000
4 0.370000 0.447500 0.090000 0.090000
0 0.542500 0.455000 0.090000 0.090000
1 0.805000 0.470000 0.090000 0.090000
4 0.892500 0.475000 0.090000 0.090000
4 0.102500 0.520000 0.090000 0.090000
2 0.190000 0.525000 0.090000 0.090000
1 0.277500 0.530000 0.090000 0.090000
4 0.365000 0.535000 0.090000 0.090000
1 0.452500 0.537500 0.090000 0.090000
1 0.537500 0.542500 0.090000 0.090000
4 0.360000 0.622500 0.090000 0.090000
4 0.447500 0.625000 0.090000 0.090000
1 0.795000 0.645000 0.090000 0.090000
1 0.095000 0.695000 0.090000 0.090000
4 0.180000 0.700000 0.090000 0.090000
3 0.442500 0.712500 0.090000 0.090000
2 0.530000 0.717500 0.090000 0.090000
4 0.617500 0.722500 0.090000 0.090000
1 0.877500 0.735000 0.090000 0.090000
