4 0.730000 0.302500 0.090000 0.090000
0 0.815000 0.310000 0.090000 0.090000
1 0.125000 0.335000 0.090000 0.090000
4 0.297500 0.350000 0.090000 0.090000
3 0.382500 0.357500 0.090000 0.090000
4 0.552500 0.372500 0.090000 0.090000
1 0.637500 0.380000 0.090000 0.090000
1 0.722500 0.387500 0.090000 0.090000
4 0.892500 0.402500 0.090000 0.090000
4 0.287500 0.435000 0.090000 0.090000
1 0.545000 0.457500 0.090000 0.090000
1 0.367500 0.527500 0.090000 0.090000
0 0.622500 0.550000 0.090000 0.090000
1 0.707500 0.557500 0.090000 0.090000
1 0.877500 0.575000 0.090000 0.090000
2 0.272500 0.605000 0.090000 0.090000
4 0.445000 0.620000 0.090000 0.090000
1 0.615000 0.635000 0.090000 0.090000
2 0.265000 0.690000 0.090000 0.090000
3 0.350000 0.697500 0.090000 0.090000
1 0.607500 0.722500 0.090000 0.090000
2 0.692500 0.730000 0.090000 0.090000
2 0.862500 0.745000 0.090000 0.090000
