1 0.090000 0.425000 0.080000 0.080000
4 0.230000 0.400000 0.080000 0.080000
0 0.370000 0.377500 0.080000 0.080000
0 0.510000 0.352500 0.080000 0.080000
2 0.580000 0.340000 0.080000 0.080000
2 0.382500 0.447500 0.080000 0.080000
4 0.732500 0.387500 0.080000 0.080000
1 0.800000 0.375000 0.080000 0.080000
0 0.870000 0.362500 0.080000 0.080000
4 0.322500 0.527500 0.080000 0.080000
4 0.602500 0.480000 0.080000 0.080000
4 0.812500 0.445000 0.080000 0.080000
4 0.265000 0.610000 0.080000 0.080000
4 0.405000 0.587500 0.080000 0.080000
3 0.475000 0.575000 0.080000 0.080000
1 0.755000 0.527500 0.080000 0.080000
0 0.895000 0.502500 0.080000 0.080000
2 0.137500 0.705000 0.080000 0.080000
1 0.277500 0.680000 0.080000 0.080000
4 0.347500 0.667500 0.080000 0.080000
2 0.487500 0.645000 0.080000 0.080000
2 0.557500 0.632500 0.080000 0.080000
1 0.767500 0.597500 0.080000 0.080000
1 0.907500 0.572500 0.080000 0.080000
