2 0.415000 0.235000 0.100000 0.100000
4 0.242500 0.232500 0.100000 0.100000
2 0.310000 0.267500 0.100000 0.100000
0 0.377500 0.305000 0.100000 0.100000
2 0.515000 0.375000 0.100000 0.100000
4 0.585000 0.412500 0.100000 0.100000
1 0.720000 0.482500 0.100000 0.100000
4 0.857500 0.555000 0.100000 0.100000
4 0.275000 0.337500 0.100000 0.100000
4 0.412500 0.407500 0.100000 0.100000
2 0.480000 0.445000 0.100000 0.100000
1 0.617500 0.515000 0.100000 0.100000
1 0.822500 0.622500 0.100000 0.100000
1 0.307500 0.442500 0.100000 0.100000
4 0.375000 0.477500 0.100000 0.100000
0 0.580000 0.585000 0.100000 0.100000
1 0.717500 0.655000 0.100000 0.100000
3 0.202500 0.475000 0.100000 0.100000
2 0.545000 0.652500 0.100000 0.100000
1 0.100000 0.507500 0.100000 0.100000
4 0.305000 0.615000 0.100000 0.100000
2 0.647500 0.792500 0.100000 0.100000
