1 0.303750 0.218750 0.097500 0.097500
1 0.376250 0.246250 0.097500 0.097500
2 0.598750 0.323750 0.097500 0.097500
1 0.821250 0.403750 0.097500 0.097500
2 0.351250 0.321250 0.097500 0.097500
3 0.498750 0.373750 0.097500 0.097500
0 0.646250 0.423750 0.097500 0.097500
4 0.176250 0.341250 0.097500 0.097500
2 0.323750 0.393750 0.097500 0.097500
4 0.398750 0.421250 0.097500 0.097500
1 0.473750 0.446250 0.097500 0.097500
2 0.621250 0.498750 0.097500 0.097500
1 0.696250 0.526250 0.097500 0.097500
0 0.768750 0.551250 0.097500 0.097500
4 0.151250 0.416250 0.097500 0.097500
4 0.223750 0.441250 0.097500 0.097500
4 0.596250 0.573750 0.097500 0.097500
4 0.818750 0.651250 0.097500 0.097500
0 0.198750 0.516250 0.097500 0.097500
1 0.271250 0.543750 0.097500 0.097500
4 0.421250 0.596250 0.097500 0.097500
0 0.716250 0.698750 0.097500 0.097500
2 0.171250 0.591250 0.097500 0.097500
2 0.393750 0.668750 0.097500 0.097500
4 0.468750 0.696250 0.097500 0.097500
1 0.766250 0.801250 0.097500 0.097500
