4 0.151250 0.241250 0.092500 0.092500
1 0.233750 0.251250 0.092500 0.092500
4 0.483750 0.283750 0.092500 0.092500
1 0.568750 0.296250 0.092500 0.092500
1 0.651250 0.306250 0.092500 0.092500
4 0.138750 0.323750 0.092500 0.092500
2 0.306250 0.346250 0.092500 0.092500
0 0.641250 0.388750 0.092500 0.092500
2 0.723750 0.401250 0.092500 0.092500
1 0.128750 0.408750 0.092500 0.092500
4 0.378750 0.441250 0.092500 0.092500
4 0.461250 0.451250 0.092500 0.092500
1 0.628750 0.473750 0.092500 0.092500
0 0.118750 0.491250 0.092500 0.092500
4 0.201250 0.501250 0.092500 0.092500
1 0.701250 0.568750 0.092500 0.092500
4 0.783750 0.578750 0.092500 0.092500
4 0.106250 0.573750 0.092500 0.092500
4 0.773750 0.661250 0.092500 0.092500
0 0.856250 0.673750 0.092500 0.092500
1 0.096250 0.658750 0.092500 0.092500
1 0.178750 0.668750 0.092500 0.092500
4 0.263750 0.678750 0.092500 0.092500
0 0.346250 0.691250 0.092500 0.092500
2 0.513750 0.711250 0.092500 0.092500
0 0.763750 0.746250 0.092500 0.092500
