4 0.080000 0.435000 0.060000 0.060000
1 0.197500 0.427500 0.060000 0.060000
1 0.257500 0.425000 0.060000 0.060000
1 0.315000 0.420000 0.060000 0.060000
2 0.492500 0.410000 0.060000 0.060000
0 0.552500 0.405000 0.060000 0.060000
4 0.670000 0.397500 0.060000 0.060000
1 0.727500 0.395000 0.060000 0.060000
4 0.787500 0.390000 0.060000 0.060000
1 0.142500 0.490000 0.060000 0.060000
4 0.437500 0.472500 0.060000 0.060000
1 0.495000 0.467500 0.060000 0.060000
4 0.555000 0.465000 0.060000 0.060000
4 0.615000 0.460000 0.060000 0.060000
1 0.907500 0.442500 0.060000 0.060000
4 0.265000 0.542500 0.060000 0.060000
0 0.322500 0.537500 0.060000 0.060000
4 0.382500 0.535000 0.060000 0.060000
4 0.440000 0.530000 0.060000 0.060000
1 0.500000 0.527500 0.060000 0.060000
1 0.557500 0.522500 0.060000 0.060000
4 0.617500 0.520000 0.060000 0.060000
0 0.735000 0.512500 0.060000 0.060000
0 0.852500 0.505000 0.060000 0.060000
0 0.150000 0.610000 0.060000 0.060000
4 0.210000 0.605000 0.060000 0.060000
0 0.327500 0.597500 0.060000 0.060000
1 0.622500 0.580000 0.060000 0.060000
0 0.680000 0.575000 0.060000 0.060000
3 0.797500 0.567500 0.060000 0.060000
