4 0.095000 0.530000 0.090000 0.090000
2 0.285000 0.445000 0.090000 0.090000
2 0.600000 0.302500 0.090000 0.090000
4 0.725000 0.245000 0.090000 0.090000
4 0.787500 0.215000 0.090000 0.090000
2 0.122500 0.592500 0.090000 0.090000
4 0.187500 0.565000 0.090000 0.090000
1 0.250000 0.535000 0.090000 0.090000
0 0.502500 0.422500 0.090000 0.090000
1 0.627500 0.365000 0.090000 0.090000
4 0.690000 0.335000 0.090000 0.090000
0 0.755000 0.307500 0.090000 0.090000
4 0.152500 0.655000 0.090000 0.090000
2 0.340000 0.570000 0.090000 0.090000
1 0.405000 0.542500 0.090000 0.090000
1 0.592500 0.455000 0.090000 0.090000
0 0.782500 0.370000 0.090000 0.090000
1 0.495000 0.575000 0.090000 0.090000
0 0.557500 0.547500 0.090000 0.090000
4 0.685000 0.490000 0.090000 0.090000
1 0.875000 0.405000 0.090000 0.090000
1 0.210000 0.782500 0.090000 0.090000
1 0.335000 0.725000 0.090000 0.090000
0 0.397500 0.695000 0.090000 0.090000
2 0.460000 0.667500 0.090000 0.090000
2 0.902500 0.467500 0.090000 0.090000
