4 0.143750 0.276250 0.072500 0.072500
4 0.308750 0.336250 0.072500 0.072500
2 0.526250 0.416250 0.072500 0.072500
4 0.636250 0.453750 0.072500 0.072500
4 0.691250 0.473750 0.072500 0.072500
4 0.853750 0.533750 0.072500 0.072500
1 0.123750 0.331250 0.072500 0.072500
4 0.233750 0.371250 0.072500 0.072500
4 0.451250 0.451250 0.072500 0.072500
4 0.506250 0.468750 0.072500 0.072500
4 0.561250 0.488750 0.072500 0.072500
4 0.616250 0.508750 0.072500 0.072500
4 0.781250 0.568750 0.072500 0.072500
1 0.836250 0.588750 0.072500 0.072500
4 0.888750 0.608750 0.072500 0.072500
1 0.103750 0.386250 0.072500 0.072500
1 0.158750 0.406250 0.072500 0.072500
2 0.213750 0.426250 0.072500 0.072500
1 0.268750 0.446250 0.072500 0.072500
2 0.323750 0.466250 0.072500 0.072500
1 0.651250 0.583750 0.072500 0.072500
1 0.816250 0.643750 0.072500 0.072500
0 0.083750 0.441250 0.072500 0.072500
2 0.138750 0.461250 0.072500 0.072500
1 0.468750 0.578750 0.072500 0.072500
2 0.796250 0.696250 0.072500 0.072500
4 0.851250 0.716250 0.072500 0.072500
