4 0.201250 0.308750 0.077500 0.077500
2 0.553750 0.361250 0.077500 0.077500
4 0.693750 0.381250 0.077500 0.077500
4 0.836250 0.401250 0.077500 0.077500
1 0.906250 0.411250 0.077500 0.077500
3 0.331250 0.401250 0.077500 0.077500
4 0.401250 0.411250 0.077500 0.077500
3 0.473750 0.421250 0.077500 0.077500
4 0.756250 0.461250 0.077500 0.077500
1 0.896250 0.481250 0.077500 0.077500
0 0.108750 0.438750 0.077500 0.077500
2 0.178750 0.451250 0.077500 0.077500
2 0.321250 0.471250 0.077500 0.077500
2 0.391250 0.481250 0.077500 0.077500
0 0.603750 0.511250 0.077500 0.077500
4 0.673750 0.521250 0.077500 0.077500
1 0.743750 0.531250 0.077500 0.077500
2 0.816250 0.543750 0.077500 0.077500
4 0.098750 0.511250 0.077500 0.077500
1 0.311250 0.541250 0.077500 0.077500
4 0.381250 0.551250 0.077500 0.077500
4 0.593750 0.583750 0.077500 0.077500
4 0.876250 0.623750 0.077500 0.077500
4 0.158750 0.591250 0.077500 0.077500
4 0.371250 0.621250 0.077500 0.077500
1 0.441250 0.633750 0.077500 0.077500
3 0.723750 0.673750 0.077500 0.077500
1 0.793750 0.683750 0.077500 0.077500
