3 0.296250 0.351250 0.067500 0.067500
2 0.351250 0.366250 0.067500 0.067500
4 0.406250 0.381250 0.067500 0.067500
4 0.463750 0.396250 0.067500 0.067500
1 0.518750 0.411250 0.067500 0.067500
3 0.573750 0.428750 0.067500 0.067500
1 0.743750 0.473750 0.067500 0.067500
3 0.798750 0.488750 0.067500 0.067500
3 0.911250 0.518750 0.067500 0.067500
2 0.168750 0.378750 0.067500 0.067500
4 0.448750 0.453750 0.067500 0.067500
0 0.503750 0.468750 0.067500 0.067500
3 0.728750 0.528750 0.067500 0.067500
4 0.783750 0.543750 0.067500 0.067500
1 0.208750 0.448750 0.067500 0.067500
1 0.266250 0.463750 0.067500 0.067500
3 0.376250 0.493750 0.067500 0.067500
1 0.488750 0.523750 0.067500 0.067500
4 0.601250 0.553750 0.067500 0.067500
1 0.768750 0.598750 0.067500 0.067500
0 0.823750 0.613750 0.067500 0.067500
4 0.881250 0.628750 0.067500 0.067500
1 0.081250 0.473750 0.067500 0.067500
4 0.306250 0.536250 0.067500 0.067500
3 0.361250 0.551250 0.067500 0.067500
1 0.473750 0.581250 0.067500 0.067500
2 0.641250 0.626250 0.067500 0.067500
1 0.808750 0.671250 0.067500 0.067500
2 0.866250 0.686250 0.067500 0.067500
