0 0.126250 0.303750 0.077500 0.077500
4 0.408750 0.341250 0.077500 0.077500
1 0.481250 0.351250 0.077500 0.077500
1 0.551250 0.358750 0.077500 0.077500
4 0.693750 0.378750 0.077500 0.077500
3 0.766250 0.386250 0.077500 0.077500
4 0.116250 0.376250 0.077500 0.077500
4 0.186250 0.383750 0.077500 0.077500
0 0.543750 0.431250 0.077500 0.077500
1 0.683750 0.448750 0.077500 0.077500
1 0.756250 0.458750 0.077500 0.077500
4 0.248750 0.463750 0.077500 0.077500
3 0.603750 0.511250 0.077500 0.077500
4 0.746250 0.528750 0.077500 0.077500
1 0.098750 0.516250 0.077500 0.077500
4 0.168750 0.526250 0.077500 0.077500
2 0.311250 0.543750 0.077500 0.077500
4 0.596250 0.581250 0.077500 0.077500
0 0.738750 0.598750 0.077500 0.077500
2 0.516250 0.643750 0.077500 0.077500
