1 0.345000 0.300000 0.090000 0.090000
3 0.430000 0.290000 0.090000 0.090000
0 0.515000 0.282500 0.090000 0.090000
1 0.767500 0.252500 0.090000 0.090000
4 0.850000 0.242500 0.090000 0.090000
1 0.272500 0.395000 0.090000 0.090000
0 0.440000 0.375000 0.090000 0.090000
1 0.607500 0.355000 0.090000 0.090000
4 0.692500 0.345000 0.090000 0.090000
4 0.777500 0.337500 0.090000 0.090000
1 0.197500 0.487500 0.090000 0.090000
2 0.282500 0.477500 0.090000 0.090000
4 0.450000 0.460000 0.090000 0.090000
4 0.532500 0.450000 0.090000 0.090000
4 0.785000 0.420000 0.090000 0.090000
4 0.290000 0.562500 0.090000 0.090000
4 0.375000 0.552500 0.090000 0.090000
4 0.542500 0.532500 0.090000 0.090000
4 0.795000 0.505000 0.090000 0.090000
4 0.300000 0.647500 0.090000 0.090000
3 0.467500 0.627500 0.090000 0.090000
4 0.647500 0.692500 0.090000 0.090000
