1 0.140000 0.567500 0.075000 0.075000
1 0.245000 0.517500 0.075000 0.075000
2 0.300000 0.492500 0.075000 0.075000
1 0.352500 0.467500 0.075000 0.075000
4 0.405000 0.442500 0.075000 0.075000
4 0.725000 0.295000 0.075000 0.075000
4 0.780000 0.270000 0.075000 0.075000
1 0.110000 0.645000 0.075000 0.075000
4 0.217500 0.595000 0.075000 0.075000
1 0.377500 0.520000 0.075000 0.075000
2 0.430000 0.495000 0.075000 0.075000
4 0.485000 0.470000 0.075000 0.075000
1 0.590000 0.422500 0.075000 0.075000
0 0.697500 0.372500 0.075000 0.075000
1 0.190000 0.672500 0.075000 0.075000
2 0.242500 0.647500 0.075000 0.075000
4 0.455000 0.550000 0.075000 0.075000
4 0.775000 0.400000 0.075000 0.075000
4 0.215000 0.727500 0.075000 0.075000
4 0.267500 0.702500 0.075000 0.075000
4 0.480000 0.602500 0.075000 0.075000
1 0.535000 0.577500 0.075000 0.075000
1 0.640000 0.527500 0.075000 0.075000
1 0.695000 0.502500 0.075000 0.075000
1 0.855000 0.430000 0.075000 0.075000
