4 0.096250 0.363750 0.092500 0.092500
3 0.176250 0.348750 0.092500 0.092500
2 0.418750 0.301250 0.092500 0.092500
2 0.578750 0.271250 0.092500 0.092500
0 0.661250 0.256250 0.092500 0.092500
3 0.271250 0.413750 0.092500 0.092500
1 0.513750 0.368750 0.092500 0.092500
4 0.593750 0.353750 0.092500 0.092500
3 0.676250 0.338750 0.092500 0.092500
1 0.756250 0.321250 0.092500 0.092500
4 0.206250 0.508750 0.092500 0.092500
1 0.368750 0.478750 0.092500 0.092500
4 0.448750 0.463750 0.092500 0.092500
2 0.691250 0.418750 0.092500 0.092500
4 0.851250 0.388750 0.092500 0.092500
1 0.141250 0.606250 0.092500 0.092500
1 0.543750 0.528750 0.092500 0.092500
3 0.626250 0.513750 0.092500 0.092500
1 0.706250 0.498750 0.092500 0.092500
4 0.316250 0.656250 0.092500 0.092500
4 0.721250 0.578750 0.092500 0.092500
2 0.883750 0.548750 0.092500 0.092500
1 0.171250 0.766250 0.092500 0.092500
1 0.493750 0.706250 0.092500 0.092500
3 0.816250 0.646250 0.092500 0.092500
4 0.898750 0.631250 0.092500 0.092500
