2 0.121250 0.311250 0.077500 0.077500
1 0.191250 0.318750 0.077500 0.077500
1 0.336250 0.336250 0.077500 0.077500
4 0.548750 0.358750 0.077500 0.077500
2 0.836250 0.391250 0.077500 0.077500
1 0.908750 0.398750 0.077500 0.077500
3 0.256250 0.398750 0.077500 0.077500
1 0.326250 0.406250 0.077500 0.077500
1 0.398750 0.413750 0.077500 0.077500
2 0.756250 0.453750 0.077500 0.077500
4 0.901250 0.471250 0.077500 0.077500
4 0.103750 0.453750 0.077500 0.077500
2 0.176250 0.463750 0.077500 0.077500
4 0.463750 0.493750 0.077500 0.077500
1 0.533750 0.501250 0.077500 0.077500
2 0.606250 0.511250 0.077500 0.077500
1 0.676250 0.518750 0.077500 0.077500
2 0.821250 0.533750 0.077500 0.077500
4 0.238750 0.541250 0.077500 0.077500
1 0.311250 0.551250 0.077500 0.077500
4 0.383750 0.558750 0.077500 0.077500
1 0.526250 0.573750 0.077500 0.077500
4 0.598750 0.581250 0.077500 0.077500
4 0.161250 0.606250 0.077500 0.077500
4 0.231250 0.613750 0.077500 0.077500
1 0.518750 0.646250 0.077500 0.077500
2 0.591250 0.653750 0.077500 0.077500
4 0.733750 0.668750 0.077500 0.077500
4 0.803750 0.676250 0.077500 0.077500
4 0.876250 0.686250 0.077500 0.077500
