2 0.158750 0.371250 0.062500 0.062500
0 0.273750 0.383750 0.062500 0.062500
0 0.506250 0.411250 0.062500 0.062500
4 0.563750 0.416250 0.062500 0.062500
2 0.623750 0.423750 0.062500 0.062500
2 0.798750 0.443750 0.062500 0.062500
4 0.208750 0.436250 0.062500 0.062500
3 0.326250 0.448750 0.062500 0.062500
3 0.383750 0.456250 0.062500 0.062500
3 0.441250 0.461250 0.062500 0.062500
4 0.558750 0.476250 0.062500 0.062500
1 0.733750 0.496250 0.062500 0.062500
1 0.908750 0.516250 0.062500 0.062500
4 0.376250 0.513750 0.062500 0.062500
3 0.493750 0.526250 0.062500 0.062500
3 0.843750 0.566250 0.062500 0.062500
2 0.901250 0.573750 0.062500 0.062500
3 0.138750 0.546250 0.062500 0.062500
1 0.196250 0.551250 0.062500 0.062500
4 0.253750 0.558750 0.062500 0.062500
1 0.311250 0.566250 0.062500 0.062500
3 0.428750 0.578750 0.062500 0.062500
4 0.546250 0.591250 0.062500 0.062500
2 0.778750 0.618750 0.062500 0.062500
2 0.836250 0.626250 0.062500 0.062500
