1 0.171250 0.223750 0.077500 0.077500
1 0.433750 0.363750 0.077500 0.077500
1 0.486250 0.391250 0.077500 0.077500
4 0.538750 0.418750 0.077500 0.077500
3 0.906250 0.611250 0.077500 0.077500
3 0.143750 0.278750 0.077500 0.077500
1 0.248750 0.333750 0.077500 0.077500
1 0.353750 0.388750 0.077500 0.077500
4 0.563750 0.498750 0.077500 0.077500
1 0.668750 0.553750 0.077500 0.077500
2 0.168750 0.358750 0.077500 0.077500
0 0.378750 0.468750 0.077500 0.077500
4 0.431250 0.496250 0.077500 0.077500
2 0.483750 0.523750 0.077500 0.077500
4 0.746250 0.661250 0.077500 0.077500
2 0.298750 0.493750 0.077500 0.077500
1 0.351250 0.521250 0.077500 0.077500
4 0.456250 0.576250 0.077500 0.077500
4 0.508750 0.603750 0.077500 0.077500
1 0.613750 0.658750 0.077500 0.077500
1 0.718750 0.713750 0.077500 0.077500
0 0.823750 0.768750 0.077500 0.077500
