3 0.311250 0.448750 0.067500 0.067500
1 0.423750 0.423750 0.067500 0.067500
2 0.763750 0.351250 0.067500 0.067500
4 0.096250 0.553750 0.067500 0.067500
1 0.151250 0.541250 0.067500 0.067500
0 0.208750 0.528750 0.067500 0.067500
4 0.266250 0.518750 0.067500 0.067500
1 0.378750 0.493750 0.067500 0.067500
4 0.493750 0.468750 0.067500 0.067500
1 0.548750 0.456250 0.067500 0.067500
2 0.776250 0.408750 0.067500 0.067500
1 0.888750 0.383750 0.067500 0.067500
1 0.108750 0.611250 0.067500 0.067500
4 0.278750 0.573750 0.067500 0.067500
1 0.448750 0.538750 0.067500 0.067500
4 0.618750 0.501250 0.067500 0.067500
0 0.731250 0.476250 0.067500 0.067500
2 0.843750 0.453750 0.067500 0.067500
1 0.291250 0.631250 0.067500 0.067500
1 0.403750 0.606250 0.067500 0.067500
4 0.516250 0.581250 0.067500 0.067500
3 0.631250 0.558750 0.067500 0.067500
2 0.801250 0.521250 0.067500 0.067500
0 0.856250 0.508750 0.067500 0.067500
