1 0.172500 0.420000 0.100000 0.100000
2 0.387500 0.332500 0.100000 0.100000
2 0.747500 0.185000 0.100000 0.100000
4 0.202500 0.492500 0.100000 0.100000
2 0.275000 0.462500 0.100000 0.100000
4 0.345000 0.435000 0.100000 0.100000
4 0.562500 0.345000 0.100000 0.100000
0 0.635000 0.315000 0.100000 0.100000
1 0.707500 0.285000 0.100000 0.100000
2 0.375000 0.505000 0.100000 0.100000
0 0.592500 0.417500 0.100000 0.100000
4 0.735000 0.357500 0.100000 0.100000
1 0.807500 0.327500 0.100000 0.100000
4 0.190000 0.667500 0.100000 0.100000
2 0.262500 0.637500 0.100000 0.100000
3 0.405000 0.577500 0.100000 0.100000
1 0.550000 0.517500 0.100000 0.100000
4 0.765000 0.430000 0.100000 0.100000
4 0.837500 0.400000 0.100000 0.100000
1 0.220000 0.740000 0.100000 0.100000
0 0.290000 0.710000 0.100000 0.100000
2 0.435000 0.650000 0.100000 0.100000
0 0.507500 0.620000 0.100000 0.100000
4 0.652500 0.560000 0.100000 0.100000
1 0.320000 0.782500 0.100000 0.100000
4 0.392500 0.752500 0.100000 0.100000
4 0.465000 0.722500 0.100000 0.100000
1 0.610000 0.662500 0.100000 0.100000
1 0.680000 0.632500 0.100000 0.100000
2 0.752500 0.602500 0.100000 0.100000
4 0.825000 0.572500 0.100000 0.100000
