1 0.291250 0.226250 0.097500 0.097500
0 0.518750 0.296250 0.097500 0.097500
0 0.593750 0.321250 0.097500 0.097500
2 0.821250 0.391250 0.097500 0.097500
4 0.896250 0.413750 0.097500 0.097500
1 0.191250 0.278750 0.097500 0.097500
1 0.266250 0.303750 0.097500 0.097500
4 0.343750 0.326250 0.097500 0.097500
2 0.646250 0.418750 0.097500 0.097500
2 0.721250 0.443750 0.097500 0.097500
1 0.873750 0.488750 0.097500 0.097500
4 0.168750 0.356250 0.097500 0.097500
4 0.243750 0.378750 0.097500 0.097500
4 0.471250 0.448750 0.097500 0.097500
0 0.698750 0.518750 0.097500 0.097500
2 0.143750 0.431250 0.097500 0.097500
3 0.221250 0.453750 0.097500 0.097500
4 0.371250 0.501250 0.097500 0.097500
2 0.523750 0.548750 0.097500 0.097500
4 0.598750 0.571250 0.097500 0.097500
2 0.826250 0.641250 0.097500 0.097500
1 0.121250 0.508750 0.097500 0.097500
4 0.196250 0.531250 0.097500 0.097500
1 0.273750 0.553750 0.097500 0.097500
3 0.423750 0.601250 0.097500 0.097500
4 0.651250 0.671250 0.097500 0.097500
4 0.098750 0.583750 0.097500 0.097500
1 0.476250 0.701250 0.097500 0.097500
2 0.553750 0.723750 0.097500 0.097500
2 0.781250 0.793750 0.097500 0.097500
