0 0.153750 0.273750 0.082500 0.082500
0 0.428750 0.338750 0.082500 0.082500
0 0.496250 0.353750 0.082500 0.082500
4 0.633750 0.386250 0.082500 0.082500
2 0.838750 0.433750 0.082500 0.082500
1 0.906250 0.448750 0.082500 0.082500
1 0.206250 0.358750 0.082500 0.082500
2 0.276250 0.373750 0.082500 0.082500
2 0.481250 0.421250 0.082500 0.082500
3 0.616250 0.453750 0.082500 0.082500
4 0.821250 0.501250 0.082500 0.082500
4 0.123750 0.411250 0.082500 0.082500
4 0.258750 0.443750 0.082500 0.082500
0 0.601250 0.521250 0.082500 0.082500
4 0.873750 0.586250 0.082500 0.082500
4 0.176250 0.496250 0.082500 0.082500
1 0.243750 0.511250 0.082500 0.082500
2 0.311250 0.526250 0.082500 0.082500
1 0.381250 0.543750 0.082500 0.082500
4 0.516250 0.573750 0.082500 0.082500
2 0.791250 0.638750 0.082500 0.082500
2 0.858750 0.653750 0.082500 0.082500
4 0.091250 0.548750 0.082500 0.082500
4 0.158750 0.563750 0.082500 0.082500
0 0.228750 0.578750 0.082500 0.082500
1 0.296250 0.596250 0.082500 0.082500
4 0.363750 0.611250 0.082500 0.082500
4 0.433750 0.626250 0.082500 0.082500
3 0.568750 0.658750 0.082500 0.082500
0 0.638750 0.673750 0.082500 0.082500
