2 0.408750 0.271250 0.092500 0.092500
4 0.491250 0.286250 0.092500 0.092500
4 0.571250 0.298750 0.092500 0.092500
1 0.736250 0.328750 0.092500 0.092500
0 0.898750 0.356250 0.092500 0.092500
4 0.151250 0.311250 0.092500 0.092500
3 0.313750 0.338750 0.092500 0.092500
1 0.136250 0.393750 0.092500 0.092500
0 0.298750 0.421250 0.092500 0.092500
1 0.381250 0.436250 0.092500 0.092500
1 0.463750 0.448750 0.092500 0.092500
2 0.543750 0.463750 0.092500 0.092500
1 0.788750 0.503750 0.092500 0.092500
1 0.123750 0.476250 0.092500 0.092500
0 0.203750 0.488750 0.092500 0.092500
2 0.286250 0.503750 0.092500 0.092500
4 0.693750 0.571250 0.092500 0.092500
1 0.856250 0.598750 0.092500 0.092500
4 0.271250 0.583750 0.092500 0.092500
1 0.436250 0.611250 0.092500 0.092500
4 0.096250 0.638750 0.092500 0.092500
4 0.176250 0.651250 0.092500 0.092500
0 0.338750 0.678750 0.092500 0.092500
1 0.421250 0.693750 0.092500 0.092500
4 0.503750 0.708750 0.092500 0.092500
1 0.666250 0.736250 0.092500 0.092500
0 0.748750 0.748750 0.092500 0.092500
