1 0.432500 0.412500 0.060000 0.060000
4 0.610000 0.402500 0.060000 0.060000
2 0.787500 0.392500 0.060000 0.060000
2 0.845000 0.390000 0.060000 0.060000
3 0.905000 0.385000 0.060000 0.060000
4 0.082500 0.492500 0.060000 0.060000
4 0.260000 0.482500 0.060000 0.060000
2 0.730000 0.455000 0.060000 0.060000
2 0.850000 0.447500 0.060000 0.060000
0 0.907500 0.445000 0.060000 0.060000
2 0.145000 0.547500 0.060000 0.060000
4 0.322500 0.537500 0.060000 0.060000
2 0.380000 0.535000 0.060000 0.060000
0 0.440000 0.530000 0.060000 0.060000
1 0.497500 0.527500 0.060000 0.060000
3 0.557500 0.525000 0.060000 0.060000
2 0.617500 0.520000 0.060000 0.060000
1 0.852500 0.507500 0.060000 0.060000
0 0.147500 0.607500 0.060000 0.060000
1 0.265000 0.600000 0.060000 0.060000
4 0.325000 0.597500 0.060000 0.060000
2 0.442500 0.590000 0.060000 0.060000
4 0.620000 0.580000 0.060000 0.060000
4 0.737500 0.572500 0.060000 0.060000
4 0.797500 0.570000 0.060000 0.060000
1 0.915000 0.562500 0.060000 0.060000
