1 0.086250 0.563750 0.072500 0.072500
4 0.628750 0.351250 0.072500 0.072500
0 0.161250 0.596250 0.072500 0.072500
2 0.216250 0.576250 0.072500 0.072500
2 0.433750 0.491250 0.072500 0.072500
3 0.651250 0.406250 0.072500 0.072500
1 0.291250 0.608750 0.072500 0.072500
3 0.346250 0.586250 0.072500 0.072500
4 0.398750 0.566250 0.072500 0.072500
4 0.453750 0.543750 0.072500 0.072500
1 0.563750 0.503750 0.072500 0.072500
1 0.726250 0.438750 0.072500 0.072500
0 0.833750 0.396250 0.072500 0.072500
3 0.148750 0.726250 0.072500 0.072500
4 0.203750 0.706250 0.072500 0.072500
2 0.258750 0.683750 0.072500 0.072500
0 0.421250 0.621250 0.072500 0.072500
1 0.476250 0.598750 0.072500 0.072500
4 0.528750 0.578750 0.072500 0.072500
4 0.583750 0.556250 0.072500 0.072500
0 0.856250 0.451250 0.072500 0.072500
