1 0.145000 0.242500 0.090000 0.090000
4 0.227500 0.252500 0.090000 0.090000
1 0.312500 0.262500 0.090000 0.090000
4 0.397500 0.272500 0.090000 0.090000
2 0.647500 0.302500 0.090000 0.090000
3 0.900000 0.330000 0.090000 0.090000
4 0.135000 0.325000 0.090000 0.090000
4 0.302500 0.345000 0.090000 0.090000
4 0.555000 0.375000 0.090000 0.090000
1 0.637500 0.385000 0.090000 0.090000
1 0.722500 0.395000 0.090000 0.090000
2 0.805000 0.405000 0.090000 0.090000
0 0.125000 0.410000 0.090000 0.090000
1 0.207500 0.420000 0.090000 0.090000
2 0.292500 0.430000 0.090000 0.090000
3 0.627500 0.470000 0.090000 0.090000
2 0.712500 0.480000 0.090000 0.090000
0 0.200000 0.502500 0.090000 0.090000
4 0.787500 0.572500 0.090000 0.090000
1 0.870000 0.582500 0.090000 0.090000
1 0.190000 0.587500 0.090000 0.090000
1 0.272500 0.597500 0.090000 0.090000
1 0.357500 0.607500 0.090000 0.090000
4 0.525000 0.627500 0.090000 0.090000
4 0.777500 0.657500 0.090000 0.090000
1 0.095000 0.662500 0.090000 0.090000
4 0.180000 0.672500 0.090000 0.090000
3 0.430000 0.702500 0.090000 0.090000
2 0.767500 0.740000 0.090000 0.090000
