0 0.145000 0.242500 0.090000 0.090000
1 0.230000 0.252500 0.090000 0.090000
0 0.565000 0.292500 0.090000 0.090000
4 0.647500 0.302500 0.090000 0.090000
1 0.732500 0.312500 0.090000 0.090000
3 0.815000 0.322500 0.090000 0.090000
4 0.220000 0.335000 0.090000 0.090000
2 0.637500 0.385000 0.090000 0.090000
4 0.722500 0.395000 0.090000 0.090000
4 0.805000 0.405000 0.090000 0.090000
1 0.377500 0.440000 0.090000 0.090000
4 0.460000 0.450000 0.090000 0.090000
4 0.627500 0.470000 0.090000 0.090000
3 0.795000 0.490000 0.090000 0.090000
1 0.200000 0.502500 0.090000 0.090000
4 0.282500 0.512500 0.090000 0.090000
1 0.535000 0.542500 0.090000 0.090000
4 0.617500 0.552500 0.090000 0.090000
1 0.785000 0.572500 0.090000 0.090000
4 0.190000 0.587500 0.090000 0.090000
2 0.272500 0.597500 0.090000 0.090000
4 0.525000 0.627500 0.090000 0.090000
1 0.095000 0.660000 0.090000 0.090000
1 0.180000 0.670000 0.090000 0.090000
2 0.262500 0.680000 0.090000 0.090000
