2 0.195000 0.530000 0.075000 0.075000
3 0.302500 0.485000 0.075000 0.075000
1 0.732500 0.302500 0.075000 0.075000
2 0.325000 0.537500 0.075000 0.075000
1 0.377500 0.515000 0.075000 0.075000
4 0.595000 0.425000 0.075000 0.075000
4 0.647500 0.402500 0.075000 0.075000
3 0.755000 0.357500 0.075000 0.075000
1 0.240000 0.637500 0.075000 0.075000
1 0.400000 0.570000 0.075000 0.075000
3 0.507500 0.525000 0.075000 0.075000
4 0.725000 0.435000 0.075000 0.075000
4 0.777500 0.410000 0.075000 0.075000
3 0.832500 0.387500 0.075000 0.075000
1 0.155000 0.737500 0.075000 0.075000
2 0.315000 0.667500 0.075000 0.075000
4 0.692500 0.510000 0.075000 0.075000
0 0.747500 0.487500 0.075000 0.075000
1 0.855000 0.442500 0.075000 0.075000
4 0.907500 0.420000 0.075000 0.075000
