4 0.230000 0.355000 0.065000 0.065000
1 0.287500 0.367500 0.065000 0.065000
4 0.342500 0.377500 0.065000 0.065000
4 0.400000 0.390000 0.065000 0.065000
2 0.627500 0.432500 0.065000 0.065000
1 0.685000 0.445000 0.065000 0.065000
1 0.742500 0.455000 0.065000 0.065000
1 0.800000 0.465000 0.065000 0.065000
4 0.912500 0.487500 0.065000 0.065000
1 0.105000 0.390000 0.065000 0.065000
0 0.217500 0.412500 0.065000 0.065000
0 0.332500 0.435000 0.065000 0.065000
1 0.845000 0.535000 0.065000 0.065000
4 0.322500 0.492500 0.065000 0.065000
0 0.720000 0.570000 0.065000 0.065000
4 0.892500 0.602500 0.065000 0.065000
1 0.082500 0.505000 0.065000 0.065000
4 0.140000 0.515000 0.065000 0.065000
0 0.252500 0.537500 0.065000 0.065000
1 0.537500 0.592500 0.065000 0.065000
0 0.822500 0.647500 0.065000 0.065000
1 0.880000 0.660000 0.065000 0.065000
