1 0.145000 0.242500 0.090000 0.090000
4 0.732500 0.310000 0.090000 0.090000
1 0.815000 0.320000 0.090000 0.090000
2 0.135000 0.327500 0.090000 0.090000
1 0.302500 0.345000 0.090000 0.090000
3 0.470000 0.365000 0.090000 0.090000
2 0.555000 0.375000 0.090000 0.090000
2 0.722500 0.395000 0.090000 0.090000
1 0.807500 0.405000 0.090000 0.090000
4 0.377500 0.440000 0.090000 0.090000
2 0.460000 0.450000 0.090000 0.090000
4 0.627500 0.470000 0.090000 0.090000
4 0.797500 0.487500 0.090000 0.090000
4 0.197500 0.505000 0.090000 0.090000
1 0.535000 0.542500 0.090000 0.090000
1 0.272500 0.597500 0.090000 0.090000
1 0.357500 0.607500 0.090000 0.090000
4 0.440000 0.617500 0.090000 0.090000
1 0.610000 0.637500 0.090000 0.090000
4 0.860000 0.667500 0.090000 0.090000
2 0.180000 0.672500 0.090000 0.090000
0 0.347500 0.692500 0.090000 0.090000
1 0.600000 0.720000 0.090000 0.090000
0 0.682500 0.730000 0.090000 0.090000
3 0.852500 0.750000 0.090000 0.090000
