1 0.310000 0.290000 0.085000 0.085000
4 0.572500 0.375000 0.085000 0.085000
1 0.640000 0.397500 0.085000 0.085000
4 0.770000 0.440000 0.085000 0.085000
3 0.837500 0.462500 0.085000 0.085000
0 0.222500 0.335000 0.085000 0.085000
3 0.617500 0.462500 0.085000 0.085000
1 0.750000 0.505000 0.085000 0.085000
1 0.200000 0.400000 0.085000 0.085000
4 0.397500 0.465000 0.085000 0.085000
1 0.465000 0.487500 0.085000 0.085000
1 0.530000 0.507500 0.085000 0.085000
4 0.595000 0.530000 0.085000 0.085000
2 0.662500 0.550000 0.085000 0.085000
0 0.727500 0.572500 0.085000 0.085000
1 0.860000 0.615000 0.085000 0.085000
0 0.112500 0.445000 0.085000 0.085000
0 0.177500 0.467500 0.085000 0.085000
4 0.245000 0.487500 0.085000 0.085000
0 0.310000 0.510000 0.085000 0.085000
2 0.377500 0.530000 0.085000 0.085000
4 0.442500 0.552500 0.085000 0.085000
4 0.507500 0.572500 0.085000 0.085000
1 0.575000 0.595000 0.085000 0.085000
1 0.640000 0.617500 0.085000 0.085000
1 0.157500 0.532500 0.085000 0.085000
4 0.222500 0.555000 0.085000 0.085000
0 0.420000 0.617500 0.085000 0.085000
1 0.552500 0.660000 0.085000 0.085000
0 0.620000 0.682500 0.085000 0.085000
4 0.685000 0.705000 0.085000 0.085000
0 0.750000 0.725000 0.085000 0.085000
0 0.817500 0.747500 0.085000 0.085000
