4 0.160000 0.377500 0.075000 0.075000
4 0.305000 0.365000 0.075000 0.075000
2 0.377500 0.360000 0.075000 0.075000
2 0.522500 0.350000 0.075000 0.075000
4 0.670000 0.340000 0.075000 0.075000
4 0.742500 0.335000 0.075000 0.075000
4 0.815000 0.327500 0.075000 0.075000
1 0.887500 0.322500 0.075000 0.075000
1 0.237500 0.442500 0.075000 0.075000
1 0.382500 0.432500 0.075000 0.075000
1 0.455000 0.427500 0.075000 0.075000
4 0.747500 0.407500 0.075000 0.075000
4 0.097500 0.527500 0.075000 0.075000
4 0.680000 0.485000 0.075000 0.075000
4 0.467500 0.572500 0.075000 0.075000
2 0.107500 0.672500 0.075000 0.075000
2 0.255000 0.662500 0.075000 0.075000
4 0.327500 0.657500 0.075000 0.075000
1 0.400000 0.650000 0.075000 0.075000
1 0.472500 0.645000 0.075000 0.075000
0 0.545000 0.640000 0.075000 0.075000
4 0.617500 0.635000 0.075000 0.075000
1 0.835000 0.620000 0.075000 0.075000
