1 0.096250 0.556250 0.092500 0.092500
1 0.156250 0.523750 0.092500 0.092500
1 0.768750 0.193750 0.092500 0.092500
4 0.128750 0.616250 0.092500 0.092500
0 0.251250 0.551250 0.092500 0.092500
1 0.373750 0.486250 0.092500 0.092500
1 0.221250 0.646250 0.092500 0.092500
4 0.283750 0.613750 0.092500 0.092500
2 0.343750 0.578750 0.092500 0.092500
4 0.466250 0.513750 0.092500 0.092500
2 0.528750 0.481250 0.092500 0.092500
3 0.588750 0.448750 0.092500 0.092500
2 0.711250 0.381250 0.092500 0.092500
4 0.833750 0.316250 0.092500 0.092500
2 0.256250 0.706250 0.092500 0.092500
1 0.316250 0.673750 0.092500 0.092500
1 0.376250 0.641250 0.092500 0.092500
1 0.498750 0.576250 0.092500 0.092500
1 0.471250 0.668750 0.092500 0.092500
4 0.656250 0.571250 0.092500 0.092500
