2 0.237500 0.410000 0.100000 0.100000
1 0.307500 0.375000 0.100000 0.100000
1 0.377500 0.342500 0.100000 0.100000
1 0.445000 0.307500 0.100000 0.100000
4 0.652500 0.205000 0.100000 0.100000
1 0.722500 0.170000 0.100000 0.100000
1 0.272500 0.480000 0.100000 0.100000
4 0.342500 0.445000 0.100000 0.100000
3 0.410000 0.410000 0.100000 0.100000
2 0.480000 0.377500 0.100000 0.100000
0 0.550000 0.342500 0.100000 0.100000
4 0.617500 0.307500 0.100000 0.100000
1 0.167500 0.617500 0.100000 0.100000
4 0.375000 0.515000 0.100000 0.100000
4 0.652500 0.377500 0.100000 0.100000
1 0.792500 0.310000 0.100000 0.100000
4 0.410000 0.585000 0.100000 0.100000
1 0.617500 0.480000 0.100000 0.100000
1 0.757500 0.412500 0.100000 0.100000
1 0.445000 0.652500 0.100000 0.100000
1 0.582500 0.585000 0.100000 0.100000
1 0.652500 0.550000 0.100000 0.100000
1 0.720000 0.517500 0.100000 0.100000
3 0.790000 0.482500 0.100000 0.100000
4 0.477500 0.722500 0.100000 0.100000
1 0.825000 0.552500 0.100000 0.100000
