4 0.096250 0.348750 0.092500 0.092500
1 0.423750 0.298750 0.092500 0.092500
3 0.671250 0.261250 0.092500 0.092500
1 0.836250 0.236250 0.092500 0.092500
4 0.108750 0.431250 0.092500 0.092500
1 0.848750 0.318750 0.092500 0.092500
1 0.121250 0.513750 0.092500 0.092500
4 0.283750 0.488750 0.092500 0.092500
1 0.366250 0.476250 0.092500 0.092500
4 0.613750 0.438750 0.092500 0.092500
3 0.133750 0.596250 0.092500 0.092500
4 0.216250 0.583750 0.092500 0.092500
1 0.461250 0.546250 0.092500 0.092500
1 0.626250 0.521250 0.092500 0.092500
3 0.791250 0.496250 0.092500 0.092500
3 0.228750 0.666250 0.092500 0.092500
4 0.311250 0.653750 0.092500 0.092500
1 0.473750 0.628750 0.092500 0.092500
2 0.721250 0.591250 0.092500 0.092500
1 0.323750 0.736250 0.092500 0.092500
1 0.486250 0.711250 0.092500 0.092500
4 0.651250 0.686250 0.092500 0.092500
