2 0.160000 0.250000 0.075000 0.075000
4 0.212500 0.275000 0.075000 0.075000
1 0.372500 0.347500 0.075000 0.075000
1 0.480000 0.395000 0.075000 0.075000
1 0.535000 0.417500 0.075000 0.075000
1 0.910000 0.585000 0.075000 0.075000
4 0.187500 0.327500 0.075000 0.075000
1 0.457500 0.447500 0.075000 0.075000
2 0.562500 0.495000 0.075000 0.075000
4 0.832500 0.615000 0.075000 0.075000
1 0.885000 0.637500 0.075000 0.075000
2 0.112500 0.357500 0.075000 0.075000
4 0.165000 0.382500 0.075000 0.075000
4 0.272500 0.430000 0.075000 0.075000
1 0.380000 0.477500 0.075000 0.075000
4 0.487500 0.525000 0.075000 0.075000
3 0.592500 0.572500 0.075000 0.075000
1 0.647500 0.597500 0.075000 0.075000
4 0.807500 0.667500 0.075000 0.075000
1 0.140000 0.435000 0.075000 0.075000
4 0.355000 0.530000 0.075000 0.075000
1 0.570000 0.625000 0.075000 0.075000
1 0.730000 0.697500 0.075000 0.075000
0 0.785000 0.722500 0.075000 0.075000
