1 0.098750 0.438750 0.097500 0.097500
0 0.463750 0.301250 0.097500 0.097500
4 0.538750 0.273750 0.097500 0.097500
0 0.611250 0.246250 0.097500 0.097500
2 0.758750 0.191250 0.097500 0.097500
3 0.126250 0.511250 0.097500 0.097500
4 0.271250 0.456250 0.097500 0.097500
4 0.491250 0.373750 0.097500 0.097500
1 0.711250 0.291250 0.097500 0.097500
0 0.446250 0.473750 0.097500 0.097500
1 0.518750 0.446250 0.097500 0.097500
1 0.666250 0.393750 0.097500 0.097500
4 0.181250 0.658750 0.097500 0.097500
4 0.253750 0.631250 0.097500 0.097500
4 0.401250 0.576250 0.097500 0.097500
1 0.546250 0.521250 0.097500 0.097500
1 0.621250 0.493750 0.097500 0.097500
4 0.693750 0.466250 0.097500 0.097500
0 0.353750 0.676250 0.097500 0.097500
4 0.721250 0.538750 0.097500 0.097500
0 0.793750 0.511250 0.097500 0.097500
4 0.233750 0.803750 0.097500 0.097500
2 0.381250 0.751250 0.097500 0.097500
2 0.456250 0.723750 0.097500 0.097500
1 0.748750 0.613750 0.097500 0.097500
1 0.821250 0.586250 0.097500 0.097500
1 0.896250 0.558750 0.097500 0.097500
