1 0.228750 0.193750 0.097500 0.097500
1 0.376250 0.246250 0.097500 0.097500
4 0.598750 0.323750 0.097500 0.097500
4 0.821250 0.403750 0.097500 0.097500
1 0.351250 0.321250 0.097500 0.097500
2 0.646250 0.423750 0.097500 0.097500
1 0.721250 0.451250 0.097500 0.097500
4 0.871250 0.503750 0.097500 0.097500
4 0.323750 0.393750 0.097500 0.097500
3 0.546250 0.473750 0.097500 0.097500
3 0.696250 0.526250 0.097500 0.097500
1 0.298750 0.468750 0.097500 0.097500
1 0.373750 0.493750 0.097500 0.097500
1 0.446250 0.521250 0.097500 0.097500
1 0.596250 0.573750 0.097500 0.097500
2 0.668750 0.598750 0.097500 0.097500
3 0.743750 0.626250 0.097500 0.097500
4 0.818750 0.651250 0.097500 0.097500
3 0.123750 0.491250 0.097500 0.097500
2 0.198750 0.516250 0.097500 0.097500
1 0.271250 0.543750 0.097500 0.097500
1 0.568750 0.646250 0.097500 0.097500
3 0.716250 0.698750 0.097500 0.097500
2 0.246250 0.616250 0.097500 0.097500
4 0.321250 0.643750 0.097500 0.097500
3 0.468750 0.696250 0.097500 0.097500
