4 0.083750 0.563750 0.072500 0.072500
4 0.193750 0.521250 0.072500 0.072500
1 0.248750 0.498750 0.072500 0.072500
2 0.518750 0.393750 0.072500 0.072500
1 0.628750 0.351250 0.072500 0.072500
4 0.681250 0.331250 0.072500 0.072500
1 0.736250 0.308750 0.072500 0.072500
4 0.846250 0.266250 0.072500 0.072500
1 0.213750 0.576250 0.072500 0.072500
0 0.431250 0.491250 0.072500 0.072500
4 0.541250 0.448750 0.072500 0.072500
0 0.648750 0.406250 0.072500 0.072500
0 0.703750 0.386250 0.072500 0.072500
1 0.866250 0.321250 0.072500 0.072500
3 0.288750 0.608750 0.072500 0.072500
4 0.506250 0.523750 0.072500 0.072500
1 0.561250 0.503750 0.072500 0.072500
4 0.671250 0.461250 0.072500 0.072500
2 0.778750 0.418750 0.072500 0.072500
2 0.833750 0.396250 0.072500 0.072500
4 0.148750 0.726250 0.072500 0.072500
1 0.691250 0.513750 0.072500 0.072500
4 0.746250 0.493750 0.072500 0.072500
4 0.853750 0.451250 0.072500 0.072500
