1 0.156250 0.496250 0.087500 0.087500
1 0.411250 0.383750 0.087500 0.087500
3 0.473750 0.356250 0.087500 0.087500
2 0.728750 0.246250 0.087500 0.087500
2 0.791250 0.218750 0.087500 0.087500
2 0.121250 0.586250 0.087500 0.087500
3 0.248750 0.531250 0.087500 0.087500
2 0.438750 0.448750 0.087500 0.087500
1 0.566250 0.393750 0.087500 0.087500
4 0.818750 0.281250 0.087500 0.087500
1 0.338750 0.566250 0.087500 0.087500
4 0.466250 0.511250 0.087500 0.087500
4 0.593750 0.456250 0.087500 0.087500
4 0.656250 0.428750 0.087500 0.087500
4 0.783750 0.373750 0.087500 0.087500
1 0.493750 0.573750 0.087500 0.087500
4 0.621250 0.518750 0.087500 0.087500
4 0.873750 0.408750 0.087500 0.087500
1 0.268750 0.748750 0.087500 0.087500
2 0.393750 0.693750 0.087500 0.087500
3 0.521250 0.638750 0.087500 0.087500
4 0.773750 0.528750 0.087500 0.087500
4 0.838750 0.501250 0.087500 0.087500
