1 0.155000 0.260000 0.075000 0.075000
2 0.207500 0.282500 0.075000 0.075000
0 0.262500 0.305000 0.075000 0.075000
1 0.317500 0.327500 0.075000 0.075000
4 0.425000 0.372500 0.075000 0.075000
1 0.585000 0.440000 0.075000 0.075000
1 0.802500 0.527500 0.075000 0.075000
4 0.855000 0.550000 0.075000 0.075000
1 0.347500 0.402500 0.075000 0.075000
4 0.402500 0.425000 0.075000 0.075000
4 0.455000 0.447500 0.075000 0.075000
4 0.565000 0.492500 0.075000 0.075000
4 0.725000 0.560000 0.075000 0.075000
3 0.780000 0.582500 0.075000 0.075000
1 0.110000 0.367500 0.075000 0.075000
0 0.380000 0.480000 0.075000 0.075000
4 0.487500 0.525000 0.075000 0.075000
0 0.757500 0.635000 0.075000 0.075000
4 0.812500 0.657500 0.075000 0.075000
1 0.087500 0.422500 0.075000 0.075000
4 0.142500 0.445000 0.075000 0.075000
4 0.195000 0.467500 0.075000 0.075000
1 0.250000 0.490000 0.075000 0.075000
1 0.302500 0.512500 0.075000 0.075000
4 0.520000 0.600000 0.075000 0.075000
3 0.735000 0.690000 0.075000 0.075000
4 0.790000 0.712500 0.075000 0.075000
1 0.842500 0.735000 0.075000 0.075000
