4 0.205000 0.210000 0.095000 0.095000
0 0.512500 0.295000 0.095000 0.095000
4 0.590000 0.315000 0.095000 0.095000
2 0.820000 0.380000 0.095000 0.095000
0 0.897500 0.400000 0.095000 0.095000
2 0.337500 0.330000 0.095000 0.095000
1 0.415000 0.350000 0.095000 0.095000
0 0.492500 0.372500 0.095000 0.095000
2 0.645000 0.415000 0.095000 0.095000
4 0.722500 0.435000 0.095000 0.095000
2 0.877500 0.477500 0.095000 0.095000
1 0.162500 0.362500 0.095000 0.095000
4 0.392500 0.427500 0.095000 0.095000
0 0.470000 0.447500 0.095000 0.095000
3 0.547500 0.470000 0.095000 0.095000
4 0.777500 0.535000 0.095000 0.095000
4 0.855000 0.555000 0.095000 0.095000
1 0.372500 0.505000 0.095000 0.095000
2 0.525000 0.547500 0.095000 0.095000
0 0.120000 0.517500 0.095000 0.095000
3 0.195000 0.540000 0.095000 0.095000
4 0.427500 0.602500 0.095000 0.095000
4 0.657500 0.667500 0.095000 0.095000
2 0.812500 0.710000 0.095000 0.095000
1 0.175000 0.615000 0.095000 0.095000
4 0.482500 0.700000 0.095000 0.095000
1 0.560000 0.722500 0.095000 0.095000
