4 0.173750 0.391250 0.097500 0.097500
1 0.551250 0.273750 0.097500 0.097500
2 0.628750 0.251250 0.097500 0.097500
2 0.121250 0.491250 0.097500 0.097500
1 0.273750 0.443750 0.097500 0.097500
1 0.348750 0.421250 0.097500 0.097500
4 0.576250 0.348750 0.097500 0.097500
4 0.143750 0.566250 0.097500 0.097500
4 0.296250 0.518750 0.097500 0.097500
4 0.448750 0.473750 0.097500 0.097500
4 0.598750 0.426250 0.097500 0.097500
4 0.826250 0.353750 0.097500 0.097500
4 0.168750 0.641250 0.097500 0.097500
2 0.243750 0.618750 0.097500 0.097500
4 0.623750 0.501250 0.097500 0.097500
0 0.851250 0.431250 0.097500 0.097500
4 0.343750 0.671250 0.097500 0.097500
4 0.493750 0.623750 0.097500 0.097500
4 0.646250 0.576250 0.097500 0.097500
4 0.798750 0.531250 0.097500 0.097500
1 0.873750 0.506250 0.097500 0.097500
4 0.216250 0.793750 0.097500 0.097500
4 0.366250 0.746250 0.097500 0.097500
1 0.443750 0.723750 0.097500 0.097500
2 0.518750 0.698750 0.097500 0.097500
0 0.668750 0.653750 0.097500 0.097500
1 0.746250 0.628750 0.097500 0.097500
4 0.821250 0.606250 0.097500 0.097500
1 0.896250 0.581250 0.097500 0.097500
