0 0.080000 0.475000 0.065000 0.065000
4 0.310000 0.437500 0.065000 0.065000
0 0.367500 0.430000 0.065000 0.065000
2 0.542500 0.402500 0.065000 0.065000
1 0.600000 0.392500 0.065000 0.065000
2 0.715000 0.375000 0.065000 0.065000
4 0.772500 0.365000 0.065000 0.065000
4 0.830000 0.357500 0.065000 0.065000
2 0.887500 0.347500 0.065000 0.065000
1 0.262500 0.505000 0.065000 0.065000
4 0.607500 0.450000 0.065000 0.065000
4 0.665000 0.442500 0.065000 0.065000
4 0.722500 0.432500 0.065000 0.065000
2 0.100000 0.590000 0.065000 0.065000
2 0.272500 0.562500 0.065000 0.065000
4 0.387500 0.545000 0.065000 0.065000
2 0.502500 0.525000 0.065000 0.065000
1 0.675000 0.500000 0.065000 0.065000
4 0.790000 0.480000 0.065000 0.065000
1 0.847500 0.472500 0.065000 0.065000
0 0.395000 0.602500 0.065000 0.065000
4 0.452500 0.592500 0.065000 0.065000
4 0.510000 0.582500 0.065000 0.065000
4 0.567500 0.575000 0.065000 0.065000
1 0.682500 0.557500 0.065000 0.065000
2 0.797500 0.537500 0.065000 0.065000
1 0.912500 0.520000 0.065000 0.065000
