1 0.172500 0.335000 0.075000 0.075000
4 0.690000 0.357500 0.075000 0.075000
4 0.762500 0.360000 0.075000 0.075000
4 0.910000 0.367500 0.075000 0.075000
0 0.317500 0.415000 0.075000 0.075000
2 0.612500 0.427500 0.075000 0.075000
3 0.832500 0.437500 0.075000 0.075000
3 0.315000 0.490000 0.075000 0.075000
3 0.462500 0.495000 0.075000 0.075000
4 0.535000 0.500000 0.075000 0.075000
4 0.610000 0.502500 0.075000 0.075000
4 0.682500 0.505000 0.075000 0.075000
4 0.755000 0.507500 0.075000 0.075000
1 0.830000 0.512500 0.075000 0.075000
1 0.902500 0.515000 0.075000 0.075000
1 0.090000 0.552500 0.075000 0.075000
2 0.312500 0.562500 0.075000 0.075000
2 0.457500 0.570000 0.075000 0.075000
4 0.532500 0.572500 0.075000 0.075000
1 0.605000 0.575000 0.075000 0.075000
4 0.827500 0.585000 0.075000 0.075000
4 0.235000 0.632500 0.075000 0.075000
1 0.455000 0.642500 0.075000 0.075000
3 0.530000 0.645000 0.075000 0.075000
4 0.602500 0.650000 0.075000 0.075000
2 0.677500 0.652500 0.075000 0.075000
3 0.750000 0.655000 0.075000 0.075000
