0 0.111250 0.261250 0.087500 0.087500
1 0.286250 0.268750 0.087500 0.087500
2 0.636250 0.283750 0.087500 0.087500
4 0.723750 0.288750 0.087500 0.087500
4 0.901250 0.296250 0.087500 0.087500
2 0.108750 0.348750 0.087500 0.087500
1 0.283750 0.356250 0.087500 0.087500
0 0.458750 0.363750 0.087500 0.087500
0 0.721250 0.376250 0.087500 0.087500
0 0.808750 0.378750 0.087500 0.087500
1 0.191250 0.441250 0.087500 0.087500
0 0.453750 0.451250 0.087500 0.087500
3 0.541250 0.456250 0.087500 0.087500
2 0.891250 0.471250 0.087500 0.087500
1 0.188750 0.528750 0.087500 0.087500
1 0.538750 0.543750 0.087500 0.087500
4 0.626250 0.546250 0.087500 0.087500
1 0.096250 0.611250 0.087500 0.087500
4 0.271250 0.618750 0.087500 0.087500
4 0.533750 0.631250 0.087500 0.087500
2 0.621250 0.633750 0.087500 0.087500
4 0.796250 0.641250 0.087500 0.087500
1 0.091250 0.698750 0.087500 0.087500
1 0.443750 0.713750 0.087500 0.087500
3 0.793750 0.731250 0.087500 0.087500
