0 0.456250 0.273750 0.097500 0.097500
3 0.603750 0.328750 0.097500 0.097500
0 0.748750 0.381250 0.097500 0.097500
2 0.823750 0.408750 0.097500 0.097500
2 0.896250 0.436250 0.097500 0.097500
1 0.208750 0.266250 0.097500 0.097500
3 0.281250 0.291250 0.097500 0.097500
4 0.428750 0.346250 0.097500 0.097500
4 0.501250 0.373750 0.097500 0.097500
2 0.796250 0.483750 0.097500 0.097500
4 0.868750 0.511250 0.097500 0.097500
3 0.181250 0.338750 0.097500 0.097500
1 0.253750 0.366250 0.097500 0.097500
4 0.473750 0.448750 0.097500 0.097500
1 0.548750 0.473750 0.097500 0.097500
4 0.153750 0.411250 0.097500 0.097500
1 0.301250 0.466250 0.097500 0.097500
2 0.521250 0.548750 0.097500 0.097500
0 0.593750 0.576250 0.097500 0.097500
0 0.816250 0.656250 0.097500 0.097500
1 0.126250 0.486250 0.097500 0.097500
3 0.421250 0.593750 0.097500 0.097500
4 0.566250 0.648750 0.097500 0.097500
4 0.713750 0.703750 0.097500 0.097500
4 0.173750 0.586250 0.097500 0.097500
4 0.246250 0.613750 0.097500 0.097500
4 0.318750 0.641250 0.097500 0.097500
