1 0.141250 0.546250 0.072500 0.072500
2 0.248750 0.503750 0.072500 0.072500
2 0.356250 0.458750 0.072500 0.072500
1 0.411250 0.436250 0.072500 0.072500
2 0.736250 0.306250 0.072500 0.072500
4 0.843750 0.261250 0.072500 0.072500
2 0.108750 0.623750 0.072500 0.072500
4 0.216250 0.578750 0.072500 0.072500
4 0.271250 0.556250 0.072500 0.072500
1 0.378750 0.513750 0.072500 0.072500
1 0.486250 0.468750 0.072500 0.072500
4 0.541250 0.446250 0.072500 0.072500
2 0.811250 0.338750 0.072500 0.072500
0 0.183750 0.653750 0.072500 0.072500
2 0.238750 0.633750 0.072500 0.072500
4 0.291250 0.611250 0.072500 0.072500
1 0.346250 0.588750 0.072500 0.072500
4 0.616250 0.478750 0.072500 0.072500
4 0.671250 0.458750 0.072500 0.072500
2 0.778750 0.413750 0.072500 0.072500
4 0.886250 0.371250 0.072500 0.072500
1 0.151250 0.731250 0.072500 0.072500
4 0.206250 0.708750 0.072500 0.072500
2 0.261250 0.686250 0.072500 0.072500
4 0.531250 0.578750 0.072500 0.072500
2 0.746250 0.488750 0.072500 0.072500
1 0.801250 0.468750 0.072500 0.072500
1 0.908750 0.423750 0.072500 0.072500
