1 0.168750 0.256250 0.082500 0.082500
3 0.436250 0.333750 0.082500 0.082500
3 0.568750 0.371250 0.082500 0.082500
3 0.636250 0.391250 0.082500 0.082500
1 0.771250 0.431250 0.082500 0.082500
0 0.836250 0.448750 0.082500 0.082500
1 0.216250 0.341250 0.082500 0.082500
4 0.348750 0.381250 0.082500 0.082500
1 0.751250 0.496250 0.082500 0.082500
4 0.818750 0.516250 0.082500 0.082500
4 0.883750 0.536250 0.082500 0.082500
0 0.128750 0.388750 0.082500 0.082500
1 0.196250 0.408750 0.082500 0.082500
1 0.396250 0.466250 0.082500 0.082500
1 0.463750 0.486250 0.082500 0.082500
1 0.176250 0.476250 0.082500 0.082500
4 0.311250 0.513750 0.082500 0.082500
4 0.443750 0.553750 0.082500 0.082500
4 0.511250 0.573750 0.082500 0.082500
1 0.778750 0.651250 0.082500 0.082500
3 0.158750 0.543750 0.082500 0.082500
4 0.223750 0.561250 0.082500 0.082500
4 0.291250 0.581250 0.082500 0.082500
2 0.426250 0.621250 0.082500 0.082500
3 0.626250 0.678750 0.082500 0.082500
0 0.693750 0.698750 0.082500 0.082500
