4 0.227500 0.407500 0.080000 0.080000
4 0.365000 0.380000 0.080000 0.080000
4 0.435000 0.365000 0.080000 0.080000
4 0.505000 0.352500 0.080000 0.080000
2 0.572500 0.337500 0.080000 0.080000
4 0.642500 0.325000 0.080000 0.080000
0 0.712500 0.310000 0.080000 0.080000
4 0.240000 0.475000 0.080000 0.080000
4 0.310000 0.462500 0.080000 0.080000
4 0.587500 0.407500 0.080000 0.080000
1 0.795000 0.365000 0.080000 0.080000
4 0.115000 0.572500 0.080000 0.080000
4 0.185000 0.557500 0.080000 0.080000
1 0.322500 0.530000 0.080000 0.080000
1 0.462500 0.502500 0.080000 0.080000
4 0.600000 0.475000 0.080000 0.080000
4 0.670000 0.462500 0.080000 0.080000
4 0.740000 0.447500 0.080000 0.080000
4 0.267500 0.615000 0.080000 0.080000
1 0.545000 0.560000 0.080000 0.080000
4 0.682500 0.532500 0.080000 0.080000
4 0.822500 0.505000 0.080000 0.080000
1 0.142500 0.710000 0.080000 0.080000
4 0.282500 0.682500 0.080000 0.080000
1 0.350000 0.670000 0.080000 0.080000
1 0.420000 0.655000 0.080000 0.080000
2 0.490000 0.642500 0.080000 0.080000
1 0.560000 0.627500 0.080000 0.080000
4 0.697500 0.600000 0.080000 0.080000
4 0.767500 0.587500 0.080000 0.080000
0 0.835000 0.572500 0.080000 0.080000
