1 0.093750 0.503750 0.087500 0.087500
2 0.158750 0.478750 0.087500 0.087500
4 0.353750 0.406250 0.087500 0.087500
4 0.546250 0.331250 0.087500 0.087500
2 0.741250 0.258750 0.087500 0.087500
1 0.118750 0.568750 0.087500 0.087500
1 0.248750 0.518750 0.087500 0.087500
1 0.376250 0.471250 0.087500 0.087500
2 0.441250 0.446250 0.087500 0.087500
1 0.506250 0.421250 0.087500 0.087500
1 0.766250 0.323750 0.087500 0.087500
0 0.143750 0.633750 0.087500 0.087500
0 0.208750 0.608750 0.087500 0.087500
4 0.336250 0.561250 0.087500 0.087500
4 0.401250 0.536250 0.087500 0.087500
4 0.466250 0.511250 0.087500 0.087500
2 0.723750 0.413750 0.087500 0.087500
1 0.853750 0.363750 0.087500 0.087500
0 0.426250 0.601250 0.087500 0.087500
2 0.491250 0.576250 0.087500 0.087500
1 0.556250 0.551250 0.087500 0.087500
4 0.621250 0.526250 0.087500 0.087500
2 0.683750 0.501250 0.087500 0.087500
1 0.748750 0.476250 0.087500 0.087500
2 0.191250 0.763750 0.087500 0.087500
2 0.321250 0.713750 0.087500 0.087500
4 0.386250 0.688750 0.087500 0.087500
4 0.581250 0.616250 0.087500 0.087500
3 0.773750 0.541250 0.087500 0.087500
4 0.838750 0.516250 0.087500 0.087500
