1 0.205000 0.262500 0.090000 0.090000
1 0.290000 0.267500 0.090000 0.090000
0 0.465000 0.277500 0.090000 0.090000
1 0.640000 0.287500 0.090000 0.090000
4 0.815000 0.295000 0.090000 0.090000
2 0.287500 0.355000 0.090000 0.090000
3 0.460000 0.365000 0.090000 0.090000
1 0.635000 0.372500 0.090000 0.090000
4 0.810000 0.382500 0.090000 0.090000
1 0.897500 0.387500 0.090000 0.090000
2 0.370000 0.447500 0.090000 0.090000
0 0.102500 0.520000 0.090000 0.090000
1 0.190000 0.525000 0.090000 0.090000
1 0.365000 0.535000 0.090000 0.090000
0 0.452500 0.537500 0.090000 0.090000
1 0.537500 0.542500 0.090000 0.090000
0 0.800000 0.557500 0.090000 0.090000
0 0.887500 0.562500 0.090000 0.090000
2 0.097500 0.607500 0.090000 0.090000
2 0.360000 0.620000 0.090000 0.090000
2 0.620000 0.635000 0.090000 0.090000
1 0.707500 0.640000 0.090000 0.090000
1 0.795000 0.645000 0.090000 0.090000
4 0.882500 0.650000 0.090000 0.090000
1 0.180000 0.700000 0.090000 0.090000
0 0.442500 0.712500 0.090000 0.090000
1 0.790000 0.732500 0.090000 0.090000
