4 0.161250 0.351250 0.072500 0.072500
1 0.308750 0.348750 0.072500 0.072500
1 0.383750 0.348750 0.072500 0.072500
1 0.608750 0.346250 0.072500 0.072500
4 0.683750 0.346250 0.072500 0.072500
4 0.756250 0.343750 0.072500 0.072500
4 0.831250 0.343750 0.072500 0.072500
2 0.906250 0.343750 0.072500 0.072500
4 0.161250 0.426250 0.072500 0.072500
4 0.236250 0.423750 0.072500 0.072500
1 0.311250 0.423750 0.072500 0.072500
4 0.386250 0.423750 0.072500 0.072500
2 0.533750 0.421250 0.072500 0.072500
4 0.608750 0.421250 0.072500 0.072500
4 0.683750 0.421250 0.072500 0.072500
4 0.833750 0.418750 0.072500 0.072500
2 0.906250 0.418750 0.072500 0.072500
2 0.236250 0.498750 0.072500 0.072500
1 0.311250 0.498750 0.072500 0.072500
4 0.461250 0.496250 0.072500 0.072500
2 0.536250 0.496250 0.072500 0.072500
2 0.683750 0.493750 0.072500 0.072500
1 0.833750 0.493750 0.072500 0.072500
1 0.908750 0.491250 0.072500 0.072500
0 0.163750 0.573750 0.072500 0.072500
1 0.238750 0.573750 0.072500 0.072500
1 0.386250 0.571250 0.072500 0.072500
1 0.536250 0.571250 0.072500 0.072500
4 0.686250 0.568750 0.072500 0.072500
4 0.758750 0.568750 0.072500 0.072500
4 0.833750 0.568750 0.072500 0.072500
4 0.088750 0.651250 0.072500 0.072500
4 0.313750 0.648750 0.072500 0.072500
0 0.536250 0.646250 0.072500 0.072500
4 0.611250 0.643750 0.072500 0.072500
1 0.686250 0.643750 0.072500 0.072500
