0 0.126250 0.301250 0.077500 0.077500
4 0.268750 0.321250 0.077500 0.077500
0 0.411250 0.341250 0.077500 0.077500
0 0.481250 0.351250 0.077500 0.077500
1 0.551250 0.358750 0.077500 0.077500
0 0.623750 0.368750 0.077500 0.077500
4 0.763750 0.388750 0.077500 0.077500
4 0.833750 0.398750 0.077500 0.077500
1 0.188750 0.381250 0.077500 0.077500
4 0.258750 0.391250 0.077500 0.077500
3 0.401250 0.411250 0.077500 0.077500
2 0.471250 0.421250 0.077500 0.077500
2 0.541250 0.431250 0.077500 0.077500
4 0.683750 0.451250 0.077500 0.077500
0 0.896250 0.481250 0.077500 0.077500
1 0.248750 0.461250 0.077500 0.077500
2 0.461250 0.491250 0.077500 0.077500
1 0.743750 0.531250 0.077500 0.077500
4 0.886250 0.551250 0.077500 0.077500
1 0.168750 0.523750 0.077500 0.077500
4 0.381250 0.551250 0.077500 0.077500
1 0.451250 0.561250 0.077500 0.077500
2 0.733750 0.601250 0.077500 0.077500
3 0.806250 0.611250 0.077500 0.077500
4 0.086250 0.583750 0.077500 0.077500
4 0.653750 0.663750 0.077500 0.077500
1 0.723750 0.673750 0.077500 0.077500
1 0.866250 0.693750 0.077500 0.077500
