1 0.300000 0.350000 0.070000 0.070000
1 0.465000 0.397500 0.070000 0.070000
2 0.522500 0.415000 0.070000 0.070000
4 0.910000 0.530000 0.070000 0.070000
4 0.117500 0.355000 0.070000 0.070000
4 0.282500 0.405000 0.070000 0.070000
2 0.337500 0.422500 0.070000 0.070000
2 0.450000 0.455000 0.070000 0.070000
2 0.505000 0.470000 0.070000 0.070000
4 0.617500 0.502500 0.070000 0.070000
4 0.837500 0.570000 0.070000 0.070000
1 0.155000 0.427500 0.070000 0.070000
2 0.210000 0.445000 0.070000 0.070000
4 0.267500 0.460000 0.070000 0.070000
1 0.377500 0.492500 0.070000 0.070000
0 0.490000 0.525000 0.070000 0.070000
4 0.767500 0.607500 0.070000 0.070000
4 0.822500 0.625000 0.070000 0.070000
4 0.362500 0.550000 0.070000 0.070000
1 0.805000 0.680000 0.070000 0.070000
