4 0.358750 0.196250 0.102500 0.102500
1 0.426250 0.233750 0.102500 0.102500
1 0.761250 0.423750 0.102500 0.102500
4 0.253750 0.226250 0.102500 0.102500
4 0.453750 0.338750 0.102500 0.102500
1 0.656250 0.453750 0.102500 0.102500
3 0.723750 0.491250 0.102500 0.102500
0 0.791250 0.528750 0.102500 0.102500
4 0.856250 0.566250 0.102500 0.102500
1 0.216250 0.293750 0.102500 0.102500
2 0.751250 0.596250 0.102500 0.102500
4 0.513750 0.548750 0.102500 0.102500
1 0.578750 0.588750 0.102500 0.102500
3 0.646250 0.626250 0.102500 0.102500
4 0.781250 0.701250 0.102500 0.102500
1 0.341250 0.541250 0.102500 0.102500
1 0.608750 0.693750 0.102500 0.102500
0 0.676250 0.731250 0.102500 0.102500
4 0.743750 0.768750 0.102500 0.102500
2 0.101250 0.493750 0.102500 0.102500
1 0.168750 0.531250 0.102500 0.102500
4 0.436250 0.683750 0.102500 0.102500
0 0.503750 0.721250 0.102500 0.102500
4 0.571250 0.758750 0.102500 0.102500
0 0.638750 0.798750 0.102500 0.102500
4 0.706250 0.836250 0.102500 0.102500
