3 0.270000 0.235000 0.095000 0.095000
2 0.347500 0.255000 0.095000 0.095000
2 0.427500 0.272500 0.095000 0.095000
0 0.407500 0.352500 0.095000 0.095000
3 0.565000 0.390000 0.095000 0.095000
4 0.722500 0.427500 0.095000 0.095000
4 0.232500 0.392500 0.095000 0.095000
2 0.310000 0.412500 0.095000 0.095000
4 0.387500 0.430000 0.095000 0.095000
4 0.545000 0.467500 0.095000 0.095000
0 0.625000 0.487500 0.095000 0.095000
2 0.527500 0.547500 0.095000 0.095000
1 0.115000 0.530000 0.095000 0.095000
1 0.195000 0.550000 0.095000 0.095000
2 0.272500 0.570000 0.095000 0.095000
1 0.097500 0.610000 0.095000 0.095000
4 0.175000 0.627500 0.095000 0.095000
1 0.332500 0.667500 0.095000 0.095000
1 0.410000 0.685000 0.095000 0.095000
1 0.490000 0.705000 0.095000 0.095000
4 0.567500 0.722500 0.095000 0.095000
3 0.802500 0.780000 0.095000 0.095000
