1 0.270000 0.235000 0.095000 0.095000
1 0.897500 0.387500 0.095000 0.095000
4 0.172500 0.295000 0.095000 0.095000
1 0.487500 0.370000 0.095000 0.095000
4 0.642500 0.410000 0.095000 0.095000
4 0.877500 0.467500 0.095000 0.095000
1 0.155000 0.372500 0.095000 0.095000
0 0.310000 0.410000 0.095000 0.095000
4 0.390000 0.430000 0.095000 0.095000
2 0.625000 0.487500 0.095000 0.095000
2 0.702500 0.507500 0.095000 0.095000
2 0.135000 0.450000 0.095000 0.095000
2 0.292500 0.490000 0.095000 0.095000
1 0.370000 0.507500 0.095000 0.095000
2 0.447500 0.527500 0.095000 0.095000
1 0.605000 0.567500 0.095000 0.095000
1 0.682500 0.585000 0.095000 0.095000
1 0.762500 0.605000 0.095000 0.095000
1 0.840000 0.625000 0.095000 0.095000
1 0.430000 0.605000 0.095000 0.095000
4 0.820000 0.702500 0.095000 0.095000
1 0.175000 0.627500 0.095000 0.095000
2 0.332500 0.665000 0.095000 0.095000
4 0.410000 0.685000 0.095000 0.095000
4 0.567500 0.722500 0.095000 0.095000
1 0.645000 0.742500 0.095000 0.095000
2 0.802500 0.780000 0.095000 0.095000
