4 0.453750 0.331250 0.087500 0.087500
4 0.518750 0.356250 0.087500 0.087500
1 0.583750 0.383750 0.087500 0.087500
1 0.838750 0.488750 0.087500 0.087500
0 0.301250 0.341250 0.087500 0.087500
1 0.363750 0.368750 0.087500 0.087500
3 0.556250 0.446250 0.087500 0.087500
1 0.621250 0.473750 0.087500 0.087500
4 0.683750 0.498750 0.087500 0.087500
4 0.748750 0.526250 0.087500 0.087500
1 0.811250 0.551250 0.087500 0.087500
1 0.876250 0.578750 0.087500 0.087500
0 0.338750 0.431250 0.087500 0.087500
1 0.401250 0.458750 0.087500 0.087500
4 0.121250 0.418750 0.087500 0.087500
2 0.183750 0.443750 0.087500 0.087500
1 0.376250 0.523750 0.087500 0.087500
1 0.503750 0.576250 0.087500 0.087500
2 0.568750 0.601250 0.087500 0.087500
0 0.631250 0.628750 0.087500 0.087500
2 0.823750 0.706250 0.087500 0.087500
2 0.093750 0.481250 0.087500 0.087500
3 0.221250 0.533750 0.087500 0.087500
1 0.348750 0.586250 0.087500 0.087500
4 0.606250 0.691250 0.087500 0.087500
4 0.668750 0.718750 0.087500 0.087500
