3 0.180000 0.245000 0.085000 0.085000
1 0.377500 0.312500 0.085000 0.085000
1 0.442500 0.332500 0.085000 0.085000
4 0.507500 0.355000 0.085000 0.085000
1 0.705000 0.422500 0.085000 0.085000
1 0.290000 0.355000 0.085000 0.085000
4 0.355000 0.377500 0.085000 0.085000
4 0.420000 0.400000 0.085000 0.085000
1 0.815000 0.532500 0.085000 0.085000
1 0.135000 0.375000 0.085000 0.085000
0 0.202500 0.397500 0.085000 0.085000
2 0.267500 0.420000 0.085000 0.085000
0 0.332500 0.442500 0.085000 0.085000
2 0.397500 0.465000 0.085000 0.085000
3 0.465000 0.487500 0.085000 0.085000
1 0.530000 0.510000 0.085000 0.085000
1 0.792500 0.597500 0.085000 0.085000
4 0.857500 0.620000 0.085000 0.085000
1 0.112500 0.442500 0.085000 0.085000
2 0.245000 0.485000 0.085000 0.085000
4 0.375000 0.530000 0.085000 0.085000
3 0.572500 0.597500 0.085000 0.085000
2 0.640000 0.620000 0.085000 0.085000
4 0.705000 0.642500 0.085000 0.085000
2 0.835000 0.685000 0.085000 0.085000
1 0.287500 0.575000 0.085000 0.085000
1 0.355000 0.595000 0.085000 0.085000
4 0.550000 0.662500 0.085000 0.085000
4 0.682500 0.707500 0.085000 0.085000
