0 0.213750 0.383750 0.062500 0.062500
4 0.328750 0.396250 0.062500 0.062500
4 0.681250 0.426250 0.062500 0.062500
1 0.738750 0.431250 0.062500 0.062500
3 0.916250 0.446250 0.062500 0.062500
4 0.266250 0.448750 0.062500 0.062500
2 0.323750 0.453750 0.062500 0.062500
1 0.501250 0.468750 0.062500 0.062500
4 0.733750 0.491250 0.062500 0.062500
4 0.793750 0.496250 0.062500 0.062500
4 0.493750 0.528750 0.062500 0.062500
2 0.671250 0.543750 0.062500 0.062500
3 0.846250 0.558750 0.062500 0.062500
1 0.903750 0.563750 0.062500 0.062500
2 0.078750 0.548750 0.062500 0.062500
1 0.256250 0.566250 0.062500 0.062500
2 0.371250 0.576250 0.062500 0.062500
1 0.431250 0.581250 0.062500 0.062500
1 0.606250 0.596250 0.062500 0.062500
3 0.666250 0.601250 0.062500 0.062500
4 0.723750 0.606250 0.062500 0.062500
1 0.781250 0.613750 0.062500 0.062500
