1 0.096250 0.368750 0.092500 0.092500
0 0.256250 0.336250 0.092500 0.092500
4 0.336250 0.321250 0.092500 0.092500
4 0.496250 0.288750 0.092500 0.092500
1 0.576250 0.273750 0.092500 0.092500
4 0.656250 0.256250 0.092500 0.092500
0 0.111250 0.448750 0.092500 0.092500
1 0.191250 0.433750 0.092500 0.092500
0 0.271250 0.416250 0.092500 0.092500
0 0.431250 0.386250 0.092500 0.092500
1 0.673750 0.336250 0.092500 0.092500
1 0.368750 0.481250 0.092500 0.092500
3 0.448750 0.466250 0.092500 0.092500
0 0.528750 0.448750 0.092500 0.092500
1 0.688750 0.418750 0.092500 0.092500
4 0.768750 0.401250 0.092500 0.092500
1 0.848750 0.386250 0.092500 0.092500
0 0.543750 0.528750 0.092500 0.092500
4 0.623750 0.513750 0.092500 0.092500
2 0.786250 0.481250 0.092500 0.092500
1 0.561250 0.611250 0.092500 0.092500
2 0.881250 0.546250 0.092500 0.092500
4 0.173750 0.771250 0.092500 0.092500
3 0.256250 0.753750 0.092500 0.092500
4 0.416250 0.721250 0.092500 0.092500
3 0.736250 0.658750 0.092500 0.092500
4 0.816250 0.643750 0.092500 0.092500
1 0.898750 0.626250 0.092500 0.092500
