4 0.100000 0.485000 0.100000 0.100000
0 0.235000 0.415000 0.100000 0.100000
4 0.372500 0.342500 0.100000 0.100000
0 0.510000 0.272500 0.100000 0.100000
0 0.647500 0.200000 0.100000 0.100000
1 0.202500 0.517500 0.100000 0.100000
3 0.272500 0.482500 0.100000 0.100000
4 0.407500 0.412500 0.100000 0.100000
1 0.545000 0.340000 0.100000 0.100000
4 0.615000 0.305000 0.100000 0.100000
4 0.682500 0.270000 0.100000 0.100000
1 0.752500 0.232500 0.100000 0.100000
4 0.170000 0.622500 0.100000 0.100000
0 0.237500 0.587500 0.100000 0.100000
4 0.512500 0.445000 0.100000 0.100000
4 0.717500 0.337500 0.100000 0.100000
4 0.342500 0.620000 0.100000 0.100000
4 0.412500 0.585000 0.100000 0.100000
4 0.617500 0.477500 0.100000 0.100000
4 0.310000 0.722500 0.100000 0.100000
2 0.515000 0.617500 0.100000 0.100000
0 0.720000 0.510000 0.100000 0.100000
1 0.790000 0.475000 0.100000 0.100000
1 0.277500 0.827500 0.100000 0.100000
4 0.687500 0.615000 0.100000 0.100000
1 0.757500 0.580000 0.100000 0.100000
1 0.825000 0.542500 0.100000 0.100000
