0 0.096250 0.341250 0.092500 0.092500
0 0.178750 0.328750 0.092500 0.092500
0 0.343750 0.306250 0.092500 0.092500
4 0.428750 0.296250 0.092500 0.092500
0 0.676250 0.261250 0.092500 0.092500
1 0.188750 0.411250 0.092500 0.092500
2 0.273750 0.401250 0.092500 0.092500
2 0.356250 0.388750 0.092500 0.092500
0 0.118750 0.506250 0.092500 0.092500
0 0.201250 0.496250 0.092500 0.092500
4 0.451250 0.461250 0.092500 0.092500
1 0.616250 0.438750 0.092500 0.092500
0 0.698750 0.428750 0.092500 0.092500
1 0.128750 0.588750 0.092500 0.092500
4 0.793750 0.498750 0.092500 0.092500
1 0.876250 0.488750 0.092500 0.092500
3 0.141250 0.673750 0.092500 0.092500
4 0.388750 0.638750 0.092500 0.092500
1 0.473750 0.628750 0.092500 0.092500
2 0.556250 0.616250 0.092500 0.092500
0 0.638750 0.606250 0.092500 0.092500
4 0.721250 0.593750 0.092500 0.092500
4 0.233750 0.743750 0.092500 0.092500
1 0.483750 0.711250 0.092500 0.092500
2 0.566250 0.698750 0.092500 0.092500
1 0.651250 0.688750 0.092500 0.092500
2 0.816250 0.666250 0.092500 0.092500
4 0.898750 0.653750 0.092500 0.092500
