1 0.100000 0.462500 0.100000 0.100000
1 0.170000 0.430000 0.100000 0.100000
3 0.202500 0.502500 0.100000 0.100000
4 0.342500 0.440000 0.100000 0.100000
4 0.415000 0.407500 0.100000 0.100000
4 0.305000 0.542500 0.100000 0.100000
0 0.587500 0.415000 0.100000 0.100000
3 0.660000 0.385000 0.100000 0.100000
4 0.730000 0.352500 0.100000 0.100000
2 0.335000 0.612500 0.100000 0.100000
1 0.407500 0.580000 0.100000 0.100000
1 0.477500 0.550000 0.100000 0.100000
3 0.690000 0.455000 0.100000 0.100000
4 0.832500 0.392500 0.100000 0.100000
1 0.225000 0.745000 0.100000 0.100000
2 0.437500 0.652500 0.100000 0.100000
1 0.650000 0.557500 0.100000 0.100000
0 0.792500 0.495000 0.100000 0.100000
1 0.865000 0.462500 0.100000 0.100000
3 0.255000 0.817500 0.100000 0.100000
4 0.327500 0.785000 0.100000 0.100000
1 0.470000 0.722500 0.100000 0.100000
4 0.682500 0.630000 0.100000 0.100000
4 0.825000 0.565000 0.100000 0.100000
3 0.895000 0.535000 0.100000 0.100000
