4 0.172500 0.335000 0.075000 0.075000
1 0.245000 0.340000 0.075000 0.075000
4 0.615000 0.355000 0.075000 0.075000
1 0.687500 0.357500 0.075000 0.075000
1 0.760000 0.362500 0.075000 0.075000
4 0.095000 0.405000 0.075000 0.075000
4 0.170000 0.410000 0.075000 0.075000
1 0.242500 0.412500 0.075000 0.075000
4 0.390000 0.420000 0.075000 0.075000
1 0.537500 0.425000 0.075000 0.075000
4 0.757500 0.435000 0.075000 0.075000
3 0.092500 0.480000 0.075000 0.075000
4 0.165000 0.482500 0.075000 0.075000
2 0.312500 0.490000 0.075000 0.075000
1 0.387500 0.492500 0.075000 0.075000
1 0.460000 0.495000 0.075000 0.075000
4 0.535000 0.500000 0.075000 0.075000
0 0.607500 0.502500 0.075000 0.075000
2 0.680000 0.505000 0.075000 0.075000
4 0.902500 0.515000 0.075000 0.075000
1 0.162500 0.557500 0.075000 0.075000
1 0.237500 0.560000 0.075000 0.075000
4 0.310000 0.562500 0.075000 0.075000
2 0.530000 0.572500 0.075000 0.075000
1 0.605000 0.575000 0.075000 0.075000
1 0.825000 0.585000 0.075000 0.075000
1 0.900000 0.587500 0.075000 0.075000
2 0.380000 0.640000 0.075000 0.075000
1 0.455000 0.642500 0.075000 0.075000
0 0.527500 0.645000 0.075000 0.075000
1 0.895000 0.662500 0.075000 0.075000
