4 0.140000 0.245000 0.090000 0.090000
2 0.307500 0.265000 0.090000 0.090000
4 0.477500 0.282500 0.090000 0.090000
1 0.645000 0.300000 0.090000 0.090000
2 0.900000 0.327500 0.090000 0.090000
2 0.382500 0.357500 0.090000 0.090000
1 0.467500 0.367500 0.090000 0.090000
2 0.637500 0.385000 0.090000 0.090000
4 0.890000 0.412500 0.090000 0.090000
3 0.122500 0.415000 0.090000 0.090000
1 0.205000 0.422500 0.090000 0.090000
0 0.375000 0.442500 0.090000 0.090000
1 0.627500 0.470000 0.090000 0.090000
0 0.712500 0.477500 0.090000 0.090000
3 0.112500 0.497500 0.090000 0.090000
4 0.365000 0.525000 0.090000 0.090000
1 0.450000 0.535000 0.090000 0.090000
4 0.535000 0.545000 0.090000 0.090000
4 0.617500 0.552500 0.090000 0.090000
1 0.702500 0.562500 0.090000 0.090000
4 0.102500 0.582500 0.090000 0.090000
4 0.610000 0.637500 0.090000 0.090000
0 0.095000 0.667500 0.090000 0.090000
4 0.177500 0.677500 0.090000 0.090000
4 0.262500 0.685000 0.090000 0.090000
4 0.515000 0.712500 0.090000 0.090000
4 0.852500 0.750000 0.090000 0.090000
