2 0.336250 0.256250 0.092500 0.092500
1 0.656250 0.318750 0.092500 0.092500
2 0.738750 0.333750 0.092500 0.092500
1 0.818750 0.348750 0.092500 0.092500
0 0.238750 0.321250 0.092500 0.092500
2 0.401250 0.351250 0.092500 0.092500
4 0.641250 0.398750 0.092500 0.092500
2 0.721250 0.413750 0.092500 0.092500
4 0.803750 0.428750 0.092500 0.092500
1 0.883750 0.446250 0.092500 0.092500
2 0.223750 0.401250 0.092500 0.092500
4 0.303750 0.416250 0.092500 0.092500
1 0.466250 0.448750 0.092500 0.092500
1 0.546250 0.463750 0.092500 0.092500
4 0.626250 0.478750 0.092500 0.092500
3 0.288750 0.498750 0.092500 0.092500
1 0.368750 0.513750 0.092500 0.092500
0 0.448750 0.528750 0.092500 0.092500
2 0.771250 0.591250 0.092500 0.092500
2 0.111250 0.546250 0.092500 0.092500
2 0.191250 0.563750 0.092500 0.092500
1 0.273750 0.578750 0.092500 0.092500
2 0.513750 0.626250 0.092500 0.092500
3 0.596250 0.641250 0.092500 0.092500
1 0.676250 0.656250 0.092500 0.092500
2 0.756250 0.671250 0.092500 0.092500
4 0.836250 0.686250 0.092500 0.092500
2 0.338750 0.673750 0.092500 0.092500
1 0.418750 0.691250 0.092500 0.092500
0 0.741250 0.751250 0.092500 0.092500
4 0.821250 0.768750 0.092500 0.092500
