0 0.140000 0.480000 0.065000 0.065000
1 0.367500 0.435000 0.065000 0.065000
1 0.422500 0.422500 0.065000 0.065000
4 0.480000 0.410000 0.065000 0.065000
4 0.650000 0.377500 0.065000 0.065000
1 0.707500 0.365000 0.065000 0.065000
1 0.765000 0.352500 0.065000 0.065000
1 0.822500 0.342500 0.065000 0.065000
1 0.320000 0.502500 0.065000 0.065000
3 0.550000 0.457500 0.065000 0.065000
0 0.662500 0.432500 0.065000 0.065000
0 0.720000 0.422500 0.065000 0.065000
4 0.105000 0.605000 0.065000 0.065000
2 0.162500 0.592500 0.065000 0.065000
4 0.447500 0.537500 0.065000 0.065000
4 0.730000 0.480000 0.065000 0.065000
4 0.845000 0.455000 0.065000 0.065000
3 0.230000 0.640000 0.065000 0.065000
3 0.287500 0.627500 0.065000 0.065000
2 0.457500 0.592500 0.065000 0.065000
4 0.515000 0.582500 0.065000 0.065000
4 0.627500 0.557500 0.065000 0.065000
1 0.800000 0.525000 0.065000 0.065000
1 0.912500 0.502500 0.065000 0.065000
