1 0.147500 0.280000 0.080000 0.080000
4 0.217500 0.292500 0.080000 0.080000
1 0.285000 0.307500 0.080000 0.080000
1 0.355000 0.322500 0.080000 0.080000
4 0.560000 0.365000 0.080000 0.080000
4 0.630000 0.380000 0.080000 0.080000
4 0.700000 0.395000 0.080000 0.080000
4 0.905000 0.437500 0.080000 0.080000
1 0.202500 0.362500 0.080000 0.080000
4 0.547500 0.435000 0.080000 0.080000
0 0.685000 0.465000 0.080000 0.080000
4 0.187500 0.430000 0.080000 0.080000
4 0.462500 0.490000 0.080000 0.080000
4 0.532500 0.502500 0.080000 0.080000
0 0.600000 0.517500 0.080000 0.080000
2 0.740000 0.547500 0.080000 0.080000
1 0.807500 0.562500 0.080000 0.080000
4 0.877500 0.577500 0.080000 0.080000
4 0.105000 0.485000 0.080000 0.080000
2 0.172500 0.500000 0.080000 0.080000
2 0.242500 0.515000 0.080000 0.080000
1 0.450000 0.557500 0.080000 0.080000
2 0.517500 0.572500 0.080000 0.080000
4 0.655000 0.602500 0.080000 0.080000
2 0.725000 0.615000 0.080000 0.080000
0 0.862500 0.645000 0.080000 0.080000
1 0.090000 0.555000 0.080000 0.080000
1 0.297500 0.597500 0.080000 0.080000
0 0.435000 0.627500 0.080000 0.080000
2 0.502500 0.642500 0.080000 0.080000
1 0.572500 0.655000 0.080000 0.080000
2 0.710000 0.685000 0.080000 0.080000
