4 0.078750 0.456250 0.062500 0.062500
4 0.138750 0.448750 0.062500 0.062500
4 0.253750 0.436250 0.062500 0.062500
1 0.311250 0.428750 0.062500 0.062500
4 0.428750 0.416250 0.062500 0.062500
4 0.486250 0.408750 0.062500 0.062500
1 0.893750 0.363750 0.062500 0.062500
4 0.086250 0.513750 0.062500 0.062500
4 0.143750 0.508750 0.062500 0.062500
2 0.376250 0.481250 0.062500 0.062500
4 0.436250 0.473750 0.062500 0.062500
4 0.551250 0.461250 0.062500 0.062500
3 0.668750 0.448750 0.062500 0.062500
0 0.726250 0.441250 0.062500 0.062500
4 0.783750 0.433750 0.062500 0.062500
0 0.901250 0.421250 0.062500 0.062500
2 0.093750 0.573750 0.062500 0.062500
2 0.208750 0.558750 0.062500 0.062500
4 0.326250 0.546250 0.062500 0.062500
4 0.383750 0.538750 0.062500 0.062500
1 0.733750 0.498750 0.062500 0.062500
2 0.791250 0.491250 0.062500 0.062500
2 0.158750 0.623750 0.062500 0.062500
1 0.506250 0.583750 0.062500 0.062500
