4 0.730000 0.297500 0.090000 0.090000
1 0.815000 0.302500 0.090000 0.090000
1 0.902500 0.310000 0.090000 0.090000
4 0.117500 0.342500 0.090000 0.090000
3 0.377500 0.360000 0.090000 0.090000
4 0.722500 0.382500 0.090000 0.090000
0 0.895000 0.395000 0.090000 0.090000
1 0.112500 0.430000 0.090000 0.090000
3 0.200000 0.435000 0.090000 0.090000
1 0.285000 0.440000 0.090000 0.090000
4 0.457500 0.452500 0.090000 0.090000
3 0.107500 0.515000 0.090000 0.090000
1 0.192500 0.520000 0.090000 0.090000
3 0.280000 0.527500 0.090000 0.090000
1 0.452500 0.537500 0.090000 0.090000
1 0.537500 0.545000 0.090000 0.090000
4 0.712500 0.557500 0.090000 0.090000
2 0.187500 0.607500 0.090000 0.090000
4 0.272500 0.612500 0.090000 0.090000
4 0.360000 0.620000 0.090000 0.090000
2 0.447500 0.625000 0.090000 0.090000
0 0.532500 0.630000 0.090000 0.090000
1 0.095000 0.687500 0.090000 0.090000
1 0.612500 0.722500 0.090000 0.090000
4 0.785000 0.735000 0.090000 0.090000
1 0.872500 0.740000 0.090000 0.090000
