4 0.077500 0.440000 0.060000 0.060000
4 0.312500 0.422500 0.060000 0.060000
0 0.430000 0.415000 0.060000 0.060000
1 0.665000 0.395000 0.060000 0.060000
1 0.082500 0.500000 0.060000 0.060000
0 0.142500 0.495000 0.060000 0.060000
4 0.200000 0.490000 0.060000 0.060000
4 0.317500 0.482500 0.060000 0.060000
4 0.377500 0.477500 0.060000 0.060000
4 0.552500 0.465000 0.060000 0.060000
4 0.670000 0.455000 0.060000 0.060000
2 0.847500 0.442500 0.060000 0.060000
1 0.905000 0.437500 0.060000 0.060000
2 0.262500 0.545000 0.060000 0.060000
3 0.322500 0.540000 0.060000 0.060000
1 0.615000 0.517500 0.060000 0.060000
0 0.792500 0.505000 0.060000 0.060000
1 0.267500 0.602500 0.060000 0.060000
3 0.327500 0.600000 0.060000 0.060000
4 0.445000 0.590000 0.060000 0.060000
4 0.502500 0.585000 0.060000 0.060000
4 0.680000 0.572500 0.060000 0.060000
4 0.797500 0.562500 0.060000 0.060000
4 0.915000 0.555000 0.060000 0.060000
