1 0.188750 0.271250 0.087500 0.087500
4 0.368750 0.273750 0.087500 0.087500
1 0.456250 0.273750 0.087500 0.087500
1 0.636250 0.276250 0.087500 0.087500
4 0.901250 0.281250 0.087500 0.087500
4 0.188750 0.358750 0.087500 0.087500
1 0.276250 0.361250 0.087500 0.087500
1 0.366250 0.361250 0.087500 0.087500
1 0.543750 0.366250 0.087500 0.087500
4 0.633750 0.366250 0.087500 0.087500
4 0.098750 0.446250 0.087500 0.087500
1 0.453750 0.453750 0.087500 0.087500
4 0.631250 0.456250 0.087500 0.087500
4 0.363750 0.541250 0.087500 0.087500
2 0.453750 0.541250 0.087500 0.087500
1 0.096250 0.626250 0.087500 0.087500
1 0.273750 0.628750 0.087500 0.087500
2 0.361250 0.628750 0.087500 0.087500
1 0.451250 0.631250 0.087500 0.087500
2 0.541250 0.631250 0.087500 0.087500
1 0.628750 0.633750 0.087500 0.087500
3 0.808750 0.636250 0.087500 0.087500
4 0.183750 0.716250 0.087500 0.087500
4 0.361250 0.718750 0.087500 0.087500
2 0.538750 0.721250 0.087500 0.087500
2 0.628750 0.723750 0.087500 0.087500
1 0.896250 0.726250 0.087500 0.087500
