1 0.096250 0.343750 0.092500 0.092500
3 0.178750 0.331250 0.092500 0.092500
1 0.261250 0.321250 0.092500 0.092500
1 0.343750 0.308750 0.092500 0.092500
1 0.511250 0.283750 0.092500 0.092500
1 0.676250 0.261250 0.092500 0.092500
2 0.758750 0.248750 0.092500 0.092500
1 0.841250 0.236250 0.092500 0.092500
1 0.273750 0.403750 0.092500 0.092500
3 0.438750 0.378750 0.092500 0.092500
1 0.603750 0.356250 0.092500 0.092500
1 0.686250 0.343750 0.092500 0.092500
2 0.121250 0.508750 0.092500 0.092500
2 0.533750 0.448750 0.092500 0.092500
2 0.616250 0.438750 0.092500 0.092500
0 0.213750 0.581250 0.092500 0.092500
0 0.381250 0.556250 0.092500 0.092500
4 0.546250 0.533750 0.092500 0.092500
4 0.711250 0.508750 0.092500 0.092500
2 0.876250 0.486250 0.092500 0.092500
1 0.226250 0.663750 0.092500 0.092500
4 0.473750 0.626250 0.092500 0.092500
4 0.558750 0.616250 0.092500 0.092500
1 0.156250 0.758750 0.092500 0.092500
1 0.238750 0.746250 0.092500 0.092500
1 0.321250 0.733750 0.092500 0.092500
1 0.651250 0.686250 0.092500 0.092500
3 0.901250 0.651250 0.092500 0.092500
