1 0.088750 0.398750 0.077500 0.077500
1 0.661250 0.336250 0.077500 0.077500
4 0.803750 0.318750 0.077500 0.077500
1 0.876250 0.311250 0.077500 0.077500
3 0.168750 0.463750 0.077500 0.077500
2 0.238750 0.453750 0.077500 0.077500
3 0.311250 0.446250 0.077500 0.077500
3 0.453750 0.431250 0.077500 0.077500
1 0.741250 0.398750 0.077500 0.077500
1 0.103750 0.541250 0.077500 0.077500
4 0.391250 0.511250 0.077500 0.077500
1 0.676250 0.478750 0.077500 0.077500
1 0.748750 0.471250 0.077500 0.077500
1 0.113750 0.613750 0.077500 0.077500
0 0.398750 0.581250 0.077500 0.077500
1 0.471250 0.573750 0.077500 0.077500
4 0.541250 0.566250 0.077500 0.077500
0 0.828750 0.533750 0.077500 0.077500
2 0.191250 0.678750 0.077500 0.077500
4 0.406250 0.653750 0.077500 0.077500
4 0.763750 0.613750 0.077500 0.077500
4 0.836250 0.606250 0.077500 0.077500
