4 0.220000 0.475000 0.090000 0.090000
4 0.407500 0.387500 0.090000 0.090000
1 0.597500 0.300000 0.090000 0.090000
0 0.660000 0.270000 0.090000 0.090000
2 0.125000 0.597500 0.090000 0.090000
4 0.312500 0.510000 0.090000 0.090000
1 0.437500 0.450000 0.090000 0.090000
1 0.500000 0.420000 0.090000 0.090000
4 0.750000 0.305000 0.090000 0.090000
4 0.815000 0.275000 0.090000 0.090000
3 0.405000 0.542500 0.090000 0.090000
1 0.467500 0.512500 0.090000 0.090000
4 0.530000 0.485000 0.090000 0.090000
1 0.592500 0.455000 0.090000 0.090000
4 0.717500 0.395000 0.090000 0.090000
1 0.182500 0.722500 0.090000 0.090000
1 0.560000 0.547500 0.090000 0.090000
1 0.685000 0.487500 0.090000 0.090000
3 0.747500 0.457500 0.090000 0.090000
2 0.872500 0.400000 0.090000 0.090000
1 0.275000 0.755000 0.090000 0.090000
3 0.337500 0.727500 0.090000 0.090000
1 0.715000 0.550000 0.090000 0.090000
