4 0.313750 0.426250 0.062500 0.062500
4 0.373750 0.421250 0.062500 0.062500
1 0.431250 0.416250 0.062500 0.062500
4 0.488750 0.411250 0.062500 0.062500
4 0.548750 0.406250 0.062500 0.062500
0 0.666250 0.396250 0.062500 0.062500
4 0.783750 0.386250 0.062500 0.062500
2 0.261250 0.488750 0.062500 0.062500
1 0.318750 0.483750 0.062500 0.062500
3 0.436250 0.473750 0.062500 0.062500
1 0.493750 0.468750 0.062500 0.062500
3 0.148750 0.558750 0.062500 0.062500
1 0.206250 0.553750 0.062500 0.062500
4 0.266250 0.548750 0.062500 0.062500
1 0.323750 0.543750 0.062500 0.062500
4 0.498750 0.528750 0.062500 0.062500
4 0.616250 0.518750 0.062500 0.062500
2 0.793750 0.501250 0.062500 0.062500
1 0.093750 0.621250 0.062500 0.062500
4 0.211250 0.611250 0.062500 0.062500
1 0.271250 0.606250 0.062500 0.062500
2 0.388750 0.596250 0.062500 0.062500
2 0.446250 0.591250 0.062500 0.062500
2 0.506250 0.586250 0.062500 0.062500
2 0.621250 0.576250 0.062500 0.062500
4 0.681250 0.571250 0.062500 0.062500
