4 0.302500 0.342500 0.070000 0.070000
0 0.412500 0.377500 0.070000 0.070000
1 0.470000 0.397500 0.070000 0.070000
4 0.635000 0.450000 0.070000 0.070000
1 0.745000 0.485000 0.070000 0.070000
2 0.800000 0.502500 0.070000 0.070000
1 0.910000 0.537500 0.070000 0.070000
4 0.120000 0.347500 0.070000 0.070000
4 0.230000 0.382500 0.070000 0.070000
3 0.395000 0.435000 0.070000 0.070000
4 0.672500 0.522500 0.070000 0.070000
4 0.892500 0.592500 0.070000 0.070000
1 0.102500 0.402500 0.070000 0.070000
3 0.212500 0.437500 0.070000 0.070000
2 0.490000 0.525000 0.070000 0.070000
2 0.600000 0.560000 0.070000 0.070000
1 0.820000 0.630000 0.070000 0.070000
1 0.875000 0.647500 0.070000 0.070000
4 0.140000 0.475000 0.070000 0.070000
1 0.417500 0.562500 0.070000 0.070000
1 0.692500 0.650000 0.070000 0.070000
4 0.802500 0.685000 0.070000 0.070000
