4 0.258750 0.328750 0.077500 0.077500
0 0.108750 0.386250 0.077500 0.077500
4 0.181250 0.393750 0.077500 0.077500
1 0.253750 0.401250 0.077500 0.077500
1 0.323750 0.408750 0.077500 0.077500
4 0.541250 0.428750 0.077500 0.077500
1 0.173750 0.466250 0.077500 0.077500
3 0.246250 0.471250 0.077500 0.077500
4 0.316250 0.478750 0.077500 0.077500
4 0.388750 0.486250 0.077500 0.077500
1 0.461250 0.493750 0.077500 0.077500
0 0.093750 0.531250 0.077500 0.077500
1 0.166250 0.536250 0.077500 0.077500
4 0.311250 0.551250 0.077500 0.077500
4 0.381250 0.558750 0.077500 0.077500
1 0.598750 0.578750 0.077500 0.077500
2 0.671250 0.586250 0.077500 0.077500
3 0.813750 0.601250 0.077500 0.077500
1 0.086250 0.601250 0.077500 0.077500
4 0.158750 0.608750 0.077500 0.077500
0 0.231250 0.616250 0.077500 0.077500
4 0.446250 0.638750 0.077500 0.077500
1 0.663750 0.658750 0.077500 0.077500
3 0.733750 0.666250 0.077500 0.077500
4 0.878750 0.681250 0.077500 0.077500
