1 0.450000 0.305000 0.100000 0.100000
1 0.662500 0.207500 0.100000 0.100000
4 0.132500 0.540000 0.100000 0.100000
4 0.342500 0.442500 0.100000 0.100000
0 0.412500 0.410000 0.100000 0.100000
1 0.485000 0.377500 0.100000 0.100000
4 0.695000 0.277500 0.100000 0.100000
4 0.765000 0.245000 0.100000 0.100000
0 0.377500 0.512500 0.100000 0.100000
4 0.657500 0.380000 0.100000 0.100000
2 0.267500 0.647500 0.100000 0.100000
3 0.410000 0.582500 0.100000 0.100000
1 0.480000 0.550000 0.100000 0.100000
4 0.550000 0.517500 0.100000 0.100000
4 0.690000 0.450000 0.100000 0.100000
4 0.830000 0.385000 0.100000 0.100000
2 0.232500 0.750000 0.100000 0.100000
4 0.302500 0.717500 0.100000 0.100000
1 0.372500 0.685000 0.100000 0.100000
4 0.442500 0.652500 0.100000 0.100000
3 0.652500 0.555000 0.100000 0.100000
0 0.722500 0.522500 0.100000 0.100000
1 0.335000 0.787500 0.100000 0.100000
4 0.405000 0.755000 0.100000 0.100000
1 0.475000 0.722500 0.100000 0.100000
3 0.685000 0.625000 0.100000 0.100000
4 0.825000 0.557500 0.100000 0.100000
