4 0.087500 0.597500 0.075000 0.075000
4 0.672500 0.315000 0.075000 0.075000
1 0.725000 0.290000 0.075000 0.075000
4 0.830000 0.237500 0.075000 0.075000
3 0.272500 0.572500 0.075000 0.075000
1 0.325000 0.547500 0.075000 0.075000
4 0.377500 0.522500 0.075000 0.075000
1 0.485000 0.470000 0.075000 0.075000
4 0.590000 0.420000 0.075000 0.075000
2 0.697500 0.367500 0.075000 0.075000
1 0.750000 0.342500 0.075000 0.075000
4 0.137500 0.702500 0.075000 0.075000
4 0.192500 0.677500 0.075000 0.075000
4 0.297500 0.627500 0.075000 0.075000
2 0.405000 0.575000 0.075000 0.075000
1 0.510000 0.525000 0.075000 0.075000
1 0.617500 0.472500 0.075000 0.075000
0 0.775000 0.395000 0.075000 0.075000
4 0.830000 0.370000 0.075000 0.075000
0 0.430000 0.627500 0.075000 0.075000
1 0.695000 0.500000 0.075000 0.075000
1 0.747500 0.475000 0.075000 0.075000
1 0.802500 0.450000 0.075000 0.075000
