4 0.446250 0.273750 0.097500 0.097500
4 0.746250 0.371250 0.097500 0.097500
0 0.898750 0.418750 0.097500 0.097500
1 0.271250 0.301250 0.097500 0.097500
4 0.421250 0.348750 0.097500 0.097500
3 0.496250 0.373750 0.097500 0.097500
0 0.873750 0.493750 0.097500 0.097500
4 0.171250 0.351250 0.097500 0.097500
3 0.246250 0.376250 0.097500 0.097500
0 0.398750 0.423750 0.097500 0.097500
4 0.473750 0.448750 0.097500 0.097500
1 0.548750 0.473750 0.097500 0.097500
1 0.698750 0.521250 0.097500 0.097500
1 0.773750 0.546250 0.097500 0.097500
4 0.848750 0.571250 0.097500 0.097500
1 0.148750 0.426250 0.097500 0.097500
4 0.298750 0.476250 0.097500 0.097500
1 0.373750 0.498750 0.097500 0.097500
4 0.448750 0.523750 0.097500 0.097500
4 0.673750 0.596250 0.097500 0.097500
1 0.748750 0.621250 0.097500 0.097500
4 0.123750 0.501250 0.097500 0.097500
1 0.498750 0.623750 0.097500 0.097500
1 0.651250 0.671250 0.097500 0.097500
0 0.726250 0.696250 0.097500 0.097500
2 0.801250 0.721250 0.097500 0.097500
4 0.098750 0.578750 0.097500 0.097500
1 0.173750 0.601250 0.097500 0.097500
2 0.476250 0.698750 0.097500 0.097500
1 0.551250 0.723750 0.097500 0.097500
1 0.701250 0.771250 0.097500 0.097500
