1 0.090000 0.427500 0.080000 0.080000
3 0.367500 0.377500 0.080000 0.080000
1 0.507500 0.352500 0.080000 0.080000
2 0.785000 0.300000 0.080000 0.080000
4 0.855000 0.287500 0.080000 0.080000
1 0.102500 0.497500 0.080000 0.080000
1 0.450000 0.435000 0.080000 0.080000
1 0.520000 0.420000 0.080000 0.080000
2 0.730000 0.382500 0.080000 0.080000
1 0.867500 0.357500 0.080000 0.080000
0 0.115000 0.567500 0.080000 0.080000
3 0.255000 0.542500 0.080000 0.080000
1 0.325000 0.530000 0.080000 0.080000
4 0.742500 0.452500 0.080000 0.080000
1 0.880000 0.427500 0.080000 0.080000
2 0.127500 0.637500 0.080000 0.080000
4 0.407500 0.585000 0.080000 0.080000
1 0.895000 0.497500 0.080000 0.080000
4 0.210000 0.692500 0.080000 0.080000
4 0.697500 0.605000 0.080000 0.080000
3 0.767500 0.592500 0.080000 0.080000
1 0.907500 0.565000 0.080000 0.080000
