1 0.135000 0.295000 0.070000 0.070000
3 0.247500 0.327500 0.070000 0.070000
4 0.467500 0.397500 0.070000 0.070000
1 0.635000 0.447500 0.070000 0.070000
1 0.690000 0.465000 0.070000 0.070000
1 0.745000 0.482500 0.070000 0.070000
3 0.800000 0.500000 0.070000 0.070000
1 0.855000 0.515000 0.070000 0.070000
1 0.912500 0.532500 0.070000 0.070000
1 0.120000 0.350000 0.070000 0.070000
1 0.450000 0.452500 0.070000 0.070000
1 0.507500 0.470000 0.070000 0.070000
3 0.562500 0.485000 0.070000 0.070000
1 0.617500 0.502500 0.070000 0.070000
2 0.840000 0.572500 0.070000 0.070000
4 0.102500 0.405000 0.070000 0.070000
4 0.157500 0.422500 0.070000 0.070000
1 0.435000 0.507500 0.070000 0.070000
4 0.490000 0.525000 0.070000 0.070000
0 0.545000 0.542500 0.070000 0.070000
4 0.600000 0.557500 0.070000 0.070000
4 0.655000 0.575000 0.070000 0.070000
2 0.877500 0.645000 0.070000 0.070000
2 0.195000 0.495000 0.070000 0.070000
4 0.307500 0.530000 0.070000 0.070000
1 0.640000 0.630000 0.070000 0.070000
1 0.695000 0.647500 0.070000 0.070000
4 0.805000 0.682500 0.070000 0.070000
