4 0.231250 0.193750 0.097500 0.097500
1 0.378750 0.246250 0.097500 0.097500
2 0.896250 0.428750 0.097500 0.097500
4 0.278750 0.293750 0.097500 0.097500
4 0.426250 0.346250 0.097500 0.097500
1 0.648750 0.426250 0.097500 0.097500
2 0.871250 0.503750 0.097500 0.097500
0 0.251250 0.368750 0.097500 0.097500
4 0.473750 0.446250 0.097500 0.097500
2 0.151250 0.416250 0.097500 0.097500
1 0.298750 0.468750 0.097500 0.097500
2 0.373750 0.493750 0.097500 0.097500
1 0.448750 0.521250 0.097500 0.097500
2 0.818750 0.651250 0.097500 0.097500
3 0.198750 0.516250 0.097500 0.097500
1 0.273750 0.541250 0.097500 0.097500
1 0.348750 0.568750 0.097500 0.097500
1 0.643750 0.673750 0.097500 0.097500
4 0.098750 0.563750 0.097500 0.097500
4 0.246250 0.616250 0.097500 0.097500
0 0.396250 0.668750 0.097500 0.097500
0 0.468750 0.696250 0.097500 0.097500
4 0.618750 0.748750 0.097500 0.097500
