1 0.088750 0.461250 0.082500 0.082500
1 0.223750 0.426250 0.082500 0.082500
2 0.291250 0.406250 0.082500 0.082500
4 0.358750 0.388750 0.082500 0.082500
0 0.493750 0.353750 0.082500 0.082500
4 0.628750 0.316250 0.082500 0.082500
1 0.831250 0.263750 0.082500 0.082500
2 0.176250 0.511250 0.082500 0.082500
1 0.243750 0.491250 0.082500 0.082500
4 0.311250 0.473750 0.082500 0.082500
4 0.378750 0.456250 0.082500 0.082500
1 0.443750 0.438750 0.082500 0.082500
2 0.646250 0.383750 0.082500 0.082500
2 0.848750 0.331250 0.082500 0.082500
1 0.463750 0.506250 0.082500 0.082500
2 0.531250 0.488750 0.082500 0.082500
1 0.733750 0.433750 0.082500 0.082500
4 0.801250 0.416250 0.082500 0.082500
4 0.868750 0.398750 0.082500 0.082500
4 0.143750 0.663750 0.082500 0.082500
4 0.211250 0.646250 0.082500 0.082500
4 0.346250 0.608750 0.082500 0.082500
1 0.413750 0.591250 0.082500 0.082500
1 0.616250 0.536250 0.082500 0.082500
0 0.751250 0.501250 0.082500 0.082500
1 0.818750 0.483750 0.082500 0.082500
3 0.886250 0.463750 0.082500 0.082500
0 0.161250 0.731250 0.082500 0.082500
4 0.633750 0.603750 0.082500 0.082500
0 0.701250 0.586250 0.082500 0.082500
