0 0.088750 0.458750 0.082500 0.082500
1 0.361250 0.388750 0.082500 0.082500
0 0.766250 0.283750 0.082500 0.082500
1 0.243750 0.491250 0.082500 0.082500
4 0.311250 0.473750 0.082500 0.082500
2 0.378750 0.456250 0.082500 0.082500
4 0.446250 0.438750 0.082500 0.082500
4 0.648750 0.386250 0.082500 0.082500
0 0.783750 0.351250 0.082500 0.082500
1 0.261250 0.558750 0.082500 0.082500
0 0.328750 0.541250 0.082500 0.082500
2 0.463750 0.506250 0.082500 0.082500
4 0.666250 0.453750 0.082500 0.082500
0 0.868750 0.401250 0.082500 0.082500
1 0.143750 0.663750 0.082500 0.082500
0 0.413750 0.591250 0.082500 0.082500
4 0.683750 0.521250 0.082500 0.082500
4 0.818750 0.486250 0.082500 0.082500
1 0.431250 0.658750 0.082500 0.082500
0 0.498750 0.641250 0.082500 0.082500
4 0.566250 0.623750 0.082500 0.082500
2 0.768750 0.571250 0.082500 0.082500
0 0.836250 0.553750 0.082500 0.082500
