0 0.223750 0.253750 0.077500 0.077500
4 0.486250 0.391250 0.077500 0.077500
1 0.538750 0.418750 0.077500 0.077500
2 0.591250 0.446250 0.077500 0.077500
1 0.643750 0.473750 0.077500 0.077500
3 0.696250 0.498750 0.077500 0.077500
2 0.908750 0.608750 0.077500 0.077500
1 0.196250 0.306250 0.077500 0.077500
2 0.301250 0.361250 0.077500 0.077500
4 0.616250 0.526250 0.077500 0.077500
1 0.116250 0.331250 0.077500 0.077500
2 0.378750 0.468750 0.077500 0.077500
3 0.483750 0.523750 0.077500 0.077500
1 0.588750 0.578750 0.077500 0.077500
4 0.696250 0.633750 0.077500 0.077500
2 0.141250 0.411250 0.077500 0.077500
1 0.193750 0.438750 0.077500 0.077500
1 0.616250 0.658750 0.077500 0.077500
0 0.668750 0.686250 0.077500 0.077500
1 0.721250 0.713750 0.077500 0.077500
3 0.826250 0.766250 0.077500 0.077500
