4 0.315000 0.287500 0.085000 0.085000
4 0.642500 0.400000 0.085000 0.085000
4 0.707500 0.422500 0.085000 0.085000
1 0.225000 0.330000 0.085000 0.085000
3 0.357500 0.375000 0.085000 0.085000
1 0.487500 0.420000 0.085000 0.085000
1 0.620000 0.467500 0.085000 0.085000
3 0.685000 0.490000 0.085000 0.085000
1 0.202500 0.397500 0.085000 0.085000
1 0.267500 0.420000 0.085000 0.085000
2 0.465000 0.487500 0.085000 0.085000
1 0.530000 0.510000 0.085000 0.085000
2 0.662500 0.555000 0.085000 0.085000
4 0.377500 0.530000 0.085000 0.085000
4 0.442500 0.552500 0.085000 0.085000
4 0.572500 0.597500 0.085000 0.085000
4 0.705000 0.642500 0.085000 0.085000
4 0.770000 0.665000 0.085000 0.085000
3 0.092500 0.505000 0.085000 0.085000
3 0.157500 0.527500 0.085000 0.085000
1 0.290000 0.572500 0.085000 0.085000
3 0.682500 0.707500 0.085000 0.085000
1 0.747500 0.730000 0.085000 0.085000
