2 0.140000 0.555000 0.075000 0.075000
4 0.195000 0.530000 0.075000 0.075000
1 0.302500 0.485000 0.075000 0.075000
1 0.355000 0.462500 0.075000 0.075000
4 0.517500 0.392500 0.075000 0.075000
0 0.570000 0.370000 0.075000 0.075000
0 0.732500 0.302500 0.075000 0.075000
4 0.785000 0.280000 0.075000 0.075000
2 0.162500 0.607500 0.075000 0.075000
4 0.217500 0.585000 0.075000 0.075000
4 0.325000 0.540000 0.075000 0.075000
2 0.485000 0.470000 0.075000 0.075000
0 0.755000 0.355000 0.075000 0.075000
1 0.862500 0.310000 0.075000 0.075000
4 0.455000 0.547500 0.075000 0.075000
4 0.507500 0.525000 0.075000 0.075000
4 0.562500 0.502500 0.075000 0.075000
1 0.777500 0.410000 0.075000 0.075000
4 0.832500 0.387500 0.075000 0.075000
2 0.885000 0.365000 0.075000 0.075000
2 0.317500 0.670000 0.075000 0.075000
4 0.425000 0.625000 0.075000 0.075000
1 0.477500 0.600000 0.075000 0.075000
4 0.692500 0.510000 0.075000 0.075000
0 0.747500 0.487500 0.075000 0.075000
4 0.855000 0.440000 0.075000 0.075000
