1 0.345000 0.417500 0.090000 0.090000
0 0.407500 0.387500 0.090000 0.090000
4 0.472500 0.357500 0.090000 0.090000
3 0.535000 0.330000 0.090000 0.090000
0 0.312500 0.510000 0.090000 0.090000
1 0.500000 0.420000 0.090000 0.090000
4 0.562500 0.392500 0.090000 0.090000
1 0.815000 0.275000 0.090000 0.090000
4 0.152500 0.660000 0.090000 0.090000
0 0.405000 0.542500 0.090000 0.090000
4 0.717500 0.395000 0.090000 0.090000
4 0.780000 0.367500 0.090000 0.090000
0 0.370000 0.635000 0.090000 0.090000
4 0.497500 0.575000 0.090000 0.090000
4 0.275000 0.755000 0.090000 0.090000
4 0.337500 0.727500 0.090000 0.090000
1 0.587500 0.610000 0.090000 0.090000
1 0.650000 0.580000 0.090000 0.090000
1 0.715000 0.550000 0.090000 0.090000
1 0.777500 0.522500 0.090000 0.090000
