4 0.087500 0.625000 0.080000 0.080000
1 0.297500 0.507500 0.080000 0.080000
1 0.350000 0.480000 0.080000 0.080000
4 0.402500 0.450000 0.080000 0.080000
1 0.505000 0.390000 0.080000 0.080000
4 0.557500 0.362500 0.080000 0.080000
2 0.610000 0.332500 0.080000 0.080000
4 0.662500 0.302500 0.080000 0.080000
2 0.715000 0.275000 0.080000 0.080000
4 0.117500 0.677500 0.080000 0.080000
1 0.222500 0.620000 0.080000 0.080000
1 0.275000 0.590000 0.080000 0.080000
4 0.327500 0.560000 0.080000 0.080000
4 0.482500 0.472500 0.080000 0.080000
2 0.535000 0.442500 0.080000 0.080000
1 0.640000 0.385000 0.080000 0.080000
4 0.795000 0.297500 0.080000 0.080000
1 0.847500 0.267500 0.080000 0.080000
4 0.302500 0.642500 0.080000 0.080000
3 0.512500 0.525000 0.080000 0.080000
4 0.772500 0.377500 0.080000 0.080000
4 0.177500 0.782500 0.080000 0.080000
4 0.230000 0.752500 0.080000 0.080000
1 0.280000 0.722500 0.080000 0.080000
4 0.332500 0.695000 0.080000 0.080000
1 0.697500 0.490000 0.080000 0.080000
1 0.750000 0.460000 0.080000 0.080000
1 0.905000 0.372500 0.080000 0.080000
