4 0.088750 0.461250 0.082500 0.082500
1 0.223750 0.426250 0.082500 0.082500
1 0.291250 0.406250 0.082500 0.082500
4 0.426250 0.371250 0.082500 0.082500
4 0.493750 0.353750 0.082500 0.082500
4 0.628750 0.316250 0.082500 0.082500
3 0.696250 0.298750 0.082500 0.082500
4 0.763750 0.281250 0.082500 0.082500
1 0.176250 0.511250 0.082500 0.082500
2 0.311250 0.473750 0.082500 0.082500
4 0.378750 0.456250 0.082500 0.082500
4 0.511250 0.421250 0.082500 0.082500
4 0.126250 0.596250 0.082500 0.082500
4 0.261250 0.561250 0.082500 0.082500
3 0.396250 0.523750 0.082500 0.082500
4 0.463750 0.506250 0.082500 0.082500
2 0.666250 0.451250 0.082500 0.082500
1 0.733750 0.433750 0.082500 0.082500
4 0.798750 0.416250 0.082500 0.082500
1 0.346250 0.608750 0.082500 0.082500
2 0.616250 0.536250 0.082500 0.082500
3 0.683750 0.518750 0.082500 0.082500
1 0.818750 0.483750 0.082500 0.082500
1 0.161250 0.731250 0.082500 0.082500
1 0.431250 0.658750 0.082500 0.082500
4 0.498750 0.641250 0.082500 0.082500
1 0.633750 0.603750 0.082500 0.082500
1 0.701250 0.586250 0.082500 0.082500
4 0.836250 0.551250 0.082500 0.082500
