4 0.093750 0.513750 0.087500 0.087500
4 0.158750 0.488750 0.087500 0.087500
4 0.286250 0.436250 0.087500 0.087500
4 0.413750 0.383750 0.087500 0.087500
0 0.478750 0.356250 0.087500 0.087500
1 0.606250 0.303750 0.087500 0.087500
4 0.733750 0.251250 0.087500 0.087500
2 0.798750 0.226250 0.087500 0.087500
1 0.183750 0.551250 0.087500 0.087500
4 0.376250 0.473750 0.087500 0.087500
0 0.438750 0.446250 0.087500 0.087500
2 0.503750 0.421250 0.087500 0.087500
1 0.568750 0.393750 0.087500 0.087500
1 0.631250 0.368750 0.087500 0.087500
4 0.696250 0.341250 0.087500 0.087500
4 0.401250 0.536250 0.087500 0.087500
1 0.531250 0.486250 0.087500 0.087500
2 0.593750 0.458750 0.087500 0.087500
4 0.658750 0.433750 0.087500 0.087500
4 0.786250 0.381250 0.087500 0.087500
2 0.301250 0.653750 0.087500 0.087500
1 0.491250 0.576250 0.087500 0.087500
2 0.556250 0.548750 0.087500 0.087500
3 0.198750 0.771250 0.087500 0.087500
4 0.453750 0.666250 0.087500 0.087500
4 0.518750 0.638750 0.087500 0.087500
4 0.583750 0.613750 0.087500 0.087500
4 0.838750 0.508750 0.087500 0.087500
