2 0.092500 0.475000 0.085000 0.085000
0 0.290000 0.415000 0.085000 0.085000
2 0.177500 0.522500 0.085000 0.085000
1 0.445000 0.440000 0.085000 0.085000
1 0.510000 0.420000 0.085000 0.085000
4 0.777500 0.340000 0.085000 0.085000
0 0.132500 0.607500 0.085000 0.085000
4 0.330000 0.547500 0.085000 0.085000
4 0.597500 0.467500 0.085000 0.085000
2 0.662500 0.447500 0.085000 0.085000
1 0.862500 0.387500 0.085000 0.085000
0 0.217500 0.655000 0.085000 0.085000
4 0.352500 0.615000 0.085000 0.085000
4 0.417500 0.595000 0.085000 0.085000
4 0.485000 0.575000 0.085000 0.085000
3 0.550000 0.555000 0.085000 0.085000
1 0.750000 0.492500 0.085000 0.085000
4 0.817500 0.472500 0.085000 0.085000
3 0.172500 0.742500 0.085000 0.085000
0 0.570000 0.620000 0.085000 0.085000
2 0.637500 0.600000 0.085000 0.085000
4 0.770000 0.560000 0.085000 0.085000
4 0.902500 0.520000 0.085000 0.085000
