4 0.323750 0.346250 0.097500 0.097500
2 0.398750 0.321250 0.097500 0.097500
1 0.473750 0.298750 0.097500 0.097500
4 0.551250 0.273750 0.097500 0.097500
4 0.626250 0.248750 0.097500 0.097500
4 0.776250 0.201250 0.097500 0.097500
4 0.348750 0.421250 0.097500 0.097500
1 0.498750 0.373750 0.097500 0.097500
4 0.146250 0.568750 0.097500 0.097500
1 0.221250 0.546250 0.097500 0.097500
1 0.448750 0.473750 0.097500 0.097500
3 0.673750 0.401250 0.097500 0.097500
3 0.623750 0.501250 0.097500 0.097500
1 0.698750 0.476250 0.097500 0.097500
0 0.773750 0.451250 0.097500 0.097500
0 0.193750 0.721250 0.097500 0.097500
4 0.268750 0.696250 0.097500 0.097500
1 0.421250 0.648750 0.097500 0.097500
4 0.646250 0.576250 0.097500 0.097500
2 0.721250 0.551250 0.097500 0.097500
4 0.218750 0.796250 0.097500 0.097500
1 0.368750 0.746250 0.097500 0.097500
4 0.596250 0.676250 0.097500 0.097500
2 0.896250 0.578750 0.097500 0.097500
