4 0.126250 0.311250 0.067500 0.067500
4 0.461250 0.398750 0.067500 0.067500
0 0.631250 0.443750 0.067500 0.067500
1 0.911250 0.516250 0.067500 0.067500
1 0.223750 0.396250 0.067500 0.067500
0 0.448750 0.456250 0.067500 0.067500
1 0.783750 0.543750 0.067500 0.067500
1 0.153750 0.438750 0.067500 0.067500
4 0.208750 0.451250 0.067500 0.067500
1 0.321250 0.481250 0.067500 0.067500
4 0.376250 0.496250 0.067500 0.067500
0 0.656250 0.568750 0.067500 0.067500
1 0.081250 0.478750 0.067500 0.067500
0 0.306250 0.538750 0.067500 0.067500
3 0.418750 0.566250 0.067500 0.067500
4 0.473750 0.581250 0.067500 0.067500
1 0.531250 0.596250 0.067500 0.067500
1 0.586250 0.611250 0.067500 0.067500
2 0.643750 0.626250 0.067500 0.067500
1 0.866250 0.683750 0.067500 0.067500
