3 0.141250 0.591250 0.077500 0.077500
4 0.193750 0.561250 0.077500 0.077500
2 0.298750 0.503750 0.077500 0.077500
4 0.351250 0.476250 0.077500 0.077500
4 0.453750 0.418750 0.077500 0.077500
0 0.611250 0.331250 0.077500 0.077500
4 0.663750 0.303750 0.077500 0.077500
1 0.536250 0.441250 0.077500 0.077500
0 0.743750 0.326250 0.077500 0.077500
0 0.796250 0.298750 0.077500 0.077500
1 0.848750 0.268750 0.077500 0.077500
2 0.146250 0.723750 0.077500 0.077500
4 0.356250 0.608750 0.077500 0.077500
1 0.406250 0.578750 0.077500 0.077500
4 0.563750 0.493750 0.077500 0.077500
4 0.616250 0.466250 0.077500 0.077500
4 0.878750 0.321250 0.077500 0.077500
1 0.226250 0.746250 0.077500 0.077500
0 0.278750 0.718750 0.077500 0.077500
4 0.331250 0.688750 0.077500 0.077500
4 0.383750 0.661250 0.077500 0.077500
4 0.436250 0.631250 0.077500 0.077500
1 0.698750 0.488750 0.077500 0.077500
1 0.853750 0.403750 0.077500 0.077500
