0 0.100000 0.477500 0.100000 0.100000
4 0.167500 0.442500 0.100000 0.100000
1 0.237500 0.410000 0.100000 0.100000
1 0.377500 0.340000 0.100000 0.100000
1 0.447500 0.307500 0.100000 0.100000
2 0.515000 0.272500 0.100000 0.100000
4 0.655000 0.205000 0.100000 0.100000
4 0.725000 0.170000 0.100000 0.100000
3 0.132500 0.547500 0.100000 0.100000
1 0.342500 0.445000 0.100000 0.100000
4 0.757500 0.240000 0.100000 0.100000
4 0.167500 0.615000 0.100000 0.100000
1 0.237500 0.582500 0.100000 0.100000
4 0.305000 0.547500 0.100000 0.100000
4 0.375000 0.515000 0.100000 0.100000
4 0.515000 0.445000 0.100000 0.100000
0 0.652500 0.377500 0.100000 0.100000
1 0.340000 0.617500 0.100000 0.100000
1 0.410000 0.582500 0.100000 0.100000
1 0.480000 0.550000 0.100000 0.100000
3 0.547500 0.515000 0.100000 0.100000
4 0.827500 0.380000 0.100000 0.100000
4 0.442500 0.652500 0.100000 0.100000
1 0.512500 0.620000 0.100000 0.100000
4 0.652500 0.550000 0.100000 0.100000
3 0.722500 0.517500 0.100000 0.100000
1 0.790000 0.482500 0.100000 0.100000
4 0.860000 0.450000 0.100000 0.100000
3 0.477500 0.722500 0.100000 0.100000
1 0.755000 0.587500 0.100000 0.100000
1 0.895000 0.517500 0.100000 0.100000
