3 0.167500 0.355000 0.065000 0.065000
1 0.625000 0.430000 0.065000 0.065000
1 0.682500 0.440000 0.065000 0.065000
1 0.855000 0.467500 0.065000 0.065000
3 0.157500 0.410000 0.065000 0.065000
4 0.215000 0.420000 0.065000 0.065000
3 0.617500 0.487500 0.065000 0.065000
4 0.732500 0.507500 0.065000 0.065000
4 0.090000 0.460000 0.065000 0.065000
4 0.435000 0.515000 0.065000 0.065000
1 0.550000 0.535000 0.065000 0.065000
2 0.607500 0.545000 0.065000 0.065000
1 0.722500 0.565000 0.065000 0.065000
3 0.837500 0.582500 0.065000 0.065000
3 0.895000 0.592500 0.065000 0.065000
4 0.080000 0.517500 0.065000 0.065000
4 0.425000 0.572500 0.065000 0.065000
4 0.482500 0.582500 0.065000 0.065000
1 0.597500 0.602500 0.065000 0.065000
2 0.712500 0.622500 0.065000 0.065000
1 0.770000 0.630000 0.065000 0.065000
