1 0.262500 0.400000 0.060000 0.060000
0 0.382500 0.405000 0.060000 0.060000
4 0.560000 0.410000 0.060000 0.060000
3 0.857500 0.420000 0.060000 0.060000
4 0.915000 0.422500 0.060000 0.060000
1 0.260000 0.460000 0.060000 0.060000
1 0.380000 0.462500 0.060000 0.060000
1 0.557500 0.470000 0.060000 0.060000
3 0.677500 0.472500 0.060000 0.060000
0 0.795000 0.477500 0.060000 0.060000
2 0.140000 0.515000 0.060000 0.060000
2 0.200000 0.517500 0.060000 0.060000
2 0.317500 0.520000 0.060000 0.060000
2 0.437500 0.525000 0.060000 0.060000
1 0.497500 0.527500 0.060000 0.060000
3 0.555000 0.530000 0.060000 0.060000
2 0.615000 0.530000 0.060000 0.060000
4 0.137500 0.575000 0.060000 0.060000
2 0.257500 0.577500 0.060000 0.060000
4 0.435000 0.585000 0.060000 0.060000
4 0.552500 0.587500 0.060000 0.060000
1 0.732500 0.595000 0.060000 0.060000
4 0.850000 0.597500 0.060000 0.060000
