1 0.175000 0.370000 0.095000 0.095000
0 0.255000 0.350000 0.095000 0.095000
1 0.332500 0.332500 0.095000 0.095000
3 0.410000 0.312500 0.095000 0.095000
1 0.565000 0.272500 0.095000 0.095000
0 0.117500 0.467500 0.095000 0.095000
0 0.352500 0.410000 0.095000 0.095000
4 0.507500 0.370000 0.095000 0.095000
4 0.665000 0.330000 0.095000 0.095000
4 0.742500 0.310000 0.095000 0.095000
1 0.820000 0.292500 0.095000 0.095000
4 0.292500 0.507500 0.095000 0.095000
2 0.527500 0.447500 0.095000 0.095000
4 0.682500 0.407500 0.095000 0.095000
4 0.312500 0.585000 0.095000 0.095000
4 0.390000 0.565000 0.095000 0.095000
0 0.470000 0.545000 0.095000 0.095000
4 0.177500 0.702500 0.095000 0.095000
0 0.410000 0.642500 0.095000 0.095000
2 0.487500 0.625000 0.095000 0.095000
4 0.722500 0.565000 0.095000 0.095000
2 0.430000 0.722500 0.095000 0.095000
0 0.587500 0.682500 0.095000 0.095000
2 0.665000 0.662500 0.095000 0.095000
3 0.742500 0.642500 0.095000 0.095000
