4 0.236250 0.341250 0.067500 0.067500
4 0.348750 0.371250 0.067500 0.067500
4 0.406250 0.386250 0.067500 0.067500
0 0.461250 0.398750 0.067500 0.067500
1 0.518750 0.413750 0.067500 0.067500
4 0.631250 0.441250 0.067500 0.067500
1 0.798750 0.483750 0.067500 0.067500
4 0.111250 0.368750 0.067500 0.067500
1 0.223750 0.398750 0.067500 0.067500
2 0.278750 0.413750 0.067500 0.067500
4 0.336250 0.426250 0.067500 0.067500
1 0.448750 0.456250 0.067500 0.067500
1 0.841250 0.556250 0.067500 0.067500
2 0.153750 0.441250 0.067500 0.067500
4 0.263750 0.468750 0.067500 0.067500
4 0.376250 0.496250 0.067500 0.067500
4 0.658750 0.568750 0.067500 0.067500
1 0.713750 0.583750 0.067500 0.067500
4 0.771250 0.596250 0.067500 0.067500
3 0.826250 0.611250 0.067500 0.067500
4 0.883750 0.626250 0.067500 0.067500
4 0.138750 0.496250 0.067500 0.067500
4 0.306250 0.538750 0.067500 0.067500
1 0.418750 0.568750 0.067500 0.067500
4 0.476250 0.581250 0.067500 0.067500
1 0.531250 0.596250 0.067500 0.067500
3 0.643750 0.623750 0.067500 0.067500
3 0.868750 0.681250 0.067500 0.067500
