4 0.096250 0.353750 0.092500 0.092500
4 0.176250 0.341250 0.092500 0.092500
2 0.421250 0.298750 0.092500 0.092500
1 0.503750 0.286250 0.092500 0.092500
4 0.666250 0.258750 0.092500 0.092500
2 0.831250 0.231250 0.092500 0.092500
2 0.191250 0.421250 0.092500 0.092500
4 0.271250 0.408750 0.092500 0.092500
4 0.353750 0.393750 0.092500 0.092500
4 0.843750 0.313750 0.092500 0.092500
1 0.366250 0.476250 0.092500 0.092500
1 0.613750 0.436250 0.092500 0.092500
0 0.858750 0.393750 0.092500 0.092500
1 0.136250 0.598750 0.092500 0.092500
2 0.463750 0.543750 0.092500 0.092500
4 0.626250 0.516250 0.092500 0.092500
4 0.871250 0.476250 0.092500 0.092500
4 0.313750 0.653750 0.092500 0.092500
3 0.393750 0.638750 0.092500 0.092500
4 0.476250 0.626250 0.092500 0.092500
4 0.721250 0.586250 0.092500 0.092500
0 0.163750 0.763750 0.092500 0.092500
4 0.408750 0.721250 0.092500 0.092500
1 0.491250 0.708750 0.092500 0.092500
1 0.571250 0.693750 0.092500 0.092500
2 0.816250 0.653750 0.092500 0.092500
