2 0.138750 0.501250 0.067500 0.067500
1 0.193750 0.486250 0.067500 0.067500
4 0.306250 0.456250 0.067500 0.067500
4 0.473750 0.411250 0.067500 0.067500
4 0.531250 0.398750 0.067500 0.067500
4 0.643750 0.368750 0.067500 0.067500
1 0.753750 0.338750 0.067500 0.067500
2 0.811250 0.323750 0.067500 0.067500
0 0.866250 0.308750 0.067500 0.067500
1 0.153750 0.556250 0.067500 0.067500
1 0.266250 0.526250 0.067500 0.067500
4 0.546250 0.453750 0.067500 0.067500
4 0.656250 0.423750 0.067500 0.067500
4 0.826250 0.381250 0.067500 0.067500
1 0.881250 0.366250 0.067500 0.067500
4 0.168750 0.613750 0.067500 0.067500
4 0.278750 0.583750 0.067500 0.067500
4 0.558750 0.508750 0.067500 0.067500
4 0.838750 0.436250 0.067500 0.067500
1 0.293750 0.638750 0.067500 0.067500
4 0.351250 0.623750 0.067500 0.067500
2 0.743750 0.521250 0.067500 0.067500
4 0.798750 0.506250 0.067500 0.067500
1 0.853750 0.491250 0.067500 0.067500
