1 0.331250 0.256250 0.092500 0.092500
4 0.573750 0.301250 0.092500 0.092500
1 0.656250 0.316250 0.092500 0.092500
3 0.736250 0.331250 0.092500 0.092500
1 0.898750 0.363750 0.092500 0.092500
4 0.156250 0.306250 0.092500 0.092500
1 0.236250 0.321250 0.092500 0.092500
1 0.316250 0.338750 0.092500 0.092500
4 0.641250 0.398750 0.092500 0.092500
2 0.801250 0.428750 0.092500 0.092500
4 0.883750 0.443750 0.092500 0.092500
1 0.301250 0.418750 0.092500 0.092500
4 0.383750 0.433750 0.092500 0.092500
4 0.463750 0.448750 0.092500 0.092500
4 0.706250 0.493750 0.092500 0.092500
1 0.868750 0.523750 0.092500 0.092500
1 0.368750 0.513750 0.092500 0.092500
4 0.448750 0.528750 0.092500 0.092500
1 0.528750 0.543750 0.092500 0.092500
2 0.611250 0.558750 0.092500 0.092500
0 0.691250 0.573750 0.092500 0.092500
1 0.853750 0.606250 0.092500 0.092500
4 0.433750 0.611250 0.092500 0.092500
2 0.596250 0.641250 0.092500 0.092500
4 0.676250 0.656250 0.092500 0.092500
4 0.096250 0.631250 0.092500 0.092500
2 0.176250 0.646250 0.092500 0.092500
1 0.338750 0.676250 0.092500 0.092500
3 0.578750 0.721250 0.092500 0.092500
1 0.661250 0.736250 0.092500 0.092500
1 0.741250 0.751250 0.092500 0.092500
