1 0.195000 0.492500 0.070000 0.070000
4 0.417500 0.430000 0.070000 0.070000
2 0.530000 0.400000 0.070000 0.070000
1 0.585000 0.385000 0.070000 0.070000
2 0.752500 0.337500 0.070000 0.070000
1 0.810000 0.322500 0.070000 0.070000
1 0.155000 0.562500 0.070000 0.070000
2 0.322500 0.517500 0.070000 0.070000
1 0.545000 0.455000 0.070000 0.070000
1 0.602500 0.440000 0.070000 0.070000
2 0.712500 0.410000 0.070000 0.070000
2 0.880000 0.362500 0.070000 0.070000
4 0.392500 0.557500 0.070000 0.070000
4 0.450000 0.542500 0.070000 0.070000
4 0.505000 0.527500 0.070000 0.070000
4 0.560000 0.510000 0.070000 0.070000
1 0.672500 0.480000 0.070000 0.070000
1 0.727500 0.465000 0.070000 0.070000
0 0.785000 0.450000 0.070000 0.070000
2 0.840000 0.435000 0.070000 0.070000
2 0.185000 0.675000 0.070000 0.070000
2 0.242500 0.660000 0.070000 0.070000
0 0.297500 0.645000 0.070000 0.070000
4 0.410000 0.612500 0.070000 0.070000
3 0.577500 0.567500 0.070000 0.070000
1 0.632500 0.552500 0.070000 0.070000
1 0.687500 0.535000 0.070000 0.070000
4 0.745000 0.520000 0.070000 0.070000
1 0.855000 0.490000 0.070000 0.070000
