4 0.182500 0.222500 0.095000 0.095000
1 0.342500 0.255000 0.095000 0.095000
4 0.422500 0.272500 0.095000 0.095000
0 0.660000 0.325000 0.095000 0.095000
4 0.820000 0.357500 0.095000 0.095000
1 0.900000 0.375000 0.095000 0.095000
1 0.165000 0.300000 0.095000 0.095000
1 0.405000 0.352500 0.095000 0.095000
1 0.485000 0.370000 0.095000 0.095000
0 0.565000 0.387500 0.095000 0.095000
1 0.722500 0.420000 0.095000 0.095000
1 0.802500 0.437500 0.095000 0.095000
1 0.387500 0.432500 0.095000 0.095000
2 0.467500 0.450000 0.095000 0.095000
4 0.627500 0.482500 0.095000 0.095000
4 0.865000 0.535000 0.095000 0.095000
4 0.132500 0.460000 0.095000 0.095000
3 0.690000 0.580000 0.095000 0.095000
4 0.770000 0.597500 0.095000 0.095000
4 0.847500 0.615000 0.095000 0.095000
1 0.352500 0.590000 0.095000 0.095000
4 0.432500 0.607500 0.095000 0.095000
4 0.512500 0.625000 0.095000 0.095000
2 0.672500 0.660000 0.095000 0.095000
0 0.752500 0.677500 0.095000 0.095000
1 0.097500 0.620000 0.095000 0.095000
0 0.177500 0.637500 0.095000 0.095000
0 0.257500 0.655000 0.095000 0.095000
1 0.415000 0.687500 0.095000 0.095000
4 0.575000 0.722500 0.095000 0.095000
4 0.655000 0.740000 0.095000 0.095000
